date,,1,2,3,4,5,6,7,8,9,10,11,12,13,14,15,16,17,18,19,20,21,22,23,24,25,26,27,28,29,30,31,32,33,34,35,36,37,38,39,40,41,42,43,44,45,46,47,48
,,0:00,0:30,1:00,1:30,2:00,2:30,3:00,3:30,4:00,4:30,5:00,5:30,6:00,6:30,7:00,7:30,8:00,8:30,9:00,9:30,10:00,10:30,11:00,11:30,12:00,12:30,13:00,13:30,14:00,14:30,15:00,15:30,16:00,16:30,17:00,17:30,18:00,18:30,19:00,19:30,20:00,20:30,21:00,21:30,22:00,22:30,23:00,23:30
12/14/2022,47.5115,1.1782,1.194,1.0004,1.2256,1.4152,1.111,1.4784,0.9292,1.5891,1.356,1.352,0.6724,0.787,0.7356,0.7238,1.0991,0.8818,1.111,0.8463,1.111,0.6368,0.7712,1.1426,1.2019,0.9845,0.9964,1.0952,0.6171,1.4034,0.8463,0.7277,0.7909,0.7238,0.6606,0.5894,0.7514,0.6171,0.6171,3.2648,0.5692,1.1742,0.6606,0.5776,0.787,0.7554,1.1268,0.9095,0.7159
12/13/2022,68.9443,1.0991,1.8061,1.7939,1.9219,3.1834,1.5745,2.4825,1.7146,1.7634,1.1174,2.4033,1.5928,1.1113,1.1357,1.3916,0.8858,1.3734,1.0443,1.3063,1.4038,1.0808,1.0199,1.0382,1.4465,1.3795,0.9955,0.9894,0.831,1.9158,1.154,0.6725,1.1479,0.7822,0.6603,0.9468,1.2332,1.2758,1.3307,6.4125,0.9781,0.9589,1.2149,1.1905,0.8005,1.0199,1.6537,1.3368,1.3734
12/12/2022,92.3827,2.1328,1.4999,1.1793,3.0948,4.0145,2.6644,3.4154,2.0737,2.6053,2.4028,2.4703,2.0062,1.8374,1.2215,1.5505,1.4999,2.0147,1.4155,1.9471,1.8543,1.2636,1.0864,2.1834,1.4999,1.4915,1.2805,1.289,1.2215,1.2468,1.3818,1.2721,1.0696,0.9683,1.4493,1.3565,1.2721,1.289,2.1159,10.0917,1.4561,1.8374,1.1877,1.8712,1.4408,1.6771,2.1243,1.2721,1.7868
12/11/2022,11.2967,0.2504,0.2461,0.258,0.2692,0.3295,0.2481,0.2692,0.2728,0.2046,0.2507,0.225,0.2448,0.2052,0.2066,0.2052,0.229,0.2441,0.2161,0.2349,0.2188,0.2227,0.2184,0.2435,0.2036,0.2062,0.2089,0.2079,0.2003,0.2491,0.2148,0.2026,0.2013,0.194,0.2132,0.2016,0.2221,0.2181,0.2174,0.6026,0.2233,0.2033,0.2016,0.2079,0.2352,0.2451,0.2392,0.2461,0.2184
12/10/2022,57.0136,1.4606,1.3185,1.044,2.0929,2.4115,1.6273,1.593,2.039,1.3381,1.7106,1.9606,1.0293,0.745,0.7842,0.8529,1.1714,0.8872,0.8185,1.0342,1.044,0.8283,1.1371,1.4165,1.2205,1.0783,1.0538,0.8529,0.7401,1.7547,1.0881,0.8332,0.8627,0.5735,0.7254,0.6519,0.8823,1.0489,0.995,3.5024,0.6001,0.9999,0.9068,0.7744,0.8725,1.1763,1.0146,1.2352,1.2254
12/9/2022,56.802,0.8645,1.5038,0.8645,2.0553,1.2891,1.7039,0.9768,2.1188,1.6795,1.3428,1.8503,1.4502,1.089,1.0549,0.9377,0.7865,0.7523,1.3672,0.9231,1.3428,1.1427,0.8645,1.0207,0.7718,0.6059,0.7718,1.2354,0.7133,0.9426,1.05,0.6352,0.5815,0.7181,0.8304,0.6644,0.9377,1.3428,0.7084,5.9283,0.9152,1.416,0.9085,1.0646,1.3135,0.928,0.8841,1.1818,0.7718
12/8/2022,75.8066,1.4821,1.4075,2.0517,2.2212,1.6855,1.8957,2.6145,2.3907,1.6245,1.3668,2.2077,1.7601,1.5635,1.5228,1.0956,1.3194,1.2312,1.2448,1.4347,1.6042,1.0346,1.2041,1.3058,0.9532,1.5025,0.8719,2.2551,0.9803,1.6855,1.2719,0.7634,1.0888,1.0956,1.1566,1.0821,1.0414,1.4957,1.7398,9.1562,1.3346,1.0888,1.1363,1.0685,0.8651,1.5025,0.9532,1.0617,1.3872
12/7/2022,56.6965,1.4377,1.2672,1.1357,1.6617,1.8077,1.7104,1.5058,1.3695,1.5935,1.1893,1.1114,1.0091,0.8095,1.1357,1.1016,0.9166,1.3062,1.3208,1.2623,0.9166,1.1114,1.2623,0.7802,0.7802,0.639,1.0237,1.7104,0.8387,1.7347,1.0383,0.7072,0.8922,0.5173,0.9117,0.7169,0.9069,1.1357,1.1747,3.942,0.6572,1.0627,1.2818,1.0529,1.3159,1.3597,0.9507,0.8533,0.7705
12/6/2022,56.2743,1.0453,0.9149,0.8522,1.7211,2.6528,1.1853,0.968,1.0453,0.7073,1.4942,2.0011,0.8039,0.8135,0.7508,0.857,1.3301,0.9535,1.0984,1.0742,1.2866,1.0646,0.9535,1.1032,1.2625,1.0984,0.6735,1.6873,0.7025,1.2528,0.9535,0.7604,0.9004,0.8087,0.7315,0.6591,0.9825,0.7894,1.1418,5.4559,0.8538,0.9632,1.5183,1.3446,1.1032,1.2963,0.7942,0.7315,1.1322
12/5/2022,61.131,1.2399,0.9796,1.1708,2.0634,1.3249,1.6065,1.2505,2.3132,1.1496,1.564,1.0593,0.8255,1.0061,1.0593,1.3143,1.2505,1.3462,0.9158,1.224,0.9052,1.1018,1.1708,1.6331,1.5746,1.2399,1.1071,0.7989,0.9052,1.7659,1.2452,0.8414,0.9477,0.8042,0.9318,0.8627,0.9849,1.208,0.8839,5.7341,0.89,1.3409,0.9371,1.3356,0.9583,0.8999,0.868,1.309,1.2824
12/4/2022,59.2306,0.9402,1.2118,1.2579,2.0366,2.2876,1.4884,2.1954,1.3398,1.4372,1.2169,1.2476,1.3142,0.7456,0.8275,1.2118,1.14,0.9146,1.4577,1.1862,1.3091,0.9915,1.0222,1.3194,1.263,0.8019,1.0325,0.7558,0.8122,0.8839,0.971,0.8224,0.638,0.9095,0.9198,0.8275,0.8173,0.8429,0.8583,6.0609,0.9324,1.1452,0.7148,1.4064,1.345,1.345,1.0888,0.7661,1.1708
12/3/2022,85.2037,1.5332,1.4174,1.649,1.9423,3.5482,2.5214,2.1354,2.421,1.0159,2.3592,1.7879,1.3479,1.5718,1.6104,1.9578,2.0427,1.5177,2.0582,1.703,1.3324,1.317,1.6413,1.5872,1.1008,1.7493,1.2784,1.4174,1.0854,1.1935,1.6876,1.1858,1.4482,1.1317,0.9078,0.9619,1.371,1.649,1.4637,9.664,1.4006,2.1276,1.6104,0.9233,1.6104,2.0041,1.0468,1.8034,1.3633
12/2/2022,74.3284,1.2346,1.6922,1.5994,2.1499,1.9045,2.853,1.931,2.3754,1.2478,1.8846,1.805,0.9958,1.2478,1.4269,1.0886,1.2147,1.6392,1.6126,1.2279,1.2213,1.0356,1.3937,1.6325,1.8116,1.4468,1.1351,1.407,0.9626,1.48,1.4136,0.7305,0.9029,1.1881,0.8101,0.9294,1.3341,1.533,1.5728,6.3186,0.9659,1.8249,1.5131,1.4932,1.1815,1.0488,1.9177,1.5065,1.4866
12/1/2022,88.0544,1.5756,2.144,1.8878,2.9926,4.1534,2.7124,2.7284,2.8085,2.4642,1.7998,3.1207,1.5916,1.5836,1.5356,1.7918,2.096,1.5196,1.3835,1.9839,1.5596,1.4475,1.1433,2.08,1.2554,1.3995,0.9992,2.8165,1.1513,1.9279,1.5756,1.2874,1.4315,1.4395,0.9512,1.2234,1.2394,2.112,1.8398,3.6029,0.6131,1.1353,1.4796,1.8158,1.9359,1.4315,1.9679,1.5436,1.7758
11/30/2022,66.516,0.9098,1.2668,0.8923,1.5184,2.9813,1.8519,1.811,1.811,1.9455,1.2668,2.1796,1.2434,0.9215,0.9391,1.3194,1.5418,1.3779,1.2434,0.9976,1.0093,1.2492,1.2492,1.0854,1.3194,1.2902,1.0386,0.8337,0.9683,1.5652,1.4189,0.9449,0.7167,0.8045,0.863,0.863,1.1088,1.5652,1.4131,6.5054,0.9902,1.0503,1.5769,1.5769,1.3311,1.062,1.0327,1.1673,0.8981
11/29/2022,55.7464,0.902,1.3938,0.9067,1.7996,2.3678,2.129,1.7853,1.7375,1.1025,1.8139,1.8473,1.4701,1.0882,0.9449,0.9497,1.0977,1.1359,1.241,1.241,1.3221,1.0261,0.9545,1.0261,1.1837,0.8685,0.7778,1.4319,0.7635,0.859,1.1598,0.6059,0.8781,0.9258,0.7158,0.8351,0.859,1.2219,0.9258,2.0978,0.4176,0.9545,1.5418,0.7253,0.7301,1.1693,0.7348,0.9784,1.1025
11/28/2022,59.9697,1.4347,0.8994,1.2372,2.0272,2.656,2.1779,2.3598,1.4971,0.7227,1.8089,2.1727,1.31,0.8319,0.9514,1.232,1.1853,0.8111,0.8215,1.362,1.3776,1.284,0.8631,1.3828,1.0553,1.0034,1.0605,1.6166,0.702,1.2944,1.1541,0.7955,0.65,0.8838,0.8111,0.7539,1.0761,1.4763,0.7435,3.2299,0.5646,1.5491,0.8579,0.7175,0.9306,1.1853,1.3776,1.045,1.0294
11/27/2022,81.7191,1.3757,1.5157,2.1423,2.1202,3.9632,2.7837,2.3119,3.0859,2.2529,2.6805,2.6879,1.4346,1.5673,1.5673,1.6779,1.1766,1.7148,1.6927,1.6484,1.5821,1.0955,0.9702,1.3757,2.0907,1.4862,1.7074,1.2872,0.9481,1.818,1.4936,1.066,0.9407,0.7638,0.7859,1.2725,1.442,1.759,1.2577,5.7515,0.8923,1.4862,1.0292,1.1103,1.6189,1.1619,1.3978,1.3462,1.383
11/26/2022,54.585,1.3406,1.0751,1.2661,1.7739,1.4198,2.072,2.0767,1.5875,1.6434,0.8934,1.4804,1.3825,1.1263,1.0937,0.94,1.0145,0.912,0.8887,1.1682,1.2335,0.9819,0.6884,1.0378,0.8934,0.8654,0.7816,1.2847,0.7443,1.2288,0.8794,0.5114,0.6232,0.7117,0.8934,0.8375,0.7583,1.1543,1.2241,3.9597,0.6595,0.8142,1.4058,0.6232,0.7164,0.8887,1.0471,0.9959,0.9866
11/25/2022,47.3001,1.1099,1.1924,1.0234,1.2592,1.0116,1.3299,1.5697,1.7072,1.326,1.3142,0.9409,0.6501,0.9094,0.6933,0.9959,0.7483,1.0706,0.9448,0.9684,1.0038,0.7404,0.6068,0.6501,0.7994,0.6147,0.595,0.9291,0.7169,1.1885,0.7522,0.5715,0.7876,0.7719,0.5911,0.5832,0.7797,0.7365,0.7169,4.1491,0.6841,0.992,1.0234,1.047,0.8623,0.9802,1.102,0.6697,0.8898
11/24/2022,52.1567,1.2044,1.2441,1.381,1.2397,1.4914,1.509,1.2353,1.1337,1.3766,1.3457,1.1955,0.988,0.7672,0.8202,0.8334,1.1779,1.0012,0.9968,0.8599,1.0807,0.9703,0.8423,1.3986,0.9924,0.8025,0.8864,1.0895,0.6833,1.0542,1.0277,0.6745,0.7495,0.8246,0.723,0.7495,0.7451,0.8246,0.8555,4.5826,0.7404,1.0012,1.094,0.9924,1.2441,1.1337,0.6789,1.1779,0.7363
11/23/2022,44.977,0.8175,0.6659,1.117,1.4128,1.8343,1.4239,1.7382,1.1835,1.202,1.3906,1.4572,0.7953,0.5882,0.7324,1.0319,0.6843,1.0504,0.8544,0.799,1.043,0.9432,1.043,0.6917,0.6585,0.5845,0.9543,1.1761,0.688,0.884,0.8507,0.6659,0.4588,0.6807,0.5956,0.4736,0.6807,1.0208,0.5586,1.8226,0.3818,1.1688,0.8877,0.6178,0.921,0.8988,0.9321,1.0171,0.8988
11/22/2022,68.7328,1.4785,1.7943,1.0594,2.5717,3.2762,2.4441,2.6385,1.5939,0.8651,1.9704,1.1748,1.685,1.0109,1.187,1.3753,1.3388,1.4299,1.3631,1.5332,1.0594,1.357,0.8226,1.102,1.2963,0.8347,1.0959,1.6485,0.8772,1.6485,1.4117,0.7679,1.102,0.6161,0.7315,1.102,1.0412,1.2659,1.5757,4.472,0.726,1.4967,1.8125,1.5453,0.8651,1.2599,1.0291,1.1262,1.2538
11/21/2022,60.8144,1.561,1.5293,1.2124,2.1419,2.1578,2.2317,1.9624,1.9518,1.8039,0.8533,1.4501,1.112,0.9378,0.8321,1.3656,0.8585,1.3286,1.4817,1.1385,1.4025,0.7688,1.2177,1.2388,0.9694,0.6578,0.8585,1.7194,0.7054,1.3339,0.98,0.6737,0.9061,0.9906,0.5945,1.0064,0.8744,0.7793,0.943,4.7146,0.7575,0.9747,1.4553,0.9113,0.943,0.9959,1.4342,1.1754,0.9219
11/20/2022,42.7599,0.9696,0.9175,1.0565,1.1539,1.9533,1.2964,1.6648,0.8097,1.0391,0.768,0.7472,0.6811,0.6464,0.7541,0.8653,0.9001,0.5907,0.9383,0.9175,0.914,0.8827,0.7576,0.6846,0.8862,0.7611,0.8097,0.6568,0.5212,0.8097,0.8862,0.622,0.7194,0.6672,0.6742,0.6846,0.7089,1.0113,0.6429,3.2338,0.5651,0.6394,0.8132,0.8827,0.629,0.7611,0.7054,0.9453,0.6151
11/19/2022,24.8116,0.513,0.5315,0.3987,0.5348,0.7147,0.7483,0.8105,0.6979,0.7198,0.6576,0.7315,0.3987,0.4592,0.476,0.518,0.4575,0.5298,0.5886,0.4525,0.5147,0.5163,0.5096,0.5332,0.36,0.323,0.4575,0.5332,0.3987,0.7248,0.4272,0.3482,0.3415,0.3667,0.4088,0.434,0.3886,0.3583,0.3634,1.717,0.3681,0.4205,0.4659,0.3987,0.434,0.4861,0.4962,0.3768,0.402
11/18/2022,43.4995,0.9334,0.6708,0.8128,1.0967,1.6825,1.1926,1.6683,1.2955,0.8412,0.8021,1.5547,0.6743,0.5962,0.6885,0.5927,0.9689,0.6069,0.6388,0.7737,0.8021,0.8483,0.8837,0.8199,0.6495,0.8802,0.6779,1.1819,0.653,0.6814,0.7844,0.543,0.653,0.6459,0.4755,0.7063,0.7347,1.0115,0.6424,4.2509,0.6973,0.8802,1.1358,0.8021,0.5323,0.6708,0.8624,0.6992,0.6033
11/17/2022,43.3933,0.8427,0.7365,1.1471,1.055,1.4161,1.5293,1.5399,1.6178,1.4196,1.0975,0.7896,0.6586,0.7719,0.602,0.694,1.0232,0.9772,1.0303,0.9878,0.6976,0.7754,0.5737,1.0267,1.0161,0.825,0.694,1.1471,0.6657,0.963,0.6728,0.602,0.6586,0.4958,0.5914,0.4781,0.7719,1.0161,0.963,2.6694,0.4918,0.8144,0.5985,0.694,0.5879,0.6763,0.5914,0.8214,0.8781
11/16/2022,34.9472,0.5197,0.7164,0.7703,0.9832,1.5302,1.1098,1.0074,1.1772,0.7137,0.746,1.1341,0.552,0.6409,0.6221,0.6921,0.7137,0.8026,0.6032,0.7002,0.6463,0.5035,0.5197,0.6409,0.773,0.5008,0.4658,0.8996,0.4469,0.8969,0.6329,0.4119,0.4334,0.3795,0.587,0.5197,0.6086,0.7865,0.6409,2.4228,0.4598,0.579,0.5089,0.7245,0.4739,0.7245,0.7406,0.6517,0.6329
11/15/2022,48.5673,1.2376,1.2133,0.8198,1.4242,1.3675,0.9172,1.4445,1.5581,1.4202,0.8604,0.7387,0.6859,0.7265,0.6819,1.1038,0.7671,0.6616,0.9902,0.9658,0.8279,0.6859,0.9942,1.0389,1.1849,0.905,0.7468,1.3269,0.6291,1.0835,0.905,0.6616,0.6819,0.6616,0.7671,0.763,0.7873,0.7224,0.9334,4.0585,0.6723,1.1646,1.2336,0.8198,0.7711,0.7671,1.0226,1.1281,1.0389
11/14/2022,58.7025,0.7903,1.0185,1.3379,2.0275,1.5863,1.2314,1.5559,1.9768,1.3683,1.7385,1.8804,1.054,0.8562,1.2365,1.1554,1.2669,1.2111,1.0083,1.1706,1.1858,1.3125,1.3176,1.5559,1.2973,0.9475,0.6889,0.7193,0.8359,1.4545,0.983,0.7548,0.6585,0.8613,0.552,0.6636,1.0235,1.419,0.8359,4.6719,0.752,1.0844,1.5711,0.6838,0.8816,1.2264,0.983,1.0996,1.2111
11/13/2022,28.19,0.5038,0.6956,0.5907,0.9198,0.8895,0.9985,0.9581,0.9601,0.5725,0.4635,0.6916,0.5664,0.4392,0.4897,0.4756,0.415,0.6149,0.5684,0.4554,0.4917,0.4836,0.5523,0.4009,0.3686,0.522,0.4998,0.6472,0.3827,0.6553,0.4796,0.308,0.4776,0.3524,0.3201,0.4473,0.4513,0.631,0.4312,2.4771,0.4668,0.6351,0.411,0.518,0.6532,0.419,0.5059,0.4736,0.4594
11/12/2022,22.0664,0.4086,0.4424,0.5211,0.652,0.4635,0.6548,0.4536,0.6956,0.666,0.6379,0.3959,0.5352,0.3622,0.3917,0.4339,0.3763,0.403,0.3917,0.4311,0.3777,0.3439,0.4255,0.3425,0.3791,0.3186,0.4705,0.3945,0.3594,0.5816,0.4283,0.3566,0.3355,0.282,0.3608,0.3664,0.372,0.4269,0.3847,1.6319,0.357,0.403,0.4564,0.5113,0.3889,0.3509,0.455,0.4635,0.4255
11/11/2022,39.5925,0.5805,0.6943,0.9154,0.9691,1.1397,1.2724,1.2661,1.3767,0.8933,1.1997,0.7827,0.966,0.5521,0.808,0.5868,0.5616,0.8996,0.9407,0.7543,0.9059,0.8048,0.5395,0.9723,0.5553,0.65,0.5932,0.7037,0.6121,1.0134,0.6564,0.4005,0.5015,0.5489,0.5173,0.4478,0.65,0.8649,0.8238,3.2618,0.5688,0.9786,0.7417,0.5142,0.4889,0.7827,0.7227,0.8522,0.7606
11/10/2022,35.5807,0.6355,0.5638,0.7817,1.2037,0.8948,0.9251,1.2809,0.8645,0.8838,0.9996,0.528,0.7955,0.7293,0.539,0.6493,0.7431,0.6024,0.4976,0.8093,0.5721,0.5335,0.8314,0.8838,0.5307,0.63,0.7514,0.6714,0.4701,1.0851,0.6024,0.6052,0.5059,0.459,0.5059,0.4066,0.5942,0.5528,0.7293,3.0909,0.5466,0.6383,0.71,0.4949,0.7266,0.6411,0.7045,0.6907,0.4894
11/9/2022,30.6184,0.5715,0.4743,0.61,1.0194,0.8407,0.6711,1.0669,0.9832,0.4584,0.9244,0.6846,0.7118,0.4336,0.619,0.5286,0.7027,0.6846,0.5489,0.5919,0.5105,0.6507,0.4471,0.7751,0.653,0.4562,0.6145,0.8905,0.4449,0.7253,0.6507,0.3295,0.463,0.3408,0.4969,0.472,0.5286,0.5444,0.6122,1.7641,0.3742,0.714,0.6869,0.42,0.6009,0.7118,0.4494,0.4878,0.6778
11/8/2022,33.7855,0.5586,0.6334,0.7082,1.1826,1.1207,0.8242,1.1233,0.899,0.5354,0.7391,0.5277,0.4761,0.507,0.5174,0.6669,0.752,0.5483,0.5612,0.6308,0.6618,0.7443,0.4838,0.5663,0.6463,0.6875,0.6979,0.7572,0.5354,0.5302,0.6308,0.4838,0.5921,0.4709,0.5251,0.5225,0.5019,0.6153,0.6153,2.7614,0.5038,0.8345,0.8629,0.6385,0.7159,0.6901,0.5328,0.752,0.7133
11/7/2022,25.1282,0.4921,0.4853,0.3671,0.7901,0.5606,0.8295,0.91,0.7268,0.5469,0.5264,0.7593,0.6257,0.4578,0.3876,0.4527,0.4835,0.4099,0.5777,0.5846,0.5743,0.4047,0.5178,0.6137,0.475,0.487,0.3671,0.5161,0.3876,0.6651,0.5144,0.3705,0.4082,0.4356,0.3277,0.3996,0.439,0.4424,0.5349,1.3627,0.3221,0.3602,0.4904,0.4082,0.4493,0.5726,0.5469,0.391,0.3705
11/6/2022,40.015,0.7814,0.9606,0.7878,1.0855,1.4601,1.0247,1.284,1.0791,0.6533,1.1335,1.2744,0.9414,0.6885,0.7493,0.8518,0.9062,0.8326,0.5508,0.6373,0.8902,0.6085,0.6725,0.6661,0.7461,0.8166,0.7942,0.4868,0.5476,1.2456,0.7846,0.5316,0.6309,0.5572,0.4196,0.506,0.6469,0.5957,0.9126,2.4362,0.4615,0.8646,0.8166,0.9638,0.8838,0.967,0.5861,0.7974,0.4964
11/5/2022,55.0078,1.2666,1.2995,0.9893,1.826,1.7461,1.6521,1.9341,2.1316,1.5581,1.5064,1.3654,0.8342,1.0786,1.1115,1.1397,1.0927,0.9,1.1444,0.8295,0.8624,0.9282,0.7261,1.403,0.8812,1.1256,0.6602,1.4171,0.6979,0.8671,0.806,0.7449,0.853,0.6884,0.7449,0.7966,0.7778,0.8718,0.994,3.9109,0.6531,1.0034,1.0034,0.9329,0.7496,0.8107,1.4453,1.1961,1.0504
11/4/2022,39.2761,0.6014,0.6514,0.7484,0.9798,0.9361,0.8454,1.3489,1.3114,0.5858,1.1988,0.6358,0.7328,0.617,0.8141,0.542,0.7765,0.8985,0.7421,0.6108,0.8704,0.7922,0.8829,0.689,0.7828,0.4607,0.7765,0.5733,0.542,0.592,0.7578,0.4669,0.42,0.592,0.6577,0.4575,0.6921,0.6984,0.6546,4.5594,0.7374,0.7296,0.9798,0.7891,0.4951,0.9361,0.7859,0.5983,0.7296
11/3/2022,37.1646,0.7762,0.9133,0.5721,1.2662,1.1583,0.7733,0.7266,0.9687,0.6887,0.9541,1.1758,0.6537,0.5662,0.747,0.8433,0.8608,0.61,0.5925,0.6625,0.5983,0.785,0.5516,0.6625,0.7558,0.7179,0.5196,0.607,0.5021,0.7587,0.607,0.4525,0.4729,0.5225,0.47,0.5866,0.5837,0.7558,0.6916,4.1648,0.6861,0.7412,0.4758,0.5895,0.7179,0.7616,0.607,0.6508,0.6595
11/2/2022,35.8975,0.5265,0.666,0.8613,0.9004,0.9673,1.3105,0.8836,0.8948,0.7944,0.8446,1.1542,0.7274,0.5349,0.7386,0.5098,0.6632,0.6186,0.6856,0.7637,0.8474,0.5907,0.5265,0.8362,0.8223,0.5461,0.7553,0.5433,0.4903,0.7023,0.627,0.5935,0.5182,0.3871,0.4484,0.5712,0.5991,0.5823,0.7888,3.4924,0.5987,0.5238,0.8557,0.6409,0.4707,0.6102,0.6493,0.6967,0.5377
11/1/2022,23.1219,0.5553,0.4404,0.4086,0.6158,0.7096,0.4646,0.767,0.5205,0.6581,0.4041,0.7519,0.4086,0.4449,0.3738,0.3769,0.4419,0.522,0.4419,0.5175,0.4888,0.4268,0.4873,0.4343,0.5614,0.4691,0.4978,0.3224,0.3451,0.6808,0.4237,0.336,0.2876,0.3648,0.3754,0.3572,0.3965,0.5341,0.3602,1.2025,0.3012,0.4162,0.6097,0.389,0.3436,0.5432,0.3935,0.522,0.4283
10/31/2022,9.6081,0.2085,0.1953,0.1954,0.2102,0.2281,0.2035,0.2163,0.2101,0.2061,0.2057,0.1977,0.2085,0.1908,0.2004,0.1987,0.2053,0.1929,0.193,0.2019,0.195,0.1866,0.189,0.2077,0.1856,0.1823,0.1844,0.2088,0.1858,0.2168,0.1988,0.1797,0.1784,0.1885,0.1856,0.1808,0.1876,0.1866,0.193,0.3592,0.1917,0.2094,0.2064,0.186,0.1823,0.1913,0.204,0.2008,0.1876
10/30/2022,10.3469,0.2042,0.2265,0.1983,0.2483,0.2814,0.2357,0.2481,0.2427,0.2502,0.2284,0.2378,0.2263,0.2063,0.2061,0.2108,0.1958,0.2216,0.2209,0.2063,0.2012,0.2155,0.2209,0.2204,0.2213,0.1946,0.2138,0.2373,0.196,0.1976,0.2005,0.1958,0.196,0.2028,0.1868,0.1859,0.1993,0.2129,0.1958,0.3079,0.185,0.2066,0.2117,0.2059,0.1972,0.2221,0.208,0.2077,0.2047
10/29/2022,29.4569,0.6709,0.5143,0.4306,0.9391,0.9992,0.9734,0.8554,0.5829,0.613,0.8254,0.6087,0.7353,0.6022,0.4263,0.5829,0.5186,0.6237,0.5035,0.5314,0.6173,0.5379,0.4177,0.7245,0.4714,0.4456,0.4413,0.8018,0.4156,0.6258,0.4499,0.3276,0.3233,0.4263,0.3662,0.4499,0.495,0.643,0.407,2.5404,0.4751,0.6494,0.7889,0.5786,0.6602,0.495,0.5207,0.4306,0.3941
10/28/2022,37.481,0.5941,0.7209,0.9096,0.8654,1.0334,0.9096,1.3548,0.8654,1.0658,0.6619,0.5823,0.9332,0.6678,0.6855,0.7622,0.8418,0.8447,0.6973,0.6443,0.715,0.7858,0.7032,0.9744,0.6855,0.547,0.4733,1.0423,0.5735,0.5411,0.7681,0.5706,0.5499,0.3907,0.6354,0.6,0.6885,0.83,0.6796,2.5645,0.4782,0.9243,0.7592,0.6826,0.8094,0.8654,0.9391,0.5145,0.5499
10/27/2022,36.6367,0.8368,0.7938,0.6936,1.3179,1.1689,1.2434,1.2319,1.3465,0.6707,0.5389,1.0429,0.7652,0.4988,0.768,0.6735,0.8368,0.5189,0.6306,0.7193,0.7337,0.559,0.7652,0.7308,0.7652,0.6506,0.6707,0.4559,0.5733,0.6449,0.5876,0.5848,0.6163,0.4988,0.5475,0.4101,0.5676,0.7394,0.8368,2.4577,0.4643,0.4874,0.8368,0.4817,0.7938,0.8368,0.6478,0.8053,0.5905
10/26/2022,37.6922,0.6655,0.7486,0.5942,0.8229,1.5295,1.1643,1.0871,0.7249,0.6477,1.1643,1.2475,0.6685,0.5259,0.615,0.8258,0.8466,0.5972,0.8377,0.8229,0.6358,0.8377,0.8763,0.6299,0.8971,0.4369,0.7486,1.0159,0.5438,1.1673,0.5735,0.3864,0.4072,0.4666,0.4606,0.6239,0.6774,0.8941,0.7338,2.424,0.4599,0.7605,0.6625,0.7427,0.8496,0.8941,0.5408,0.7397,0.4695
10/25/2022,39.9096,0.7602,0.6964,0.8049,1.4526,1.6505,1.1463,0.9102,1.4845,0.6325,1.0346,0.6964,0.7155,0.7378,0.6996,0.7985,0.6613,0.7634,0.6517,0.7538,0.6485,0.6517,0.808,0.8208,1.0123,0.8017,0.8336,1.1367,0.5815,1.1878,0.7027,0.5049,0.6964,0.4985,0.6517,0.6389,0.5719,0.7251,0.69,2.4739,0.4664,0.6006,0.489,0.7091,0.84,0.741,0.6517,0.9133,0.8112
10/24/2022,33.8911,0.7906,0.7182,0.5524,0.902,0.8554,0.7311,0.656,1.223,0.5524,0.8088,0.7881,0.6586,0.5887,0.7104,0.7207,0.5343,0.7492,0.6016,0.6741,0.6094,0.555,0.669,0.7622,0.7881,0.4566,0.6664,0.8528,0.5317,0.6353,0.5706,0.3609,0.3971,0.4178,0.41,0.3945,0.5369,0.744,0.7596,3.354,0.5808,0.5524,0.4903,0.7803,0.4126,0.6586,0.7363,0.757,0.6353
10/23/2022,26.2892,0.4703,0.4995,0.3788,0.7885,0.6495,0.5434,0.5288,0.8525,0.7538,0.5837,0.7556,0.6129,0.5032,0.4995,0.5818,0.4374,0.4245,0.5617,0.43,0.4355,0.4081,0.5764,0.3916,0.4666,0.5398,0.5507,0.741,0.377,0.6367,0.5215,0.302,0.3916,0.4392,0.3441,0.355,0.4063,0.4739,0.591,2.0136,0.4066,0.494,0.6495,0.3788,0.5617,0.4812,0.5855,0.4794,0.4355
10/22/2022,16.3653,0.3248,0.3783,0.2905,0.3959,0.3917,0.4251,0.3624,0.4804,0.375,0.3072,0.4084,0.3281,0.3348,0.3331,0.3223,0.2997,0.3047,0.3599,0.3532,0.3072,0.3448,0.298,0.3315,0.3582,0.3097,0.3306,0.2754,0.257,0.4101,0.3407,0.2871,0.252,0.242,0.2378,0.2896,0.3064,0.3741,0.3114,0.8574,0.2564,0.3448,0.39,0.2512,0.3549,0.2729,0.3373,0.3549,0.3064
10/21/2022,18.6877,0.3943,0.4103,0.3644,0.4349,0.6754,0.374,0.5279,0.4659,0.2821,0.4403,0.5514,0.3932,0.3729,0.3612,0.3238,0.42,0.3772,0.3911,0.3986,0.3751,0.4018,0.3302,0.4584,0.4435,0.311,0.2992,0.4307,0.3045,0.4552,0.3516,0.2447,0.2842,0.2789,0.3323,0.2874,0.358,0.4285,0.2789,0.8704,0.2581,0.4307,0.3238,0.3794,0.2703,0.4007,0.3729,0.4061,0.3623
10/20/2022,33.9963,0.5852,0.6216,0.8322,1.2039,1.1571,0.84,1.2897,1.0064,1.0844,0.4942,1.1026,0.5696,0.4812,0.6268,0.5072,0.6788,0.593,0.5436,0.7152,0.7256,0.6944,0.749,0.541,0.5956,0.45,0.4656,0.9414,0.489,0.6164,0.6242,0.4318,0.3772,0.5358,0.3668,0.4838,0.6242,0.4578,0.7776,2.3501,0.4503,0.8634,0.5514,0.697,0.6528,0.515,0.8218,0.6424,0.5722
10/19/2022,32.6238,0.6961,0.8315,0.504,0.8315,0.8364,0.7995,1.2107,1.0088,0.8438,0.994,0.7921,0.8389,0.5311,0.4622,0.4572,0.7158,0.6148,0.7256,0.6887,0.7035,0.4695,0.7059,0.8389,0.4474,0.541,0.6715,0.4178,0.4597,0.93,0.5286,0.4129,0.4203,0.3661,0.4572,0.5089,0.5434,0.7183,0.5434,2.6903,0.4945,0.6567,0.4794,0.4769,0.6715,0.5065,0.5483,0.6001,0.4326
10/18/2022,29.5623,0.7596,0.7122,0.7596,0.7273,1.1133,0.8761,0.9753,0.861,0.7187,0.682,0.613,0.4621,0.4039,0.434,0.5332,0.544,0.6367,0.5375,0.4707,0.475,0.4448,0.5526,0.5871,0.4707,0.572,0.5871,0.6993,0.4772,0.475,0.5764,0.3715,0.4146,0.3952,0.3327,0.3909,0.4901,0.5656,0.3952,2.3288,0.4476,0.6367,0.5828,0.6432,0.6367,0.5914,0.5764,0.4448,0.5807
10/17/2022,21.4326,0.4447,0.4662,0.4259,0.7188,0.7443,0.5911,0.6811,0.524,0.5804,0.3843,0.3856,0.5159,0.352,0.344,0.4246,0.3614,0.3386,0.3682,0.3856,0.4004,0.4259,0.3359,0.5347,0.3749,0.3735,0.3292,0.391,0.3023,0.4555,0.3789,0.2741,0.3789,0.3064,0.3198,0.2862,0.3923,0.4595,0.3829,1.3912,0.3258,0.481,0.4702,0.4582,0.4353,0.485,0.3561,0.4864,0.4044
10/16/2022,28.6125,0.5459,0.513,0.4594,0.8036,0.8592,1.0056,0.5913,0.8407,0.7624,0.7809,0.4944,0.715,0.4676,0.5707,0.5294,0.6449,0.5212,0.4923,0.5191,0.6387,0.4243,0.5913,0.6346,0.4202,0.4841,0.4573,0.5748,0.4408,0.6119,0.4614,0.4016,0.3151,0.4099,0.3852,0.4346,0.4511,0.5191,0.6243,2.1569,0.4252,0.5171,0.5562,0.4862,0.6201,0.4429,0.7356,0.6511,0.6243
10/15/2022,25.234,0.5441,0.4028,0.3993,0.563,0.6682,0.8388,0.9008,0.8284,0.3804,0.4838,0.6871,0.4338,0.4786,0.5148,0.3804,0.4752,0.4976,0.5131,0.4596,0.5803,0.4114,0.4941,0.5648,0.4097,0.3735,0.4114,0.4286,0.4131,0.4028,0.5355,0.3252,0.3373,0.4355,0.37,0.4166,0.3855,0.4855,0.5768,1.9801,0.4023,0.3717,0.6699,0.5786,0.3511,0.5303,0.5355,0.5544,0.4527
10/14/2022,21.1164,0.4474,0.4447,0.3359,0.6887,0.652,0.5772,0.4132,0.4054,0.6257,0.4513,0.5536,0.3542,0.3923,0.3765,0.4474,0.4001,0.3975,0.3332,0.37,0.4749,0.387,0.3306,0.3359,0.3123,0.3687,0.3923,0.4198,0.3018,0.467,0.3398,0.2742,0.29,0.3057,0.2834,0.3346,0.3883,0.3188,0.4618,2.0019,0.4051,0.408,0.45,0.4028,0.4434,0.4749,0.4211,0.3188,0.3372
10/13/2022,26.7119,0.6738,0.6607,0.6232,0.7935,0.7131,0.9451,0.5184,0.6831,0.4099,0.4923,0.539,0.4623,0.5184,0.4473,0.3931,0.6045,0.5091,0.4324,0.5091,0.6176,0.4436,0.3688,0.6925,0.4155,0.4754,0.5503,0.5465,0.3631,0.6064,0.4923,0.322,0.3313,0.3482,0.3912,0.3482,0.4941,0.4586,0.4492,2.7385,0.5008,0.6663,0.3762,0.3856,0.4642,0.4455,0.6494,0.4305,0.4118
10/12/2022,21.4328,0.4138,0.4568,0.5307,0.6462,0.5831,0.618,0.5079,0.5468,0.3601,0.5361,0.485,0.4286,0.3614,0.3722,0.4232,0.3762,0.3964,0.4313,0.3923,0.477,0.3614,0.4044,0.3762,0.3937,0.2956,0.4608,0.4246,0.3144,0.5737,0.3856,0.3467,0.3494,0.2661,0.2782,0.3144,0.3413,0.4676,0.3091,1.8096,0.3801,0.4541,0.5535,0.4098,0.3386,0.4367,0.3494,0.3897,0.305
10/11/2022,27.1342,0.4575,0.5034,0.4805,0.8517,0.8689,0.9569,0.6278,0.7541,0.4001,0.6068,0.4441,0.6029,0.4039,0.4365,0.4058,0.4919,0.5436,0.5742,0.601,0.5283,0.4097,0.5972,0.5685,0.6259,0.4422,0.5781,0.624,0.4345,0.469,0.4365,0.3063,0.4288,0.3752,0.4632,0.4537,0.5015,0.446,0.469,2.3529,0.4507,0.6527,0.3924,0.624,0.6221,0.6087,0.4345,0.4288,0.3982
10/10/2022,22.911,0.4067,0.529,0.5618,0.7512,0.4798,0.4902,0.6274,0.4455,0.3277,0.4008,0.6334,0.4038,0.4276,0.3292,0.5111,0.4023,0.3948,0.4157,0.3829,0.4455,0.4112,0.4515,0.4798,0.447,0.4589,0.359,0.3784,0.3188,0.6677,0.4291,0.4023,0.3963,0.2904,0.3993,0.3545,0.4067,0.4917,0.4798,2.0604,0.4127,0.3501,0.438,0.3724,0.3307,0.5275,0.5126,0.4246,0.4932
10/9/2022,21.7497,0.5022,0.3605,0.4829,0.6699,0.487,0.4252,0.663,0.5283,0.4829,0.6149,0.4609,0.355,0.4197,0.388,0.4829,0.4843,0.333,0.4774,0.3963,0.3688,0.4252,0.3207,0.4884,0.4142,0.3509,0.3427,0.3757,0.3317,0.3495,0.4252,0.3619,0.3234,0.3592,0.3083,0.3619,0.3564,0.3839,0.3949,2.138,0.4228,0.3275,0.5393,0.3152,0.4279,0.3564,0.3605,0.355,0.4499
10/8/2022,43.2878,0.9007,1.0947,1.0524,1.3029,1.0453,1.5817,1.2147,0.8901,0.7489,1.2218,1.4123,0.7313,0.6113,0.5972,0.6148,0.6889,1.0065,0.9959,0.7383,0.7348,0.7419,0.7771,0.7277,0.6536,0.509,0.7595,1.3347,0.5725,1.3523,0.7348,0.6431,0.5337,0.4419,0.5831,0.5301,0.763,0.9889,0.8971,3.3959,0.5862,0.7101,0.516,1.0348,0.9536,0.7524,0.8548,0.8513,0.9042
10/7/2022,22.9109,0.5514,0.3859,0.4291,0.5111,0.6975,0.4992,0.5886,0.7885,0.3918,0.6125,0.605,0.3724,0.3948,0.3486,0.4097,0.368,0.3933,0.4873,0.4366,0.3933,0.4291,0.3411,0.3695,0.3829,0.4738,0.4873,0.3724,0.3784,0.6751,0.3724,0.3859,0.2934,0.28,0.2755,0.3769,0.4291,0.3814,0.4634,2.1369,0.4226,0.3799,0.3322,0.4291,0.3739,0.5096,0.523,0.5111,0.4604
10/6/2022,27.0289,0.5549,0.4426,0.5472,0.8498,0.7527,0.631,0.9678,0.747,0.6842,0.5758,0.6462,0.5625,0.5453,0.3855,0.3969,0.5606,0.5777,0.5853,0.5967,0.591,0.5073,0.5644,0.6861,0.4902,0.4787,0.4121,0.3665,0.3722,0.5149,0.4711,0.3912,0.357,0.3018,0.4331,0.4407,0.4997,0.5187,0.4673,1.972,0.4012,0.4007,0.3627,0.5054,0.6234,0.6081,0.6842,0.4407,0.5568
10/5/2022,41.0708,0.9571,0.7388,0.8711,1.2944,0.8645,0.8049,1.506,1.4134,1.0695,1.129,0.752,0.9438,0.7024,0.6594,0.5867,0.5834,0.7487,0.8016,0.9504,0.676,0.8512,0.967,0.8975,0.9008,0.8182,0.6925,0.5834,0.5701,1.2051,0.7057,0.6264,0.6594,0.5635,0.4279,0.5999,0.7156,0.6925,0.8115,3.0584,0.5424,0.7586,0.8942,0.5801,0.5569,0.8612,1.0596,0.7421,0.676
10/4/2022,23.2279,0.4118,0.4286,0.59,0.7164,0.5047,0.7331,0.6311,0.5809,0.6494,0.5002,0.4667,0.4362,0.4012,0.3722,0.3601,0.4575,0.5078,0.5199,0.5245,0.4606,0.3601,0.4103,0.4225,0.3814,0.3494,0.4073,0.5824,0.3722,0.4362,0.4194,0.3189,0.3601,0.3037,0.392,0.3433,0.4255,0.4103,0.4941,1.6154,0.3549,0.5565,0.4682,0.5002,0.3281,0.5382,0.5611,0.5017,0.3616
10/3/2022,24.1781,0.4158,0.521,0.5679,0.5242,0.5193,0.5032,0.5452,0.4886,0.5808,0.3754,0.542,0.6099,0.4158,0.4045,0.411,0.4514,0.5258,0.4223,0.4676,0.5452,0.3592,0.3317,0.3689,0.3284,0.3592,0.3705,0.4789,0.3349,0.4368,0.5048,0.2945,0.3398,0.4174,0.3333,0.3996,0.3786,0.3495,0.5388,3.2951,0.5731,0.4482,0.487,0.4708,0.3317,0.4417,0.4805,0.5404,0.3479
10/2/2022,24.9168,0.5913,0.4323,0.3714,0.5591,0.6454,0.7469,0.5168,0.8806,0.4187,0.461,0.6167,0.4137,0.5101,0.3747,0.4915,0.4153,0.4559,0.3934,0.4069,0.5016,0.5456,0.5236,0.417,0.4424,0.3375,0.5219,0.73,0.3646,0.7317,0.5287,0.3764,0.4086,0.3494,0.2902,0.4086,0.3815,0.3815,0.3832,2.5801,0.4802,0.483,0.412,0.3578,0.368,0.3967,0.6133,0.4356,0.4644
10/1/2022,61.342,1.5642,1.6229,1.0628,1.6336,2.5884,1.7563,1.8149,1.2122,2.0603,1.7989,2.0603,1.2175,0.9561,1.1162,0.9721,1.2495,1.0095,1.2655,1.3242,1.0628,0.9935,0.9668,1.5749,0.9135,0.9508,0.9561,1.3242,0.7961,1.4042,1.2122,0.7214,0.9615,0.9988,0.9188,0.8121,1.0041,1.2975,1.3615,3.3485,0.5801,0.8548,1.1748,1.2762,1.0521,0.9348,1.5589,1.2495,0.7961
9/30/2022,32.8355,0.7031,0.7155,0.8571,0.7255,0.6981,1.1104,1.247,1.0732,0.7602,0.6783,0.641,0.6534,0.6286,0.6659,0.5144,0.6758,0.4672,0.79,0.6187,0.5765,0.6957,0.4846,0.7528,0.718,0.6758,0.5541,0.4995,0.5019,0.877,0.5119,0.5019,0.4299,0.4945,0.4995,0.4498,0.5789,0.7081,0.5988,2.5163,0.4719,0.6609,0.5839,0.718,0.4399,0.6236,0.4473,0.4746,0.5665
9/29/2022,28.0843,0.6005,0.49,0.4599,0.7953,1.0544,0.725,0.6848,0.5382,0.5181,0.6648,0.8616,0.5603,0.4599,0.478,0.5623,0.4057,0.6246,0.6306,0.6145,0.4579,0.4438,0.4599,0.5804,0.6326,0.5001,0.5141,0.6668,0.4057,0.5704,0.5784,0.3153,0.4458,0.4458,0.3133,0.4579,0.4981,0.6447,0.6226,2.369,0.4528,0.4579,0.6768,0.4157,0.4398,0.4338,0.5322,0.5663,0.4579
9/28/2022,25.8676,0.5079,0.4615,0.3739,0.8939,0.8992,0.6884,0.6241,0.6652,0.7742,0.7616,0.7456,0.449,0.4472,0.5222,0.499,0.4829,0.424,0.4668,0.5723,0.4918,0.4668,0.5258,0.6008,0.3918,0.424,0.5187,0.5169,0.3918,0.7759,0.4561,0.3078,0.3364,0.3168,0.4365,0.3114,0.4168,0.3972,0.4347,1.7132,0.3676,0.5544,0.4132,0.5723,0.4579,0.3972,0.5312,0.5633,0.5204
9/27/2022,20.5884,0.4663,0.3353,0.358,0.6186,0.7684,0.4751,0.3819,0.4889,0.4663,0.5242,0.4184,0.4109,0.3291,0.3215,0.4071,0.387,0.4172,0.4449,0.3781,0.387,0.397,0.4298,0.5128,0.4134,0.3014,0.4298,0.3668,0.3228,0.5242,0.4335,0.3114,0.3215,0.3555,0.3089,0.285,0.3605,0.3114,0.4612,1.5281,0.3435,0.358,0.4499,0.3442,0.4021,0.3907,0.3656,0.3291,0.4461
9/26/2022,63.0316,0.9041,1.2838,0.8491,1.4874,1.9167,1.4159,1.9937,1.7571,2.1368,1.2893,1.2783,1.0362,1.0527,0.9866,0.8601,0.8436,0.9866,1.4269,1.3719,0.9481,1.3498,1.4324,1.6855,0.7775,0.695,0.75,0.794,0.8105,1.4214,1.0527,0.5409,0.673,0.9866,0.8821,0.6124,0.9371,0.9646,1.4874,8.4512,1.243,1.3168,1.4984,1.0197,1.4599,1.3994,0.9316,1.2288,0.805
9/25/2022,47.6165,1.1214,1.2284,1.2046,1.6483,1.3156,1.0501,1.7434,1.2403,1.4661,1.4859,1.2284,1.2244,0.8718,0.8996,0.6896,0.959,1.0858,0.9273,0.9828,0.8362,1.0264,0.6738,0.9748,1.0382,0.7807,0.9352,1.0462,0.7371,0.753,0.8085,0.4678,0.6658,0.6658,0.6341,0.7292,0.6936,0.6936,0.9748,3.1574,0.5552,0.646,0.959,0.5985,0.9432,0.7094,0.7807,0.955,0.8045
9/24/2022,48.6729,1.0615,0.9272,0.9232,1.5373,1.3706,1.7814,1.2526,1.517,1.3502,1.4397,1.212,1.2486,0.7198,0.61,0.671,0.7646,1.1021,1.1103,0.7361,1.155,0.7849,0.8256,1.1306,1.1021,0.5368,0.6913,0.854,0.6954,1.2486,1.0208,0.5612,0.6141,0.6019,0.8093,0.5287,0.8093,1.0289,1.0493,2.438,0.4618,1.1184,1.3218,1.0981,1.1469,0.8256,1.2038,1.0167,0.6588
9/23/2022,47.0889,1.0501,0.8742,1.0188,1.7615,1.2846,1.7185,1.226,0.9133,0.9875,0.839,1.6169,0.6514,0.7178,0.9993,0.7686,0.8273,0.6748,0.7061,0.7452,0.925,0.8898,0.7335,0.753,0.9015,0.6748,0.753,0.7139,0.6514,0.9133,0.8077,0.4207,0.6357,0.4872,0.5732,0.581,0.7999,1.1478,1.0501,5.3316,0.8377,0.8937,0.8155,1.1361,0.9875,0.8937,0.7335,0.8585,0.8077
9/22/2022,27.6621,0.6386,0.4832,0.6641,0.6739,0.9296,0.9414,0.8116,0.5481,0.7093,0.4655,0.6012,0.5402,0.4695,0.4006,0.5383,0.6091,0.611,0.5049,0.4813,0.6228,0.4026,0.4026,0.6759,0.5953,0.5599,0.4124,0.3869,0.4105,0.7526,0.495,0.381,0.4321,0.3141,0.3672,0.3417,0.4636,0.6445,0.554,1.959,0.3995,0.6327,0.7172,0.6307,0.4616,0.4754,0.5343,0.556,0.4596
9/21/2022,22.2774,0.3423,0.5464,0.5293,0.595,0.8863,0.6764,0.6992,0.4622,0.3537,0.4651,0.4765,0.4394,0.4494,0.398,0.4094,0.4808,0.3708,0.4508,0.4222,0.5165,0.4536,0.4294,0.3651,0.3451,0.3437,0.3551,0.4208,0.3423,0.5779,0.3751,0.2823,0.3537,0.3009,0.2994,0.3323,0.3751,0.515,0.4922,1.6248,0.3561,0.3508,0.5065,0.3309,0.4508,0.5022,0.3765,0.4636,0.3865
9/20/2022,19.3213,0.3942,0.3704,0.4678,0.4644,0.5708,0.615,0.4293,0.4203,0.3195,0.3444,0.5889,0.3523,0.3308,0.3954,0.3931,0.3003,0.3048,0.4044,0.4033,0.4305,0.4055,0.4055,0.3886,0.375,0.298,0.3014,0.4916,0.3218,0.3795,0.3421,0.3184,0.2776,0.2754,0.2754,0.2889,0.3263,0.4452,0.2969,1.6265,0.3563,0.4327,0.3037,0.3625,0.3116,0.3252,0.3376,0.3704,0.3818
9/19/2022,29.4569,0.6752,0.7052,0.6194,0.6752,1.2309,0.952,0.6967,0.9262,0.7996,0.4842,0.6859,0.5078,0.5014,0.6216,0.5207,0.5078,0.6859,0.5937,0.5293,0.4928,0.5143,0.3877,0.6967,0.5186,0.54,0.5207,0.4864,0.4199,0.7739,0.6151,0.4048,0.3984,0.3491,0.4263,0.4585,0.525,0.4821,0.5164,1.9631,0.4001,0.6473,0.4542,0.5743,0.6065,0.6709,0.5743,0.5915,0.5293
9/18/2022,65.8821,1.4169,1.6716,1.3475,2.071,2.8813,1.3301,1.0986,1.2375,2.0189,1.9147,1.0523,1.7642,1.3069,1.0986,1.1159,1.2259,1.3996,1.0407,1.5153,1.4748,1.1622,0.9423,1.579,1.3127,0.8844,1.4169,1.9205,0.9828,1.2317,1.3012,0.9423,1.1217,0.9539,0.5892,1.0581,1.1796,1.4806,0.8034,5.6633,0.8808,0.8381,0.977,0.977,1.3127,0.9712,1.2606,1.0812,1.0754
9/17/2022,25.2334,0.4976,0.4907,0.4752,0.5889,0.5786,0.644,0.9025,0.6544,0.501,0.6906,0.7957,0.5975,0.5027,0.5406,0.5251,0.5096,0.4148,0.532,0.4303,0.5113,0.5475,0.4545,0.4631,0.5182,0.3373,0.4941,0.389,0.4079,0.4269,0.501,0.3252,0.4303,0.3321,0.3993,0.3045,0.3959,0.5355,0.3631,2.0854,0.4159,0.451,0.4545,0.482,0.3666,0.5992,0.3907,0.4838,0.4958
9/16/2022,29.7735,0.6522,0.5259,0.7458,0.6936,1.1487,0.7937,0.7546,0.9483,0.6675,0.6065,0.8808,0.5477,0.4084,0.4127,0.5978,0.4214,0.4976,0.502,0.6087,0.5978,0.4954,0.4933,0.7197,0.4388,0.4323,0.6021,0.4236,0.4018,0.6065,0.5325,0.3038,0.4693,0.4998,0.5129,0.3452,0.515,0.5434,0.6827,2.7778,0.5059,0.7393,0.5978,0.576,0.6413,0.4846,0.4519,0.478,0.4911
9/15/2022,19.5322,0.3189,0.4388,0.4158,0.5911,0.4411,0.628,0.4169,0.3915,0.5634,0.3742,0.4861,0.4411,0.3143,0.3385,0.3247,0.4088,0.3489,0.357,0.3939,0.4434,0.2981,0.4192,0.4677,0.38,0.3166,0.3304,0.4515,0.2993,0.3293,0.3812,0.2855,0.3523,0.3154,0.335,0.2624,0.3685,0.4377,0.3004,1.5619,0.3479,0.32,0.3281,0.2958,0.4434,0.3443,0.335,0.425,0.3639
9/14/2022,19.1101,0.34,0.4111,0.4444,0.4611,0.6655,0.3733,0.4989,0.5033,0.4122,0.4333,0.5144,0.3778,0.3911,0.3,0.32,0.4366,0.3011,0.3322,0.3844,0.4255,0.4,0.3922,0.3944,0.3144,0.3078,0.3766,0.31,0.2967,0.4278,0.3778,0.2933,0.2755,0.2744,0.2855,0.3455,0.3522,0.3744,0.3578,1.5865,0.3511,0.3378,0.2767,0.3278,0.3322,0.4222,0.2978,0.3489,0.3466
9/13/2022,18.1594,0.3831,0.443,0.4085,0.5263,0.5009,0.4694,0.3495,0.4928,0.3292,0.3272,0.4999,0.3201,0.3231,0.3221,0.3434,0.3607,0.3292,0.3028,0.3526,0.376,0.3191,0.3912,0.2977,0.2977,0.3302,0.3221,0.3831,0.3038,0.3628,0.3221,0.3231,0.2937,0.2733,0.2764,0.3272,0.3353,0.3749,0.3556,1.2205,0.3036,0.3607,0.4003,0.3414,0.4064,0.3648,0.4024,0.3861,0.3241
9/12/2022,53.0017,1.1837,0.8552,0.9857,1.7147,2.1287,1.6157,1.3412,1.6337,0.8822,1.4402,1.2107,1.2737,0.9722,0.8867,0.9272,0.7382,0.9677,1.1927,1.2332,1.0307,0.8192,1.1477,1.0352,1.1477,0.8687,0.9992,1.1387,0.7022,1.2287,0.9992,0.7697,0.7202,0.6527,0.7607,0.5672,0.7382,1.1252,0.8867,4.1215,0.6805,0.9497,1.1477,0.7787,0.6752,0.8597,1.4042,1.1792,0.6842
9/11/2022,47.3,1.1492,0.823,1.2317,1.5068,1.6443,1.2003,1.3535,1.5736,1.3457,0.7522,1.7033,0.7876,0.878,0.6736,1.0195,0.9841,0.7208,0.9094,0.7719,0.9094,0.9212,0.6108,0.8112,0.5715,0.6304,0.7797,0.5597,0.6618,1.3732,0.7247,0.5597,0.7601,0.5911,0.5793,0.6068,0.6658,0.992,0.8073,4.6917,0.7546,0.7247,0.6972,0.6972,0.933,0.7483,1.0234,0.9959,0.8898
9/10/2022,43.9217,0.8851,1.133,0.939,1.643,1.9268,1.5425,1.2659,0.9462,0.6588,0.9713,1.0396,0.6768,0.7737,0.6336,0.8959,0.9857,0.648,0.8312,0.6732,0.8492,0.6229,0.9605,0.6336,0.5367,0.5367,0.6983,0.9893,0.6229,1.0108,0.8923,0.4864,0.4576,0.6803,0.6013,0.6803,0.7773,0.7055,1.0036,4.2041,0.6912,0.6229,1.0719,0.5654,0.8851,0.7091,0.9498,0.6516,0.7558
9/9/2022,46.3501,0.9183,1.1101,1.2366,1.1791,1.0717,1.3862,1.1561,0.9452,1.0487,1.1139,1.1983,0.7611,0.7764,0.7918,0.7764,0.8186,0.7151,0.6844,0.8033,0.8263,0.7573,0.9989,0.6499,0.6806,0.9107,0.857,0.7726,0.623,1.252,0.7534,0.7649,0.7611,0.4658,0.7688,0.5118,0.8071,0.7649,0.9682,5.3697,0.8427,0.7189,0.7342,0.8876,0.7688,0.8608,1.1446,0.7304,0.9068
9/8/2022,27.9785,0.5383,0.6801,0.7041,0.7121,0.8919,0.5363,0.76,0.8519,0.4364,0.78,0.4264,0.7061,0.4324,0.5423,0.4104,0.5083,0.4264,0.4863,0.5203,0.5902,0.5642,0.4923,0.5782,0.5802,0.5563,0.4624,0.4903,0.4104,0.7081,0.5323,0.4624,0.4663,0.3724,0.4004,0.3844,0.5003,0.4484,0.4783,2.4653,0.4653,0.4264,0.75,0.3904,0.5602,0.4683,0.6202,0.5063,0.4983
9/7/2022,18.7934,0.389,0.3264,0.321,0.5272,0.5952,0.4138,0.6135,0.3717,0.4117,0.4883,0.362,0.4689,0.3081,0.3685,0.3728,0.307,0.3609,0.3685,0.4235,0.3502,0.3739,0.3221,0.4203,0.4419,0.2822,0.3307,0.3286,0.3199,0.3437,0.3253,0.3059,0.2465,0.3059,0.3383,0.3383,0.3404,0.3696,0.348,1.3292,0.3177,0.3189,0.3685,0.2811,0.3987,0.4257,0.3912,0.3685,0.3642
9/6/2022,17.843,0.3832,0.334,0.332,0.3822,0.3999,0.3468,0.3921,0.521,0.3468,0.4472,0.5348,0.4442,0.3123,0.3744,0.2808,0.3842,0.3616,0.3242,0.3045,0.3261,0.3429,0.3537,0.2848,0.3832,0.2848,0.2946,0.3783,0.3045,0.3045,0.3242,0.2956,0.2966,0.2661,0.2956,0.2464,0.334,0.3753,0.2946,1.6162,0.355,0.335,0.3094,0.3133,0.3438,0.4068,0.2917,0.2976,0.3822
9/5/2022,29.2454,0.6022,0.6617,0.6468,0.906,0.6171,1.0441,0.9634,0.8975,0.5576,0.7063,0.4726,0.5342,0.547,0.5108,0.6617,0.6213,0.4259,0.4407,0.6468,0.513,0.4641,0.4577,0.6744,0.513,0.377,0.4896,0.7615,0.4577,0.6596,0.5151,0.3812,0.4237,0.5002,0.4747,0.5087,0.4726,0.4152,0.4237,2.6035,0.4833,0.7276,0.4514,0.4981,0.5576,0.5172,0.5491,0.445,0.4662
9/4/2022,49.8339,1.2795,0.8695,1.0619,1.6811,1.2125,1.2627,0.9824,1.1288,0.8151,0.9657,0.7984,0.8193,0.928,0.6478,0.7021,0.7565,1.0494,0.7858,0.9531,0.9992,1.087,0.8988,1.0661,1.0954,0.6812,0.8904,1.3464,0.6352,0.7984,0.7189,0.8025,0.8067,0.8109,0.7607,0.6227,0.8778,0.8946,0.6143,6.3459,0.9695,0.8235,1.3799,0.631,1.133,1.0326,0.9071,0.8527,0.6519
9/3/2022,55.6407,0.8622,1.1862,0.7717,1.8484,2.5868,1.9913,1.9056,1.8103,0.8956,1.3434,1.9246,1.11,0.9956,0.8003,1.2576,0.9146,0.9813,1.2672,1.1814,0.9956,0.8146,0.8241,0.8336,1.4053,1.1433,0.786,0.6764,0.7384,1.5387,1.0051,0.6526,0.7574,0.6574,0.8003,0.7955,0.886,1.0671,1.1481,4.6064,0.7435,0.9861,0.7574,0.9861,0.8289,1.1481,0.8765,0.7812,0.7669
9/2/2022,20.2712,0.4133,0.4145,0.3593,0.4428,0.6318,0.4992,0.4195,0.4182,0.5692,0.4735,0.5373,0.3311,0.3299,0.4207,0.3667,0.4366,0.3802,0.3286,0.3655,0.3667,0.3323,0.3618,0.4808,0.4575,0.3839,0.4121,0.4845,0.298,0.5139,0.3458,0.2967,0.336,0.2636,0.2636,0.3421,0.3446,0.4685,0.3826,1.4558,0.3342,0.4538,0.3863,0.3446,0.2955,0.4575,0.3814,0.4538,0.4354
9/1/2022,17.1038,0.356,0.4016,0.3924,0.488,0.3742,0.5172,0.4635,0.4707,0.488,0.3506,0.4016,0.2732,0.2868,0.3487,0.3287,0.3451,0.3342,0.3497,0.3487,0.3105,0.2914,0.3223,0.3997,0.3879,0.305,0.356,0.3378,0.2978,0.3597,0.3169,0.2805,0.234,0.2468,0.3041,0.2987,0.3005,0.3251,0.2914,0.9321,0.2661,0.3997,0.2814,0.3223,0.3214,0.3579,0.2932,0.3296,0.3151
8/31/2022,29.4571,0.5422,0.6473,0.5293,0.8619,0.8469,0.613,1.0464,0.849,0.6752,0.5829,0.5701,0.4005,0.5314,0.4048,0.5958,0.6258,0.6602,0.4242,0.6666,0.6602,0.5615,0.5743,0.7353,0.5915,0.5937,0.6216,0.5808,0.3963,0.4735,0.6044,0.4971,0.3941,0.5035,0.3297,0.4199,0.4992,0.4048,0.613,2.2062,0.4316,0.628,0.716,0.495,0.4456,0.6816,0.5507,0.6731,0.5014
8/30/2022,62.2925,1.5566,1.4968,1.486,2.4144,1.6814,1.2959,1.2037,1.3665,1.2525,0.9811,0.9268,1.1819,0.9213,1.0625,1.2742,1.2254,1.372,1.3448,1.1059,1.2145,1.2742,1.3937,0.9539,1.3774,0.9648,1.2797,0.8725,0.7802,1.828,0.9485,0.9702,0.829,0.8453,0.8996,0.8399,0.8833,1.5023,1.2959,5.4954,0.859,1.0896,1.5674,1.4805,1.0734,1.3394,1.0571,1.2905,0.9376
8/29/2022,25.2338,0.4234,0.6371,0.6406,0.7474,0.5786,0.5958,0.9043,0.7354,0.5665,0.52,0.5269,0.501,0.4889,0.4372,0.3873,0.5648,0.3821,0.4355,0.4734,0.4924,0.4459,0.3873,0.3924,0.6199,0.3976,0.4355,0.5424,0.401,0.7113,0.5044,0.32,0.3821,0.3907,0.3442,0.4372,0.4303,0.5648,0.3545,1.7895,0.3775,0.5717,0.4097,0.5148,0.5441,0.4131,0.5699,0.5527,0.3907
8/28/2022,59.8645,0.8513,1.5618,0.9083,1.9871,1.7796,2.0908,1.8315,1.8989,1.956,1.4944,1.3855,1.5774,1.0847,0.9343,1.2299,1.3492,1.0121,1.0847,1.0795,1.0743,1.0172,0.9083,1.1262,1.3855,0.8565,0.9187,1.1676,0.9083,1.8419,0.9239,0.5038,0.9602,0.6801,0.6179,0.6957,1.0172,1.4633,1.121,3.8754,0.6485,1.4892,1.2662,1.2869,0.8824,1.0069,1.1262,0.9654,1.0328
8/27/2022,26.5004,0.446,0.4645,0.5108,0.6273,1.1195,0.6014,0.7272,0.853,0.5015,0.7513,0.5108,0.5034,0.4904,0.4423,0.5441,0.5052,0.4978,0.5959,0.6125,0.6014,0.483,0.4775,0.4516,0.4275,0.4849,0.3591,0.7494,0.3646,0.7087,0.5237,0.3239,0.3184,0.4386,0.3924,0.3517,0.4109,0.4997,0.5034,2.3083,0.4449,0.4349,0.3739,0.4849,0.4238,0.4978,0.4294,0.4534,0.4738
8/26/2022,9.08,0.1838,0.1924,0.1904,0.2045,0.2142,0.1875,0.2075,0.2012,0.2044,0.1862,0.201,0.1903,0.1883,0.1817,0.1889,0.1895,0.192,0.1901,0.1826,0.193,0.1906,0.1909,0.1957,0.1896,0.1835,0.1861,0.1798,0.1789,0.2017,0.1818,0.176,0.1845,0.1775,0.1758,0.1777,0.1822,0.1818,0.1885,0.2292,0.1748,0.1835,0.1865,0.1902,0.1772,0.1927,0.1868,0.1847,0.1823
8/25/2022,10.4523,0.1973,0.2287,0.1973,0.2407,0.2302,0.2314,0.255,0.2238,0.2042,0.2113,0.2334,0.2025,0.2074,0.2106,0.2098,0.2093,0.2228,0.2086,0.2241,0.2191,0.2039,0.2123,0.212,0.2035,0.2071,0.2187,0.2265,0.1995,0.2417,0.2066,0.1932,0.1936,0.1993,0.1944,0.2032,0.2005,0.2032,0.1983,0.522,0.2128,0.202,0.1936,0.2204,0.2003,0.203,0.2174,0.2044,0.1914
8/24/2022,9.2907,0.1887,0.186,0.1896,0.2028,0.2222,0.1908,0.2215,0.2042,0.1927,0.1944,0.1993,0.1906,0.1855,0.1894,0.1824,0.19,0.1832,0.1863,0.1961,0.1974,0.1916,0.1877,0.1964,0.1816,0.1846,0.1872,0.2079,0.1836,0.1902,0.1896,0.1754,0.1838,0.1807,0.185,0.1813,0.1832,0.1838,0.1904,0.3182,0.1864,0.2019,0.1828,0.1942,0.1913,0.1877,0.185,0.1952,0.1909
8/23/2022,10.558,0.1984,0.2222,0.2009,0.2554,0.2508,0.2209,0.257,0.2201,0.2222,0.2347,0.2199,0.2104,0.2043,0.2068,0.2017,0.2048,0.2002,0.2252,0.2196,0.2196,0.2206,0.2112,0.215,0.2327,0.203,0.193,0.2518,0.1961,0.2194,0.2107,0.2066,0.1928,0.1976,0.1884,0.2032,0.2022,0.202,0.2079,0.4818,0.2076,0.2022,0.2352,0.2125,0.2119,0.2119,0.2171,0.225,0.2035
8/22/2022,10.4526,0.2052,0.2172,0.2017,0.2334,0.2655,0.2547,0.2351,0.2255,0.2478,0.241,0.2096,0.216,0.2098,0.2115,0.2022,0.2241,0.1998,0.2076,0.2223,0.2052,0.2196,0.2236,0.2071,0.2147,0.2079,0.2133,0.2088,0.2015,0.202,0.2071,0.1981,0.19,0.2022,0.2032,0.1954,0.2079,0.2243,0.1985,0.4276,0.2006,0.2145,0.2228,0.2059,0.1932,0.2167,0.1944,0.2081,0.2084
8/21/2022,10.4523,0.2317,0.2304,0.2287,0.2277,0.2572,0.2253,0.2611,0.2179,0.2184,0.2088,0.213,0.2253,0.2172,0.212,0.2216,0.2182,0.1968,0.2039,0.2054,0.2147,0.2135,0.226,0.2307,0.2282,0.2086,0.2169,0.2165,0.1995,0.2081,0.2118,0.2027,0.1971,0.1851,0.1885,0.202,0.2039,0.213,0.2032,0.4111,0.1984,0.2008,0.1968,0.2042,0.1902,0.2096,0.214,0.2214,0.2152
8/20/2022,10.4526,0.1998,0.2282,0.2218,0.2236,0.2876,0.2608,0.242,0.2589,0.2542,0.2456,0.2035,0.2263,0.1949,0.1985,0.2165,0.2145,0.2133,0.1973,0.226,0.2079,0.2022,0.1909,0.2263,0.199,0.1929,0.215,0.2437,0.1968,0.2461,0.2113,0.1983,0.1995,0.1856,0.1978,0.2044,0.1995,0.2111,0.2071,0.2878,0.1824,0.2157,0.2371,0.1941,0.2133,0.2165,0.2268,0.2147,0.2155
8/19/2022,9.7127,0.2098,0.1987,0.1985,0.2289,0.2547,0.2124,0.2076,0.2064,0.1934,0.2134,0.2081,0.2045,0.1886,0.1874,0.2064,0.1886,0.199,0.2071,0.199,0.1925,0.1869,0.2044,0.1886,0.1889,0.1912,0.1958,0.1869,0.185,0.1884,0.1901,0.1853,0.1802,0.1891,0.1814,0.1874,0.1917,0.1853,0.1973,0.4255,0.2003,0.2014,0.2066,0.1913,0.1987,0.1946,0.1949,0.1891,0.2014
8/18/2022,11.7197,0.2466,0.2191,0.2459,0.3188,0.2768,0.2641,0.2827,0.2716,0.2392,0.2671,0.2597,0.2132,0.2187,0.2303,0.2247,0.2184,0.2496,0.2176,0.2265,0.2221,0.25,0.247,0.218,0.2411,0.234,0.2411,0.2184,0.2091,0.2437,0.2277,0.2005,0.2087,0.2087,0.205,0.2001,0.2295,0.2113,0.2418,0.641,0.2283,0.2239,0.2686,0.2507,0.2068,0.2362,0.2437,0.2325,0.2396
8/17/2022,13.831,0.3049,0.285,0.2594,0.3457,0.4034,0.3842,0.3247,0.2815,0.3224,0.2716,0.3352,0.2506,0.2314,0.2751,0.2868,0.2372,0.2897,0.2967,0.264,0.2495,0.2401,0.2267,0.2366,0.3084,0.2296,0.288,0.2576,0.2501,0.2868,0.2862,0.2407,0.2186,0.2104,0.2431,0.2366,0.2652,0.2821,0.2349,0.9113,0.2634,0.2658,0.3037,0.2926,0.2664,0.281,0.2611,0.2652,0.2798
8/16/2022,12.9864,0.2539,0.24,0.2285,0.2938,0.3651,0.3382,0.2888,0.2774,0.3058,0.3232,0.3631,0.2878,0.2699,0.2724,0.2489,0.2295,0.2639,0.2484,0.238,0.2569,0.2629,0.2554,0.2395,0.2315,0.2325,0.23,0.226,0.2315,0.3163,0.2719,0.242,0.2175,0.234,0.243,0.231,0.2345,0.2873,0.2425,0.649,0.2293,0.3018,0.3008,0.225,0.2539,0.236,0.2948,0.238,0.235
8/15/2022,11.614,0.2617,0.2335,0.2451,0.2921,0.3177,0.2939,0.3069,0.2942,0.2147,0.2328,0.2866,0.2368,0.2108,0.2415,0.2379,0.2379,0.2469,0.2314,0.2328,0.2274,0.2129,0.2538,0.2585,0.2469,0.2017,0.2205,0.2675,0.2162,0.2458,0.2429,0.2212,0.2263,0.2032,0.2014,0.2061,0.2256,0.2212,0.253,0.3419,0.1894,0.2498,0.2292,0.2487,0.2375,0.2136,0.2321,0.2335,0.231
8/14/2022,12.2474,0.2325,0.2431,0.255,0.283,0.3569,0.289,0.2869,0.2491,0.2448,0.2762,0.2525,0.2232,0.2236,0.2317,0.2278,0.2367,0.2533,0.2185,0.2406,0.2274,0.2346,0.2312,0.2856,0.2737,0.2215,0.2452,0.2189,0.2113,0.3064,0.2529,0.2147,0.221,0.2045,0.2295,0.2236,0.2329,0.2278,0.2151,0.7283,0.2396,0.269,0.2452,0.2716,0.2079,0.2665,0.2215,0.2682,0.2274
8/13/2022,10.4522,0.2341,0.2027,0.214,0.2378,0.2751,0.2245,0.2552,0.2447,0.2542,0.2326,0.2498,0.1946,0.2076,0.2074,0.2071,0.2133,0.2012,0.2064,0.2201,0.2265,0.1966,0.2243,0.2115,0.2088,0.202,0.1939,0.1927,0.1912,0.2209,0.2054,0.1885,0.1932,0.1941,0.2047,0.1885,0.1978,0.2076,0.2049,0.4573,0.2044,0.2025,0.1951,0.1929,0.2223,0.2179,0.2066,0.2194,0.1983
8/12/2022,15.0976,0.3207,0.3164,0.315,0.447,0.3775,0.3604,0.2866,0.4293,0.2476,0.403,0.4186,0.2795,0.2511,0.3079,0.2568,0.2639,0.2589,0.3029,0.2866,0.3413,0.3108,0.2923,0.3235,0.3299,0.2824,0.2959,0.254,0.2667,0.3313,0.3108,0.2242,0.2206,0.2462,0.2376,0.2362,0.2689,0.2845,0.3235,0.9418,0.2674,0.288,0.3413,0.2682,0.3143,0.3299,0.2518,0.2788,0.3058
8/11/2022,12.5639,0.2753,0.2319,0.2858,0.2789,0.2634,0.3492,0.3086,0.2894,0.237,0.2306,0.2894,0.2283,0.2397,0.2433,0.2438,0.2748,0.2219,0.2602,0.242,0.2497,0.2242,0.2566,0.2319,0.2205,0.2146,0.2543,0.2575,0.2196,0.2333,0.263,0.2087,0.2132,0.2219,0.2274,0.2283,0.2379,0.2598,0.2657,0.8861,0.2601,0.2287,0.2488,0.2465,0.2187,0.231,0.2735,0.2529,0.236
8/10/2022,11.9306,0.2496,0.2665,0.2174,0.3129,0.2905,0.3054,0.294,0.2862,0.2083,0.2527,0.2343,0.2516,0.2252,0.2319,0.2146,0.2406,0.228,0.2634,0.2582,0.2386,0.2547,0.2296,0.2681,0.2276,0.2016,0.2256,0.281,0.2162,0.2201,0.2213,0.2244,0.2315,0.2162,0.2068,0.2134,0.2366,0.228,0.2339,0.5716,0.2193,0.2252,0.2716,0.2445,0.2158,0.2327,0.2748,0.2166,0.252
8/9/2022,14.2533,0.2774,0.3161,0.2661,0.3117,0.4243,0.3205,0.3905,0.4243,0.2411,0.2899,0.4105,0.283,0.2692,0.2405,0.2805,0.2586,0.3167,0.2567,0.263,0.2748,0.2598,0.2536,0.2642,0.3099,0.2511,0.2755,0.3411,0.2498,0.3393,0.253,0.2592,0.2173,0.2204,0.243,0.2592,0.2555,0.2517,0.3117,0.7168,0.2381,0.2942,0.3061,0.258,0.313,0.3055,0.3024,0.3005,0.288
8/8/2022,29.8794,0.5824,0.7268,0.5846,0.753,1.1775,0.8909,0.939,0.7858,0.7312,0.473,0.9324,0.5955,0.5561,0.5255,0.5605,0.5933,0.5583,0.4839,0.6765,0.5583,0.648,0.5211,0.6436,0.508,0.4402,0.4161,0.6239,0.3964,0.8077,0.5911,0.3592,0.4774,0.4598,0.4183,0.4402,0.5014,0.4161,0.4795,2.196,0.4303,0.6568,0.4883,0.5496,0.7005,0.6196,0.4533,0.4708,0.4817
8/7/2022,61.3423,0.9668,1.5696,1.2388,2.2257,2.0817,1.8363,1.1482,2.327,1.8416,1.2015,1.6122,0.8655,1.0201,0.8014,0.9775,1.0148,1.4202,1.3349,1.3295,1.4309,1.3455,1.4042,0.9348,0.8228,1.0788,1.0041,1.2975,0.9348,1.0682,0.9828,0.7854,1.0095,0.7588,0.6041,0.8441,0.9775,1.3615,1.1588,5.7704,0.8947,1.1322,0.6734,0.8921,1.0735,1.1962,0.9668,1.3242,0.8014
8/6/2022,33.3634,0.7551,0.7805,0.8261,0.9758,1.1888,0.7551,0.8895,1.1609,0.5699,0.821,1.0645,0.8566,0.5877,0.5294,0.6283,0.7627,0.5902,0.7399,0.5852,0.6511,0.7094,0.5243,0.7652,0.6004,0.5395,0.471,0.6359,0.4304,0.8033,0.537,0.3594,0.5725,0.4203,0.5268,0.3848,0.5649,0.6207,0.4888,2.1914,0.4297,0.8312,0.7982,0.712,0.4583,0.5497,0.6765,0.5065,0.537
8/5/2022,16.8926,0.3534,0.2912,0.3018,0.477,0.4788,0.3925,0.4797,0.3552,0.4201,0.4352,0.2894,0.3187,0.3303,0.3365,0.3561,0.3196,0.3374,0.3881,0.3605,0.3347,0.333,0.2823,0.3792,0.381,0.3107,0.2947,0.3383,0.2867,0.4379,0.3125,0.2574,0.2841,0.2618,0.3036,0.2743,0.2929,0.2965,0.2698,1.0993,0.2878,0.2805,0.3579,0.2778,0.2947,0.3596,0.3152,0.333,0.3339
8/4/2022,16.0482,0.3123,0.3292,0.3156,0.429,0.4097,0.3799,0.3317,0.4242,0.4548,0.4049,0.4097,0.33,0.2697,0.3341,0.3526,0.293,0.326,0.3389,0.3582,0.2826,0.3188,0.3502,0.2914,0.3638,0.2544,0.2657,0.2697,0.2536,0.2987,0.3276,0.2906,0.227,0.2391,0.2335,0.2641,0.2914,0.3123,0.2922,1.0891,0.2865,0.2641,0.3059,0.3389,0.2488,0.355,0.3453,0.326,0.2584
8/3/2022,16.8934,0.4086,0.3988,0.3143,0.4317,0.3552,0.5179,0.4646,0.4859,0.3232,0.3419,0.5153,0.3436,0.3365,0.3285,0.2752,0.3161,0.2894,0.3196,0.333,0.3134,0.2743,0.2974,0.3436,0.2885,0.3419,0.3579,0.2689,0.2592,0.2921,0.3347,0.2458,0.2627,0.2672,0.2511,0.2832,0.3018,0.3837,0.3819,0.9655,0.2705,0.3232,0.3552,0.3748,0.3668,0.3383,0.3392,0.3401,0.3712
8/2/2022,17.6322,0.3738,0.368,0.3728,0.4681,0.6232,0.5462,0.4942,0.4373,0.4325,0.4855,0.3978,0.3237,0.3044,0.2967,0.3266,0.3949,0.3497,0.3102,0.3025,0.3921,0.367,0.262,0.3352,0.3545,0.2842,0.3189,0.4681,0.2784,0.3102,0.3092,0.2794,0.2726,0.3198,0.316,0.3054,0.2909,0.3208,0.2745,0.9288,0.2657,0.3728,0.342,0.3323,0.2639,0.368,0.4113,0.3516,0.3285
8/1/2022,22.8057,0.482,0.5412,0.5486,0.6242,0.6849,0.5635,0.4894,0.4776,0.6849,0.4539,0.5102,0.4539,0.3473,0.3621,0.5102,0.4761,0.405,0.4939,0.4391,0.482,0.4184,0.4909,0.5383,0.4983,0.3369,0.4643,0.525,0.3266,0.4702,0.4702,0.3206,0.2851,0.3177,0.3399,0.3636,0.3947,0.3769,0.411,1.9775,0.4019,0.4006,0.3887,0.3562,0.3103,0.4435,0.4198,0.3547,0.3739
7/31/2022,49.9393,0.8713,0.8587,0.8041,1.0851,1.45,0.9593,1.2235,1.8988,0.7496,1.5339,1.3494,1.3326,0.6741,0.9006,0.6616,1.1564,1.0893,0.7119,0.8167,1.1061,1.0558,0.779,1.2781,0.7454,0.7035,1.0851,1.5045,0.6741,0.8083,1.0013,0.5357,0.6993,0.5357,0.5567,0.7245,0.8377,0.8796,0.8167,4.1976,0.6904,1.2571,1.1439,1.1648,0.8964,1.1481,1.1564,0.8419,0.9887
7/30/2022,49.5172,1.1797,1.0717,0.9098,1.3167,1.3125,1.3458,1.4412,1.4537,1.1714,1.3001,0.9306,1.0136,0.7936,0.6275,1.08,1.0178,0.7313,1.1423,0.8642,0.8766,1.051,1.0468,1.1008,0.64,1.0095,0.8475,1.1755,0.6524,0.8351,0.9513,0.8019,0.5071,0.6856,0.4739,0.6566,0.806,0.7438,1.105,4.936,0.7863,1.051,0.8268,1.0053,0.8725,0.6981,1.1216,0.943,0.6067
7/29/2022,24.2834,0.3816,0.4712,0.6193,0.5477,0.564,0.6617,0.6421,0.6991,0.717,0.6373,0.577,0.4093,0.4011,0.3735,0.4533,0.4337,0.5477,0.437,0.4875,0.3995,0.4305,0.3376,0.4386,0.3572,0.3344,0.5265,0.5591,0.3344,0.6584,0.507,0.4142,0.349,0.3051,0.3653,0.4288,0.45,0.5102,0.437,1.9493,0.3983,0.4907,0.5102,0.5233,0.3393,0.463,0.5314,0.4875,0.3865
7/28/2022,16.0483,0.2906,0.3759,0.3317,0.3783,0.495,0.4041,0.3928,0.3711,0.4154,0.4435,0.4105,0.3381,0.2761,0.285,0.3164,0.3083,0.351,0.2729,0.2995,0.297,0.293,0.2979,0.289,0.2987,0.2681,0.3381,0.3437,0.2496,0.4041,0.3365,0.2649,0.2954,0.2319,0.2367,0.2584,0.3019,0.3365,0.3252,0.802,0.2492,0.2753,0.3888,0.3067,0.3582,0.2737,0.384,0.3123,0.2753
7/27/2022,17.8432,0.3842,0.4324,0.3055,0.4521,0.5063,0.4039,0.3675,0.3812,0.3606,0.3173,0.5535,0.4246,0.2769,0.3074,0.3478,0.3251,0.3438,0.2995,0.3064,0.3251,0.3872,0.2789,0.4127,0.3173,0.2956,0.3173,0.4659,0.2799,0.4669,0.3527,0.3133,0.2828,0.2444,0.273,0.2917,0.2976,0.3015,0.3409,1.5204,0.3425,0.4167,0.2671,0.271,0.4019,0.3734,0.2986,0.3084,0.3025
7/26/2022,17.3155,0.3027,0.3418,0.2822,0.4992,0.3772,0.3437,0.5234,0.3464,0.3893,0.3781,0.353,0.3204,0.298,0.2747,0.3129,0.3912,0.2878,0.393,0.3288,0.2952,0.3381,0.2729,0.3446,0.4135,0.2719,0.2701,0.3791,0.2803,0.3725,0.3325,0.2431,0.2673,0.2663,0.2673,0.2496,0.298,0.3977,0.3567,1.7504,0.3724,0.298,0.3744,0.2747,0.3083,0.2934,0.2943,0.3194,0.3697
7/25/2022,24.6004,0.3708,0.5501,0.3825,0.7792,0.7128,0.6165,0.4472,0.7776,0.4738,0.4256,0.409,0.5435,0.4306,0.4273,0.5203,0.5651,0.4738,0.497,0.5452,0.4821,0.5236,0.5037,0.4854,0.492,0.4389,0.4057,0.4422,0.3542,0.4306,0.512,0.3592,0.3642,0.3941,0.3642,0.3277,0.4041,0.3592,0.4207,2.5056,0.4705,0.5302,0.3592,0.4954,0.3825,0.4439,0.5734,0.4937,0.3343
7/24/2022,23.861,0.5695,0.4236,0.5362,0.633,0.5315,0.6314,0.7186,0.6076,0.7329,0.5521,0.5727,0.5664,0.4712,0.4633,0.4886,0.4506,0.4585,0.5521,0.4363,0.3967,0.4157,0.3189,0.3792,0.3538,0.3348,0.4601,0.4442,0.3507,0.6171,0.4474,0.3173,0.384,0.311,0.3205,0.4125,0.4252,0.43,0.4918,1.583,0.3507,0.5775,0.495,0.449,0.5283,0.4141,0.4585,0.5489,0.449
7/23/2022,55.7463,1.3651,1.4415,0.7826,2.0574,2.2341,1.8091,1.1789,1.8903,1.4176,0.7826,1.5513,1.4892,0.7778,0.9784,1.241,0.9402,1.2696,1.0643,1.2457,1.05,0.7348,0.711,1.3126,1.0022,1.0595,0.964,1.4033,0.711,1.0595,1.0595,0.5582,0.7253,0.8399,0.8876,0.5773,0.8781,0.7587,0.8781,4.7599,0.7634,1.0691,0.6585,0.9115,0.6585,1.2075,1.2887,0.8638,0.8781
7/22/2022,51.2065,1.0654,0.9055,1.2857,1.6573,1.8301,1.7091,1.6789,1.7869,1.0222,0.737,1.8431,0.8623,0.9919,1.0913,1.0567,0.9314,0.8623,0.7197,1.1993,0.9444,1.0092,0.8191,1.3721,0.8104,0.8191,0.737,0.7716,0.7586,0.9055,0.9919,0.7975,0.5296,0.5858,0.7154,0.7888,0.8407,0.8104,0.8925,4.3614,0.7117,0.6722,0.7543,1.2425,1.0956,0.7629,0.7672,1.0308,0.6722
7/21/2022,24.9171,0.4475,0.4238,0.5152,0.6793,0.6556,0.6793,0.5321,0.5541,0.752,0.5591,0.6793,0.5473,0.4069,0.4153,0.4137,0.5388,0.4509,0.5355,0.4407,0.5016,0.3815,0.5591,0.6099,0.5845,0.4543,0.5101,0.7165,0.3883,0.4864,0.4475,0.4103,0.3934,0.3578,0.3206,0.4103,0.4018,0.5811,0.5676,1.4617,0.3349,0.5591,0.4796,0.4982,0.4796,0.3815,0.4475,0.5287,0.4373
7/20/2022,20.1661,0.3577,0.4939,0.4623,0.6618,0.6205,0.6338,0.5694,0.444,0.584,0.5596,0.5292,0.3066,0.337,0.4246,0.3285,0.3431,0.3431,0.4708,0.3917,0.4343,0.3394,0.2871,0.4282,0.3224,0.2798,0.3735,0.4015,0.2981,0.3552,0.4246,0.3467,0.2871,0.2555,0.3589,0.2908,0.3346,0.4599,0.4574,1.0571,0.2824,0.3127,0.4842,0.4355,0.4149,0.3905,0.4854,0.382,0.3248
7/19/2022,14.6757,0.2494,0.3362,0.2828,0.3442,0.4684,0.3943,0.2915,0.4117,0.3956,0.3576,0.3129,0.2855,0.2581,0.2661,0.3195,0.2548,0.2768,0.3089,0.3089,0.3015,0.2681,0.3289,0.3296,0.3276,0.2314,0.2735,0.3356,0.2588,0.3723,0.2701,0.2655,0.2161,0.2708,0.2174,0.2721,0.2735,0.3055,0.2494,0.7238,0.2391,0.2661,0.3449,0.2481,0.3189,0.2535,0.2528,0.2962,0.2414
7/18/2022,17.4207,0.2995,0.356,0.3513,0.3918,0.5181,0.4738,0.4125,0.5548,0.2665,0.4766,0.487,0.3654,0.3117,0.3372,0.2873,0.3636,0.2835,0.2863,0.341,0.2995,0.2976,0.3146,0.307,0.3852,0.3117,0.3268,0.324,0.2656,0.4333,0.3061,0.2505,0.3023,0.2571,0.2986,0.2552,0.3353,0.3231,0.3447,1.3323,0.3181,0.3984,0.3004,0.3541,0.3617,0.3457,0.2797,0.292,0.3362
7/17/2022,37.0585,0.6519,0.6926,0.8786,1.1285,1.3203,1.236,1.2825,1.3058,0.5822,1.0965,1.2854,0.8001,0.4892,0.559,0.8437,0.5125,0.6868,0.8844,0.8176,0.7478,0.6461,0.7217,0.8641,0.806,0.7275,0.6549,0.6316,0.5125,1.0297,0.7537,0.5096,0.5444,0.4543,0.4224,0.5328,0.5619,0.4892,0.5619,2.0183,0.4072,0.896,0.6723,0.5212,0.7275,0.5328,0.6897,0.6781,0.6897
7/16/2022,17.7375,0.4267,0.3828,0.3497,0.5085,0.5523,0.4578,0.5026,0.5182,0.3838,0.2952,0.5201,0.3195,0.3244,0.3517,0.2796,0.3468,0.2855,0.3186,0.3176,0.3517,0.3361,0.2689,0.4052,0.2767,0.3468,0.3624,0.4004,0.2689,0.3488,0.3682,0.2465,0.2757,0.2806,0.2553,0.3079,0.3361,0.3536,0.2816,1.1767,0.2979,0.4101,0.3371,0.2738,0.2582,0.338,0.4189,0.338,0.376
7/15/2022,9.7135,0.2092,0.1941,0.2042,0.235,0.2534,0.2052,0.2152,0.2331,0.2188,0.2095,0.2155,0.1949,0.1939,0.2035,0.1908,0.2032,0.2014,0.1987,0.1979,0.1956,0.192,0.2047,0.1946,0.1859,0.1967,0.1893,0.2114,0.186,0.2188,0.1915,0.1879,0.186,0.1871,0.1896,0.1805,0.1905,0.1937,0.1941,0.2854,0.1821,0.2059,0.1932,0.1915,0.2009,0.1955,0.2138,0.1999,0.1919
7/14/2022,35.2642,0.5293,0.7201,0.502,1.23,1.3254,1.2627,1.1891,1.2054,1.1127,0.9055,1.11,0.532,0.4857,0.7556,0.6438,0.4911,0.5429,0.5565,0.6138,0.6329,0.6683,0.4911,0.5511,0.4339,0.4093,0.5402,0.7065,0.4393,0.9382,0.7447,0.5756,0.5075,0.5784,0.5402,0.5511,0.5538,0.851,0.7474,2.7509,0.5024,0.5375,0.7365,0.791,0.4775,0.5511,0.6083,0.5129,0.622
7/13/2022,21.9608,0.4752,0.3761,0.4975,0.6078,0.6022,0.5352,0.6316,0.4389,0.4208,0.3537,0.5408,0.5031,0.3998,0.3817,0.3454,0.418,0.3705,0.5031,0.4543,0.397,0.3691,0.3174,0.4459,0.3412,0.344,0.4654,0.3426,0.316,0.404,0.4235,0.337,0.3817,0.2951,0.3635,0.3328,0.3733,0.4752,0.3202,2.4611,0.4648,0.4696,0.3747,0.3398,0.3202,0.5143,0.3551,0.3454,0.4152
7/12/2022,17.9484,0.4223,0.4263,0.3507,0.4492,0.4462,0.4005,0.4124,0.491,0.3865,0.3358,0.3587,0.3129,0.304,0.3826,0.3308,0.3447,0.3398,0.3855,0.3597,0.3845,0.3835,0.3736,0.4064,0.3915,0.3388,0.2721,0.4124,0.2681,0.3378,0.3219,0.2851,0.3268,0.2751,0.3249,0.2691,0.3109,0.2781,0.3637,1.3518,0.3206,0.3905,0.3646,0.3995,0.3219,0.3089,0.3646,0.288,0.2741
7/11/2022,21.0104,0.449,0.4802,0.3215,0.4945,0.6168,0.4464,0.6038,0.4477,0.5062,0.3592,0.4217,0.3944,0.4152,0.449,0.4308,0.3865,0.4542,0.3709,0.4152,0.4204,0.3176,0.3839,0.3618,0.3605,0.2994,0.4152,0.3891,0.3501,0.4828,0.3579,0.3007,0.2642,0.3488,0.2955,0.2877,0.3449,0.3683,0.3983,2.3544,0.4509,0.3683,0.4022,0.4113,0.3228,0.3384,0.488,0.3488,0.315
7/10/2022,42.1265,0.6137,0.839,0.7502,1.2587,1.0744,0.8458,0.9652,1.2485,1.0744,0.9243,0.9584,0.9175,0.6342,0.7605,0.9004,0.9618,0.7263,0.9516,0.6752,0.8799,0.914,0.7195,0.5932,0.8663,0.7878,0.8014,1.2587,0.5898,1.0267,0.7059,0.6308,0.583,0.467,0.6786,0.5898,0.6717,0.7844,0.8731,3.794,0.6379,0.856,1.0983,0.6717,0.798,0.682,0.5864,0.9448,0.5557
7/9/2022,54.3738,1.4188,1.4373,1.3399,1.4512,1.9335,1.8222,1.3817,1.8176,1.0385,1.5486,1.6877,0.7139,1.1081,0.7695,0.8901,0.853,0.8576,0.9597,1.1405,1.2147,1.1359,1.1452,1.1498,1.3538,0.9365,0.8808,0.7417,0.6443,1.5625,1.006,0.8391,0.5423,0.7742,0.5655,0.7417,0.7927,0.7185,0.7556,3.2858,0.5719,1.4234,1.0941,0.8066,0.8994,1.071,1.1776,1.2657,1.1081
7/8/2022,21.3272,0.5238,0.4265,0.3719,0.5851,0.6385,0.6211,0.5198,0.4612,0.4305,0.5985,0.4012,0.4425,0.3239,0.3439,0.4492,0.3506,0.3906,0.4252,0.4146,0.4772,0.3466,0.4732,0.4719,0.4439,0.3666,0.4305,0.4905,0.3519,0.4359,0.3626,0.276,0.3692,0.3652,0.2986,0.3359,0.3532,0.4479,0.4679,1.3933,0.326,0.3786,0.3333,0.4612,0.4479,0.4559,0.4679,0.4159,0.3639
7/7/2022,17.104,0.3096,0.3843,0.4161,0.4981,0.6173,0.5144,0.3761,0.4507,0.3761,0.4225,0.4307,0.4143,0.2878,0.3569,0.346,0.3815,0.2969,0.3296,0.3096,0.3287,0.2777,0.2768,0.3633,0.3269,0.3433,0.3278,0.2623,0.2723,0.4107,0.2868,0.275,0.2459,0.2404,0.2404,0.2695,0.2996,0.2805,0.2686,1.0562,0.2822,0.3551,0.4043,0.3314,0.3041,0.3005,0.2805,0.3287,0.346
7/6/2022,15.6259,0.275,0.2742,0.2506,0.4595,0.5098,0.3779,0.4092,0.4259,0.2925,0.3329,0.3367,0.3192,0.2887,0.2933,0.339,0.3382,0.3085,0.3192,0.3062,0.336,0.3268,0.3512,0.3077,0.3398,0.3131,0.3032,0.3871,0.262,0.2818,0.2803,0.278,0.294,0.2231,0.2254,0.233,0.265,0.2757,0.278,0.6411,0.2283,0.3062,0.3893,0.3474,0.3436,0.3352,0.3642,0.3154,0.3375
7/5/2022,17.1038,0.2996,0.3724,0.3132,0.5081,0.4425,0.4034,0.5026,0.5299,0.3906,0.3924,0.428,0.3487,0.3005,0.305,0.3715,0.295,0.3369,0.2805,0.3852,0.2941,0.2959,0.387,0.3833,0.2969,0.2705,0.3023,0.4107,0.2632,0.3924,0.3469,0.234,0.2714,0.2422,0.2796,0.3114,0.2941,0.2677,0.3697,1.1198,0.2905,0.2959,0.3724,0.3624,0.2987,0.3751,0.3142,0.2969,0.2586
7/4/2022,32.2019,0.5491,0.5249,0.5442,0.9363,0.8951,0.7983,0.7427,0.9,0.8346,0.5829,0.6991,0.6991,0.5708,0.4571,0.7112,0.4886,0.6967,0.612,0.6725,0.6265,0.6144,0.4353,0.8298,0.6894,0.595,0.5563,0.7354,0.474,0.733,0.6289,0.474,0.3772,0.52,0.4184,0.5442,0.566,0.7209,0.4837,3.1054,0.5485,0.5781,0.4547,0.7693,0.4668,0.5781,0.4644,0.7378,0.5612
7/3/2022,33.8911,0.6353,0.6612,0.8398,1.0625,1.2049,1.0729,0.99,0.9719,0.6845,0.8709,0.9201,0.5757,0.4877,0.5887,0.4851,0.7777,0.5084,0.6301,0.7777,0.7311,0.7026,0.568,0.6146,0.6715,0.4126,0.511,0.4748,0.4929,0.5835,0.5602,0.4178,0.4981,0.5395,0.5007,0.5162,0.5214,0.4541,0.6612,3.4892,0.5983,0.48,0.4359,0.4592,0.7932,0.6664,0.6353,0.5499,0.6068
7/2/2022,12.2477,0.2792,0.2656,0.2563,0.275,0.3468,0.2444,0.3094,0.269,0.213,0.2758,0.3319,0.2495,0.2389,0.2249,0.2266,0.2367,0.2525,0.2452,0.2287,0.2712,0.2465,0.252,0.2801,0.2563,0.2189,0.2257,0.2516,0.2164,0.275,0.2525,0.1981,0.2376,0.2317,0.2325,0.2312,0.2423,0.2363,0.2444,0.5099,0.2113,0.2244,0.2894,0.2104,0.2393,0.2312,0.2559,0.2601,0.2461
7/1/2022,19.4267,0.3175,0.4729,0.4649,0.514,0.5632,0.498,0.5209,0.594,0.3929,0.4432,0.5038,0.3826,0.3049,0.3746,0.3666,0.3586,0.3906,0.3564,0.3781,0.3963,0.3461,0.3678,0.4066,0.4729,0.3244,0.2889,0.4569,0.3015,0.3689,0.4009,0.2409,0.2981,0.3095,0.3118,0.2592,0.3655,0.4421,0.3164,1.1072,0.2889,0.4169,0.4158,0.4306,0.3118,0.4398,0.3689,0.3941,0.3803
6/30/2022,16.8931,0.357,0.3712,0.3134,0.525,0.3552,0.4495,0.3605,0.5268,0.4023,0.4032,0.3445,0.2912,0.3223,0.3552,0.3214,0.349,0.3605,0.3081,0.3481,0.3739,0.2734,0.3801,0.3436,0.2992,0.3463,0.3392,0.4584,0.2636,0.4592,0.3081,0.2431,0.2476,0.2752,0.2396,0.2405,0.2814,0.3828,0.3472,0.79,0.2477,0.2716,0.4246,0.349,0.3534,0.3294,0.3623,0.3356,0.2627
6/29/2022,15.2039,0.3014,0.3396,0.2956,0.3287,0.4526,0.4397,0.323,0.4584,0.3064,0.4001,0.3417,0.256,0.2582,0.3187,0.2668,0.305,0.274,0.2704,0.2978,0.3136,0.2603,0.3158,0.2898,0.3136,0.2416,0.2546,0.3648,0.2697,0.2596,0.2812,0.2841,0.2524,0.2272,0.2207,0.2466,0.2956,0.2762,0.2582,0.9833,0.2728,0.3064,0.2805,0.3374,0.3165,0.323,0.3381,0.2589,0.3273
6/28/2022,24.2835,0.5835,0.5249,0.3865,0.7057,0.6845,0.7545,0.805,0.6242,0.4695,0.4419,0.3865,0.577,0.4923,0.3751,0.4142,0.3686,0.5428,0.3784,0.533,0.5249,0.4142,0.3832,0.5575,0.494,0.3295,0.4516,0.3702,0.3556,0.5396,0.4158,0.393,0.4353,0.3067,0.4158,0.3083,0.4305,0.3816,0.5542,1.8902,0.3906,0.5786,0.5526,0.4679,0.4142,0.4077,0.6079,0.4972,0.367
6/27/2022,24.4947,0.5576,0.5724,0.5114,0.6797,0.9996,0.7456,0.485,0.7077,0.5131,0.5295,0.6698,0.457,0.4966,0.4487,0.5526,0.3745,0.5427,0.5263,0.4982,0.4619,0.4735,0.358,0.4801,0.4421,0.3217,0.4669,0.4372,0.3349,0.4372,0.4586,0.325,0.4405,0.3498,0.4075,0.3168,0.4273,0.5065,0.3679,1.7111,0.3673,0.4718,0.5279,0.3316,0.4504,0.5048,0.457,0.4553,0.5361
6/26/2022,43.2879,0.6254,0.8583,0.9359,1.4723,1.4829,1.1018,0.8689,0.9042,0.9712,1.3276,0.7207,0.6889,0.756,0.8442,0.763,0.8654,0.9218,0.943,0.8901,0.7419,0.9359,0.7419,0.7666,0.5901,0.5337,0.6148,0.9853,0.6466,1.0277,0.823,0.4631,0.4701,0.6819,0.5478,0.4737,0.6819,0.5795,0.8936,5.098,0.8073,0.7771,0.816,0.9289,0.9324,0.8583,0.7172,0.6289,0.5831
6/25/2022,50.2561,1.0963,1.3118,0.8047,1.3287,2.1823,1.5062,1.1639,1.3329,0.8512,0.8132,1.2611,1.2019,0.8977,0.9569,1.1005,0.716,1.1681,0.8385,0.9019,1.109,1.0414,0.6061,0.8385,1.2315,0.7709,0.9315,0.9738,0.6357,1.1724,0.8301,0.6315,0.8005,0.7878,0.8385,0.6611,0.7498,1.0076,1.0287,4.7703,0.7648,0.6822,0.9611,0.6568,0.6949,1.0456,0.7498,1.1555,0.6949
6/24/2022,53.4235,1.4204,1.325,1.1296,1.493,2.3334,1.4022,1.6202,1.8564,1.6111,0.9434,1.8655,0.68,1.0524,0.7844,0.8253,0.9025,0.739,0.9616,0.8798,0.8662,1.0933,1.1751,1.0252,1.3386,1.007,0.8117,1.0751,0.7072,0.9252,1.1069,0.739,0.6618,0.5073,0.8435,0.6663,0.9116,1.2023,0.8299,4.4199,0.7193,0.9752,0.6391,0.9798,0.6254,1.1614,0.7118,0.8526,1.0206
6/23/2022,20.7993,0.4854,0.3919,0.374,0.5084,0.7106,0.7017,0.717,0.4329,0.4214,0.3817,0.5148,0.4841,0.4214,0.4316,0.3369,0.3638,0.3279,0.3689,0.3983,0.3663,0.3126,0.4137,0.3382,0.4367,0.4239,0.3766,0.3945,0.3279,0.3996,0.3766,0.3702,0.2716,0.2729,0.2729,0.3049,0.3881,0.4547,0.351,1.6404,0.3581,0.4956,0.3062,0.4355,0.3766,0.3894,0.5033,0.3535,0.3151
6/22/2022,17.4209,0.3052,0.324,0.3372,0.4757,0.4606,0.4342,0.5096,0.3617,0.3626,0.3805,0.502,0.3607,0.2995,0.3127,0.3777,0.3871,0.3918,0.2863,0.3749,0.3353,0.3673,0.2609,0.292,0.2637,0.2741,0.3212,0.4069,0.2807,0.3815,0.3212,0.2543,0.3061,0.3155,0.291,0.2684,0.3183,0.2882,0.2675,1.3097,0.3152,0.3598,0.3532,0.3786,0.2957,0.2995,0.405,0.3579,0.2882
6/21/2022,18.4761,0.4286,0.3217,0.2871,0.4055,0.5313,0.3961,0.6035,0.3573,0.3647,0.5072,0.4726,0.4275,0.3311,0.3175,0.3259,0.3982,0.3835,0.3657,0.3594,0.4181,0.3909,0.4223,0.3856,0.3521,0.3772,0.3898,0.3332,0.2997,0.3992,0.3846,0.2379,0.2693,0.2547,0.2672,0.2945,0.2997,0.416,0.4087,1.2218,0.3038,0.3867,0.3133,0.3846,0.3437,0.3374,0.2966,0.416,0.2871
6/20/2022,30.7238,0.7734,0.5053,0.453,0.987,0.8688,1.1165,0.9166,1.112,0.8916,0.8802,1.037,0.6484,0.5552,0.6348,0.4893,0.7189,0.5121,0.5302,0.5189,0.5507,0.453,0.7075,0.5893,0.5098,0.5689,0.4712,0.7552,0.4916,0.6234,0.4757,0.3598,0.4825,0.4553,0.4394,0.4825,0.4689,0.662,0.4416,1.9083,0.3929,0.4371,0.6893,0.4416,0.4712,0.4575,0.578,0.5893,0.6211
6/19/2022,21.327,0.4425,0.4132,0.3626,0.4585,0.8157,0.5038,0.5038,0.6984,0.4639,0.3892,0.3986,0.3906,0.3999,0.3666,0.4399,0.3679,0.4066,0.3266,0.3772,0.3999,0.3386,0.3519,0.4505,0.5065,0.4345,0.4372,0.3879,0.3386,0.4265,0.4132,0.2773,0.3173,0.3133,0.2786,0.3213,0.3852,0.4452,0.4305,1.9642,0.4002,0.3826,0.3812,0.4425,0.3639,0.3999,0.4212,0.4106,0.3812
6/18/2022,56.1688,1.2071,0.8314,1.2745,1.7466,1.5925,1.183,1.2938,1.9345,1.2264,1.1589,1.1734,1.2456,0.9518,0.9711,1.106,0.9566,0.8892,1.1686,0.9181,1.1541,1.0337,0.7158,1.1782,1.395,0.7399,0.9277,0.9952,0.8362,1.4191,0.8555,0.8121,0.711,0.7495,0.7832,0.8507,0.9085,0.9807,1.13,5.7129,0.8872,1.0482,1.106,1.1445,0.9615,1.1493,1.1878,1.1493,0.8169
6/17/2022,51.6286,0.8429,0.8473,1.2007,1.4973,1.2487,1.253,1.5322,1.3795,0.9345,1.0349,1.4886,1.3883,1.0043,0.6946,0.8909,1.0349,1.0131,1.1352,1.0829,1.0174,0.6989,0.9563,1.157,0.9171,0.808,0.9258,0.7687,0.7426,1.493,1.0087,0.8778,0.7426,0.6335,0.6509,0.6771,0.9433,0.8647,0.7251,5.1554,0.8148,0.8516,0.7862,0.6553,1.1789,1.1352,0.6684,1.2007,1.0698
6/16/2022,21.6441,0.4095,0.5405,0.4709,0.6606,0.6579,0.4805,0.5446,0.4941,0.4709,0.636,0.666,0.329,0.3168,0.4409,0.4395,0.3809,0.3481,0.4532,0.4109,0.4464,0.3741,0.3959,0.3277,0.4696,0.4191,0.4191,0.3973,0.3086,0.4859,0.4232,0.3659,0.3809,0.3686,0.3768,0.3399,0.3754,0.4327,0.3727,1.2667,0.3096,0.37,0.5282,0.3836,0.4682,0.4177,0.5378,0.3904,0.3413
6/15/2022,20.3772,0.3338,0.3498,0.3573,0.5751,0.4711,0.6692,0.5726,0.5008,0.3041,0.3907,0.5949,0.4241,0.3474,0.4241,0.3511,0.3659,0.4031,0.413,0.361,0.4365,0.3177,0.2979,0.3845,0.3956,0.4105,0.3672,0.5306,0.3041,0.5231,0.3536,0.356,0.2979,0.3214,0.3511,0.3338,0.3796,0.3857,0.3956,1.4537,0.3339,0.4662,0.335,0.4204,0.4105,0.4377,0.3461,0.3721,0.4501
6/14/2022,21.5385,0.4889,0.363,0.4591,0.6852,0.7163,0.6581,0.4997,0.4997,0.5891,0.4916,0.4564,0.3887,0.4253,0.3413,0.4293,0.3982,0.3562,0.3738,0.4049,0.4063,0.4036,0.3643,0.3968,0.497,0.3955,0.3697,0.3792,0.3345,0.4984,0.3765,0.363,0.2723,0.2763,0.3197,0.3846,0.4009,0.4104,0.4009,1.7387,0.3709,0.4875,0.367,0.344,0.3142,0.3549,0.4726,0.34,0.474
6/13/2022,16.893,0.3063,0.3739,0.325,0.5135,0.5837,0.3339,0.325,0.3854,0.4148,0.2823,0.3178,0.276,0.3063,0.3241,0.2903,0.3605,0.3241,0.3365,0.3499,0.381,0.3356,0.2565,0.3072,0.2974,0.3036,0.3472,0.4459,0.2636,0.3196,0.3401,0.2956,0.2787,0.276,0.2983,0.2698,0.3081,0.268,0.2752,1.3362,0.3186,0.3748,0.2867,0.2894,0.2574,0.3178,0.4059,0.357,0.3525
6/12/2022,48.3557,1.1231,1.0101,1.1029,1.0585,1.6679,1.8414,0.9334,1.5912,1.4581,1.5347,1.0908,1.1635,0.7034,1.0303,0.6509,0.6953,0.9092,1.0545,0.9576,0.9132,1.0182,1.0101,1.0384,0.5904,0.7236,0.7922,0.9576,0.7438,1.5105,0.8204,0.546,0.542,0.655,0.6953,0.7316,0.6994,1.1715,1.1312,1.8882,0.3903,1.1675,0.9254,1.1554,0.7801,1.0464,1.1917,1.0424,0.9011
6/11/2022,61.9758,1.0897,0.9115,1.5161,2.3041,2.4013,2.0018,1.0519,1.2138,1.2354,1.4135,1.5592,1.122,1.1166,0.8252,1.1004,1.3595,1.0519,1.2624,1.0735,1.4189,1.2948,1.4783,1.4297,0.9763,0.9115,0.9763,1.2894,0.7334,1.7913,0.8791,0.5877,1.0519,0.8791,0.8198,0.9277,1.0573,0.8414,1.4513,5.5073,0.8605,1.4567,1.1868,1.4567,1.3595,1.2678,0.9223,0.809,0.7442
6/10/2022,22.0663,0.4775,0.4902,0.3678,0.7476,0.5014,0.4719,0.4002,0.666,0.3748,0.5057,0.4775,0.538,0.4269,0.3861,0.3341,0.3706,0.3664,0.4522,0.4818,0.3974,0.4607,0.4367,0.5211,0.5296,0.4086,0.4775,0.5113,0.3509,0.6013,0.3552,0.2609,0.3439,0.3115,0.2736,0.2806,0.3847,0.4241,0.4832,1.6767,0.3629,0.4339,0.3481,0.3833,0.5099,0.4677,0.4677,0.4508,0.3158
6/9/2022,20.1661,0.455,0.4428,0.3796,0.5438,0.7798,0.4635,0.5085,0.6326,0.2993,0.3297,0.382,0.3565,0.3759,0.3577,0.3601,0.3236,0.3771,0.3869,0.3711,0.4282,0.3041,0.326,0.4562,0.4015,0.292,0.3638,0.4076,0.3078,0.3504,0.3638,0.247,0.3163,0.2993,0.3577,0.3431,0.3711,0.444,0.3893,2.2415,0.4362,0.3516,0.2883,0.326,0.3005,0.3321,0.3784,0.3163,0.3005
6/8/2022,18.6879,0.4339,0.3142,0.2992,0.4403,0.4093,0.6027,0.4723,0.5001,0.4659,0.4873,0.4445,0.3868,0.3345,0.3088,0.3922,0.3473,0.3697,0.3163,0.4264,0.3206,0.327,0.4274,0.4542,0.2971,0.3441,0.2917,0.2874,0.2757,0.4039,0.343,0.3291,0.3131,0.3152,0.2949,0.3003,0.3387,0.2906,0.3804,1.56,0.3477,0.3003,0.3174,0.405,0.3142,0.3003,0.3313,0.3409,0.3847
6/7/2022,33.7858,0.8809,0.6257,0.6411,1.0331,1.1388,0.8603,1.064,0.8938,0.997,1.015,0.6721,0.5251,0.5896,0.685,0.5302,0.7701,0.6669,0.8087,0.7804,0.7365,0.7314,0.5973,0.7133,0.7417,0.5302,0.6385,0.6334,0.4787,0.6875,0.5509,0.4503,0.4709,0.4555,0.4065,0.4684,0.5586,0.801,0.5715,1.9376,0.3967,0.5302,0.8345,0.4374,0.5818,0.5406,0.8526,0.7082,0.5663
6/6/2022,20.7993,0.5097,0.4419,0.5033,0.5007,0.6582,0.63,0.694,0.685,0.5698,0.5878,0.4367,0.4163,0.3356,0.4342,0.3919,0.3855,0.3702,0.3676,0.4111,0.4291,0.3715,0.4214,0.4124,0.4342,0.3727,0.3804,0.3689,0.3062,0.3433,0.3407,0.3036,0.319,0.2959,0.3113,0.3689,0.3676,0.4188,0.4201,0.9426,0.2675,0.4739,0.4252,0.3215,0.3215,0.438,0.5033,0.3305,0.4598
6/5/2022,10.03,0.2146,0.2012,0.2128,0.2365,0.2373,0.2387,0.227,0.2379,0.2304,0.2008,0.2028,0.219,0.19,0.2097,0.2121,0.2065,0.1957,0.1922,0.2162,0.2111,0.1918,0.2113,0.2044,0.1941,0.19,0.2077,0.229,0.1872,0.1951,0.1955,0.1815,0.1817,0.1858,0.1831,0.1983,0.2022,0.1892,0.1898,0.3424,0.1895,0.215,0.2255,0.2125,0.214,0.2132,0.1904,0.2119,0.2054
6/4/2022,12.2473,0.2639,0.2771,0.2223,0.2699,0.354,0.3378,0.3085,0.2491,0.3128,0.3022,0.3026,0.2508,0.2482,0.2287,0.238,0.2346,0.2206,0.2244,0.2533,0.2406,0.2376,0.2384,0.2465,0.2754,0.2342,0.2367,0.3009,0.2185,0.3064,0.2457,0.2227,0.2367,0.2062,0.204,0.2083,0.2287,0.2512,0.2393,0.3764,0.1939,0.2686,0.2801,0.2198,0.2321,0.255,0.2193,0.2618,0.2635
6/3/2022,20.4825,0.495,0.3939,0.455,0.5124,0.797,0.6672,0.7059,0.4675,0.5249,0.5511,0.4176,0.3289,0.3065,0.4313,0.4238,0.3389,0.455,0.4488,0.3751,0.4076,0.4163,0.4425,0.3427,0.4088,0.3015,0.4051,0.5299,0.3152,0.5561,0.4038,0.3676,0.3327,0.309,0.3651,0.3689,0.3901,0.3352,0.3839,0.5456,0.2159,0.4001,0.3739,0.4525,0.3601,0.4051,0.4363,0.3864,0.4288
6/2/2022,18.3712,0.4415,0.3212,0.4498,0.5359,0.6261,0.5255,0.3648,0.4394,0.5089,0.4135,0.3741,0.373,0.2994,0.3222,0.3036,0.3098,0.4,0.2942,0.3565,0.3565,0.2984,0.3482,0.3575,0.399,0.3523,0.3585,0.4602,0.3015,0.3233,0.3388,0.3347,0.3305,0.2984,0.2984,0.2942,0.3233,0.3295,0.3087,1.0487,0.2813,0.3585,0.4135,0.3005,0.4052,0.4145,0.428,0.3741,0.2756
6/1/2022,21.6436,0.3932,0.4573,0.4996,0.6292,0.651,0.6892,0.621,0.6633,0.3249,0.4327,0.677,0.3577,0.3795,0.3249,0.4641,0.3399,0.3604,0.475,0.3672,0.4668,0.3386,0.3877,0.4,0.3277,0.4409,0.344,0.3672,0.3045,0.4054,0.3481,0.2976,0.3222,0.3195,0.3713,0.3249,0.355,0.3249,0.43,2.0202,0.4075,0.4409,0.4395,0.4941,0.3058,0.3945,0.3168,0.4832,0.3577
5/31/2022,14.5705,0.283,0.2672,0.302,0.3349,0.4893,0.419,0.369,0.3467,0.3513,0.2738,0.2521,0.3152,0.2922,0.2961,0.306,0.2889,0.2619,0.2514,0.2744,0.2856,0.2449,0.2606,0.3289,0.2751,0.2462,0.2836,0.2862,0.2389,0.3835,0.3007,0.2343,0.2238,0.2429,0.237,0.2639,0.2738,0.2396,0.3204,0.9011,0.2621,0.2797,0.2764,0.3119,0.2672,0.3112,0.2744,0.2941,0.2481
5/30/2022,35.8971,0.6074,0.5377,0.9115,0.7804,1.1738,0.7497,0.9896,0.9617,0.9283,1.0901,0.7944,0.6995,0.6298,0.6102,0.574,0.8278,0.6911,0.7637,0.6632,0.6214,0.6939,0.825,0.613,0.5684,0.4652,0.7832,0.7079,0.4986,1.1012,0.5433,0.3536,0.5014,0.4456,0.5293,0.5572,0.6577,0.5098,0.5768,3.6849,0.6238,0.8334,0.5042,0.454,0.7916,0.6939,0.5433,0.5293,0.7023
5/29/2022,30.3017,0.7621,0.6305,0.5971,0.664,0.6707,0.7041,0.945,0.8647,0.7487,0.4477,0.8223,0.7064,0.4321,0.6484,0.5926,0.4655,0.6462,0.4767,0.6283,0.7064,0.6015,0.6462,0.6127,0.7086,0.5324,0.548,0.8781,0.4566,0.5235,0.6372,0.3072,0.4477,0.4967,0.4187,0.3941,0.4767,0.7264,0.5614,2.3536,0.4508,0.6238,0.5123,0.6908,0.4209,0.4499,0.7287,0.4432,0.4945
5/28/2022,21.3276,0.3453,0.3666,0.3413,0.5345,0.7811,0.7184,0.6838,0.4998,0.6478,0.6065,0.6598,0.5012,0.3159,0.3986,0.4159,0.3426,0.4039,0.3919,0.4292,0.4305,0.3599,0.3626,0.5318,0.5092,0.4079,0.3079,0.5998,0.3026,0.6051,0.3453,0.3439,0.2999,0.3159,0.2813,0.3093,0.3826,0.3772,0.4732,0.7623,0.2441,0.3986,0.4998,0.3133,0.4745,0.4919,0.4186,0.4146,0.3799
5/27/2022,60.7089,1.0311,1.4738,1.1681,1.7427,2.0115,1.632,2.4648,1.6056,0.7517,1.4633,0.8782,0.7781,1.2525,0.815,1.0733,0.9889,0.873,0.9468,1.0364,1.1418,1.1049,0.9731,1.4053,0.7412,0.8044,1.01,1.5371,0.8044,0.9731,1.0416,0.62,0.9784,0.7623,0.7148,0.7834,1.0364,1.2736,0.894,7.4531,1.1133,0.9046,1.3526,1.1945,0.9889,1.3737,1.4791,1.3421,0.9204
5/26/2022,57.0134,0.9754,1.0293,1.1371,1.8429,2.6811,1.1175,1.2205,1.5194,1.3969,1.2842,1.6812,1.1175,0.8431,0.8185,1.0538,0.8823,1.1224,1.343,0.946,0.8872,1.0587,0.6911,0.8038,0.6715,0.9558,0.7107,1.5439,0.696,0.9215,0.8185,0.7303,0.5588,0.9068,0.5294,0.7989,1.0244,1.3773,1.0538,6.2612,0.9585,1.1273,1.5685,1.3577,1.1861,0.9362,0.8774,1.1224,0.8676
5/25/2022,17.6319,0.3362,0.4209,0.3738,0.4181,0.4999,0.4421,0.577,0.5616,0.2871,0.3872,0.2967,0.3988,0.3034,0.2986,0.3439,0.3439,0.2919,0.3439,0.342,0.3969,0.3323,0.3189,0.3969,0.3564,0.3593,0.3689,0.3709,0.2678,0.3294,0.2967,0.2553,0.3015,0.2659,0.314,0.2871,0.2909,0.2938,0.3516,1.2177,0.3032,0.2822,0.4046,0.2678,0.367,0.3217,0.3892,0.2871,0.3699
5/24/2022,19.1103,0.3989,0.4566,0.3644,0.5389,0.6344,0.5222,0.4089,0.6044,0.5433,0.4044,0.3855,0.41,0.3522,0.3811,0.3922,0.3022,0.4311,0.4344,0.3466,0.4289,0.4111,0.4311,0.4766,0.3167,0.3067,0.3144,0.3111,0.3,0.3833,0.3878,0.3233,0.2911,0.3178,0.3067,0.2911,0.3489,0.39,0.3111,1.0732,0.2844,0.43,0.2922,0.2911,0.2878,0.4033,0.3678,0.3311,0.39
5/23/2022,21.8555,0.423,0.3773,0.3662,0.5657,0.8082,0.4687,0.725,0.5269,0.4438,0.6239,0.6973,0.5047,0.3412,0.3315,0.4493,0.3773,0.5006,0.3939,0.4618,0.4964,0.4244,0.4687,0.5338,0.405,0.3011,0.3676,0.4646,0.3523,0.4798,0.3759,0.2997,0.3911,0.3371,0.3842,0.2844,0.3579,0.4992,0.4729,1.1476,0.2941,0.4632,0.369,0.4798,0.3108,0.4715,0.3648,0.4632,0.4091
5/22/2022,36.1086,0.8132,0.6642,0.8525,1.277,1.0605,0.7035,1.1336,0.7345,0.8947,0.8525,0.6698,0.5012,0.7232,0.7232,0.5293,0.7007,0.5602,0.7345,0.7654,0.7766,0.5714,0.6501,0.6642,0.8947,0.6867,0.4899,0.473,0.563,0.9621,0.5771,0.4253,0.5967,0.4393,0.5265,0.5405,0.6023,0.5405,0.8469,2.9802,0.5322,0.622,0.9003,0.8581,0.771,0.7654,0.5827,0.7682,0.608
5/21/2022,61.1311,1.3993,1.0008,1.6171,2.1113,1.9147,1.7553,2.3663,1.5109,2.0741,1.6756,1.665,1.1602,1.0752,1.2771,1.2452,1.0274,1.224,1.2027,1.394,1.3887,0.7883,0.6927,1.6437,0.9477,0.868,0.9583,1.9359,0.8361,1.5321,1.1974,1.0274,0.6714,0.6767,0.7245,0.698,0.9796,1.3409,0.7458,3.6181,0.6151,1.2718,0.7724,0.7777,1.1071,0.9211,1.3727,1.4365,0.8892
5/20/2022,37.7976,0.6136,0.6851,0.861,1.0427,1.6864,1.2692,0.8669,1.0368,0.6017,1.1947,1.3198,0.7745,0.5391,0.7447,0.56,0.7626,0.8878,0.6613,0.6107,0.8252,0.7447,0.563,0.554,0.5749,0.5838,0.5272,0.7388,0.5719,0.9414,0.5898,0.3633,0.6196,0.5391,0.4408,0.5898,0.6345,0.5958,0.566,3.5343,0.6042,0.8282,0.706,0.6166,0.7477,0.6405,0.7507,0.5332,0.554
5/19/2022,60.4977,1.5474,1.6051,1.1589,1.5999,1.4161,1.7416,1.9621,1.1431,1.4056,0.8281,1.1064,1.6104,0.8544,0.8701,1.0959,0.7914,1.0801,1.3006,1.4476,1.1956,0.7756,0.7546,0.9174,0.8124,0.6759,0.7494,1.8203,0.8911,1.8098,1.0486,0.7126,0.8439,0.8176,0.9856,0.7809,0.9489,1.3059,1.3636,6.1695,0.9466,1.5579,1.4844,1.4424,1.0539,0.9226,1.3531,0.9909,0.8019
5/18/2022,29.7735,0.6261,0.6196,0.6871,0.7524,1.0725,0.8264,0.7567,0.87,0.9222,0.9157,0.7807,0.6892,0.5847,0.5216,0.6631,0.6696,0.4889,0.6653,0.5542,0.5063,0.6217,0.6696,0.4388,0.735,0.3583,0.4192,0.5586,0.4497,0.6304,0.6087,0.3147,0.3278,0.4345,0.3256,0.4954,0.4563,0.6043,0.65,2.0802,0.4153,0.5259,0.465,0.613,0.3822,0.4671,0.4432,0.6196,0.4911
5/17/2022,21.2216,0.3795,0.4245,0.3121,0.6638,0.7127,0.5514,0.4999,0.6876,0.4972,0.5673,0.4258,0.3161,0.3319,0.4192,0.447,0.3848,0.3716,0.443,0.4417,0.4813,0.4509,0.3346,0.5223,0.3676,0.3557,0.4523,0.5237,0.3478,0.4602,0.3861,0.2539,0.3266,0.2936,0.3716,0.3372,0.3848,0.4166,0.4536,1.6563,0.3602,0.3941,0.369,0.3028,0.2976,0.3716,0.3544,0.365,0.3531
5/16/2022,29.9845,0.481,0.7427,0.7669,1.0505,1.2241,0.8218,0.58,0.824,0.4569,0.6943,0.6569,0.6569,0.5448,0.5228,0.4964,0.5602,0.5712,0.5624,0.7031,0.4832,0.4745,0.3909,0.6833,0.6305,0.4679,0.6393,0.4635,0.3953,0.6371,0.4942,0.3096,0.3689,0.4942,0.4217,0.4415,0.5316,0.6305,0.6921,2.0345,0.4093,0.514,0.7998,0.569,0.591,0.6987,0.7515,0.5514,0.4986
5/15/2022,50.5731,0.8862,1.2863,1.2651,1.3757,1.7121,1.5035,0.9628,1.1927,0.7542,1.5631,0.7882,1.2821,0.7712,0.7244,0.6861,0.9543,1.1756,0.9926,1.1629,0.9883,0.9117,1.2054,0.7073,1.099,0.5541,1.0011,0.8095,0.6265,0.9074,0.7797,0.8095,0.6477,0.4689,0.8138,0.7073,0.916,1.1884,0.6605,5.6601,0.8804,0.8649,0.6009,1.1842,1.1586,0.7201,0.6988,1.0479,0.916
5/14/2022,65.671,1.47,1.1067,0.8645,2.4908,2.9233,2.3063,2.1679,2.2428,1.049,0.8991,1.7872,1.4527,0.9279,1.3143,0.9914,1.3086,1.2047,1.1009,1.5623,1.1298,1.4297,1.0087,1.7123,1.0952,0.9683,1.0202,0.7491,0.7837,1.4181,1.049,0.9222,0.9279,0.7895,0.8703,0.9856,1.1182,1.3086,1.5219,5.5769,0.8696,1.5681,0.7664,0.9395,1.1932,1.3316,1.0375,1.4066,1.0029
5/13/2022,34.1027,0.6026,0.7488,0.7801,0.9132,1.4431,0.647,0.7853,0.8662,1.1064,0.5347,0.6939,0.8479,0.4903,0.5321,0.6809,0.6078,0.7983,0.4877,0.7566,0.7644,0.6992,0.506,0.72,0.5765,0.4982,0.6704,0.9236,0.5373,0.5321,0.6235,0.3964,0.5321,0.446,0.5452,0.3807,0.4982,0.7305,0.6261,2.6939,0.495,0.7331,0.8662,0.6783,0.5974,0.6313,0.647,0.613,0.6182
5/12/2022,31.674,0.5573,0.7017,0.7798,1.045,0.9621,1.1491,0.7846,0.7017,0.5833,0.8011,0.9219,0.465,0.5502,0.633,0.7183,0.5975,0.5526,0.517,0.7301,0.607,0.5928,0.5739,0.6236,0.768,0.5644,0.4744,0.7443,0.4271,0.7775,0.5241,0.3963,0.4886,0.3868,0.5241,0.4792,0.5549,0.4437,0.5218,2.3142,0.4457,0.7159,0.491,0.5005,0.4294,0.5597,0.7372,0.5691,0.6875
5/11/2022,28.7181,0.5955,0.6287,0.4008,0.6618,1.1363,0.7903,0.8939,0.9664,0.8234,0.5645,0.6162,0.6452,0.4733,0.608,0.4837,0.4319,0.4878,0.6452,0.4733,0.5582,0.4961,0.6618,0.6038,0.5354,0.3635,0.4754,0.5976,0.3842,0.5437,0.4837,0.3593,0.3366,0.3262,0.3469,0.3511,0.4443,0.4049,0.3863,3.4249,0.59,0.5707,0.4691,0.4319,0.3904,0.4691,0.5396,0.4381,0.4091
5/10/2022,30.8294,0.5639,0.4954,0.6758,1.0776,1.041,0.6872,0.6666,0.6096,0.847,0.6027,0.4817,0.5707,0.4429,0.5707,0.5639,0.605,0.71,0.4498,0.5799,0.5319,0.5411,0.5342,0.7853,0.6392,0.637,0.4361,0.6666,0.468,0.8698,0.4954,0.4908,0.4908,0.4132,0.3904,0.3767,0.5502,0.5,0.6895,3.1347,0.5523,0.7283,0.4498,0.7306,0.4726,0.5456,0.4292,0.5707,0.468
5/9/2022,51.629,1.0436,0.9563,0.9825,1.2574,1.6544,1.6544,1.4755,1.5279,1.096,1.1963,0.8647,1.0392,0.6989,0.7077,0.9913,1.2181,1.0829,0.8604,1.2138,0.8255,0.808,1.0916,1.3403,0.9389,0.9302,0.856,0.7862,0.6335,0.8953,0.7687,0.8647,0.8298,0.8342,0.6117,0.808,0.9084,0.8342,1.096,5.1013,0.8078,1.0349,0.9956,0.8516,0.5768,1.1178,0.8953,0.904,1.1614
5/8/2022,68.5217,1.1471,1.6071,1.0503,2.642,2.6602,2.2365,1.7705,2.6723,0.8203,2.1699,1.48,0.8385,1.0503,0.8869,1.1955,1.0321,1.3408,1.0563,1.0261,1.1229,1.2863,1.3589,1.1411,1.6797,0.7719,1.4255,1.4618,0.7961,1.9763,0.9898,0.5601,0.7295,0.784,0.6206,0.8082,0.9656,1.2197,1.371,6.8567,1.0358,0.9171,0.8021,1.595,1.5889,1.4316,1.5405,1.5284,1.4739
5/7/2022,33.6799,0.5673,0.634,0.6623,1.2247,1.2812,1.2375,1.1322,1.0475,0.688,0.7676,0.878,0.7316,0.6109,0.6289,0.7419,0.5365,0.5955,0.7162,0.5236,0.6161,0.462,0.652,0.5236,0.593,0.5005,0.5621,0.4337,0.5339,0.5544,0.5467,0.4748,0.4029,0.349,0.462,0.5698,0.5159,0.4697,0.4902,2.7894,0.5074,0.4543,0.8549,0.6957,0.7933,0.7008,0.7034,0.5339,0.7291
5/6/2022,30.9349,0.6804,0.74,0.6368,0.7446,0.7974,1.0932,1.0588,0.9281,0.8754,0.9166,1.0313,0.7813,0.5382,0.4717,0.4396,0.7194,0.6414,0.6942,0.6529,0.4992,0.6162,0.5199,0.7492,0.6988,0.529,0.5772,0.4786,0.396,0.7859,0.63,0.3616,0.5176,0.4488,0.4098,0.3754,0.4763,0.7446,0.4763,1.0841,0.2859,0.4465,0.6093,0.6437,0.6827,0.7355,0.5887,0.4579,0.6689
5/5/2022,30.5128,0.4413,0.4796,0.6439,0.797,0.7948,0.8443,0.6552,0.8308,0.8758,0.4863,0.6102,0.5967,0.5471,0.5089,0.6192,0.6394,0.6867,0.6574,0.6327,0.6935,0.5674,0.4638,0.6732,0.7025,0.5877,0.4773,0.6845,0.4818,0.7295,0.5404,0.4571,0.4143,0.4076,0.5066,0.4053,0.5584,0.5066,0.6552,2.6532,0.4897,0.4616,0.5269,0.6439,0.3828,0.716,0.6237,0.5696,0.5854
5/4/2022,39.6985,0.807,0.8894,0.5819,0.8767,1.5234,0.7626,0.826,1.3268,1.2254,1.0384,1.4061,0.8101,0.7594,0.7816,0.8197,0.6992,0.9338,0.7563,0.8799,0.8609,0.8101,0.8989,0.6231,0.8926,0.4678,0.826,1.1652,0.6073,1.1271,0.715,0.4076,0.4171,0.658,0.658,0.4646,0.6833,0.8513,0.7721,2.136,0.4225,0.7246,0.7721,0.5629,0.4868,0.5883,0.9845,0.5946,0.8165
5/3/2022,26.0783,0.4975,0.6277,0.5825,0.7542,0.8826,0.9006,0.5662,0.897,0.4595,0.5915,0.4216,0.6566,0.4487,0.4776,0.5879,0.5156,0.5011,0.389,0.4342,0.5391,0.4342,0.4885,0.3981,0.4378,0.5029,0.4957,0.5282,0.3872,0.4632,0.483,0.4451,0.4378,0.3673,0.4415,0.3312,0.4867,0.4794,0.5843,1.4882,0.3384,0.568,0.6186,0.3981,0.5427,0.4704,0.5987,0.5807,0.5517
5/2/2022,27.5565,0.4913,0.5832,0.6478,0.638,1.0252,0.6517,0.5852,0.6321,0.6008,0.6165,0.7084,0.636,0.3916,0.5813,0.6067,0.5617,0.5598,0.5539,0.4815,0.5793,0.4248,0.5206,0.548,0.4424,0.55,0.4815,0.4991,0.4424,0.6947,0.5617,0.4678,0.4581,0.4072,0.3446,0.3349,0.4893,0.6145,0.3857,2.2332,0.4352,0.4561,0.5891,0.5304,0.4326,0.5167,0.5598,0.5011,0.503
5/1/2022,23.5441,0.5957,0.4962,0.4558,0.7185,0.8957,0.7542,0.8366,0.4667,0.5988,0.6346,0.6952,0.3936,0.3579,0.3656,0.4884,0.3548,0.4107,0.5289,0.4263,0.3921,0.3594,0.3485,0.476,0.563,0.3174,0.3283,0.4434,0.3283,0.4449,0.4247,0.3454,0.3921,0.2832,0.3174,0.3936,0.4107,0.4418,0.3299,1.7157,0.3679,0.3532,0.4713,0.4309,0.4682,0.4807,0.5024,0.4542,0.4853
4/30/2022,23.5446,0.4371,0.5568,0.6004,0.5506,0.9237,0.661,0.49,0.5941,0.4169,0.4061,0.7418,0.5242,0.3439,0.3579,0.4216,0.4822,0.3672,0.5226,0.4605,0.4231,0.4869,0.319,0.4744,0.4962,0.4791,0.4636,0.5195,0.3439,0.5273,0.4605,0.3066,0.3781,0.3299,0.3687,0.4045,0.3812,0.4713,0.4511,1.9592,0.3996,0.3408,0.4776,0.4418,0.3874,0.3625,0.4294,0.4651,0.3377
4/29/2022,22.9109,0.5737,0.5156,0.4097,0.6975,0.8362,0.4485,0.5842,0.4738,0.7079,0.6707,0.7542,0.5752,0.3963,0.3396,0.368,0.4246,0.4291,0.4052,0.4097,0.4679,0.3516,0.4455,0.4917,0.3232,0.3128,0.3888,0.5797,0.3769,0.4291,0.3695,0.283,0.3471,0.3486,0.3516,0.3009,0.3933,0.4082,0.4753,1.5167,0.3421,0.438,0.526,0.4276,0.3232,0.5275,0.5275,0.4917,0.3262
4/28/2022,30.9349,0.6139,0.5313,0.5795,0.6758,1.1919,0.802,0.7722,0.9281,0.8203,0.4556,0.9258,0.4419,0.5153,0.5589,0.4923,0.5887,0.6965,0.4488,0.6345,0.5818,0.552,0.5703,0.7492,0.7102,0.5061,0.4625,0.4786,0.4281,0.5451,0.6368,0.4212,0.4212,0.4786,0.3777,0.4121,0.5589,0.7171,0.6414,2.6369,0.4876,0.6988,0.7836,0.6277,0.5726,0.4969,0.568,0.6322,0.5084
4/27/2022,56.1688,1.0963,0.9277,1.1638,1.7659,2.0115,1.8189,0.947,1.4817,1.4191,1.4672,1.0144,1.4191,0.8025,0.7447,1.0096,0.7543,1.3035,0.8025,1.1686,1.1878,0.8073,1.342,1.3516,0.7206,0.8314,0.8314,1.5202,0.7784,1.4913,1.0241,0.8699,0.6917,0.5906,0.894,0.8555,0.8169,0.8603,0.894,4.4723,0.7261,1.2071,1.4046,1.0819,1.2842,1.1541,1.3275,0.9229,1.1108
4/26/2022,36.8477,0.6398,0.608,0.6571,1.0177,1.0581,1.1706,1.0523,0.9715,0.7811,0.8907,0.8619,0.8648,0.4926,0.6686,0.5013,0.533,0.6109,0.7494,0.7667,0.7436,0.5965,0.6946,0.5475,0.4898,0.5763,0.6888,0.8446,0.4753,0.6455,0.6427,0.4869,0.6369,0.4955,0.5157,0.4032,0.5561,0.559,0.5994,4.2618,0.6987,0.5417,1.0004,0.8504,0.5734,0.8446,0.6282,0.8042,0.5503
4/25/2022,77.1788,1.4257,1.8892,0.9276,1.9238,3.3212,2.6087,2.9062,2.9546,2.076,2.076,1.8961,1.7163,1.3704,1.0314,1.5779,1.8477,1.0522,1.1905,1.1559,1.5503,1.6679,1.0452,1.2666,1.5848,1.0037,1.1283,1.8616,0.9415,1.5157,1.3012,0.6509,0.7201,1.1974,0.6786,0.9207,1.3496,1.6955,1.6955,6.9381,1.0464,1.7993,0.893,1.6817,1.4811,1.0798,1.1559,1.1213,1.2597
4/24/2022,36.8477,0.7292,0.9513,0.9456,1.3292,0.8042,0.8648,1.1388,0.7032,0.9254,0.7292,0.8936,0.8677,0.4898,0.6138,0.5359,0.7407,0.7205,0.7898,0.6888,0.6138,0.6657,0.4523,0.7148,0.5446,0.7638,0.8013,0.5878,0.4638,0.7003,0.7436,0.3888,0.5561,0.5013,0.6225,0.5734,0.6369,0.8273,0.4926,3.5163,0.6019,0.6744,0.6946,0.8475,0.4378,0.683,0.9427,0.5446,0.7927
4/23/2022,23.1219,0.4721,0.4752,0.5477,0.584,0.9167,0.5462,0.4434,0.7126,0.7126,0.5084,0.7579,0.5689,0.3754,0.457,0.3859,0.4888,0.3723,0.4994,0.4479,0.4797,0.3754,0.4449,0.5009,0.3874,0.3723,0.4268,0.5462,0.3179,0.4177,0.3769,0.3542,0.3965,0.3043,0.3088,0.398,0.4116,0.3451,0.4752,1.3779,0.324,0.4011,0.6097,0.4948,0.4419,0.3587,0.4086,0.3995,0.3935
4/22/2022,47.3,0.9645,1.0548,1.0588,1.6758,1.0195,1.1256,1.0981,0.933,1.4243,0.8859,1.5225,0.8741,0.819,0.9173,0.6736,0.6579,0.7208,0.6815,1.0784,0.9762,0.7208,0.6225,1.0627,0.9055,0.6422,0.6147,0.9448,0.5872,0.8308,0.7994,0.7444,0.5479,0.4496,0.768,0.768,0.7365,0.933,0.6972,5.1543,0.8147,1.1845,0.9173,1.0431,1.0273,0.8819,0.709,1.0313,0.9998
4/21/2022,42.3378,0.9873,0.7607,1.0972,1.3548,1.6501,1.2037,1.499,1.2895,0.7641,1.3238,0.6749,0.6749,0.7882,0.8878,0.668,0.6989,0.953,0.8397,0.6886,0.874,0.6268,0.5169,1.032,0.6371,0.5478,0.565,1.214,0.589,0.6302,0.7229,0.6646,0.4963,0.5238,0.6096,0.4757,0.7229,0.7435,0.7332,4.0292,0.6685,0.6302,1.1041,0.5547,0.6371,0.874,0.9187,0.5719,0.6199
4/20/2022,37.9032,0.69,0.7647,0.8216,1.3479,1.2312,0.7707,0.7737,1.3778,0.8664,1.1624,1.0458,0.5823,0.7259,0.8006,0.7528,0.8365,0.7259,0.7318,0.6511,0.6421,0.6242,0.8843,0.8784,0.6451,0.7289,0.7109,0.9262,0.5195,0.684,0.6631,0.4866,0.6451,0.6062,0.6212,0.5135,0.675,0.8634,0.6989,1.6408,0.3582,0.7827,0.8455,0.8843,0.8754,0.8604,0.8275,0.6272,0.5255
4/19/2022,32.2022,0.808,0.5878,0.7572,1.1565,1.0815,1.0452,0.8806,0.8274,0.8637,0.8927,0.9097,0.52,0.4547,0.6919,0.6894,0.6241,0.6555,0.6338,0.6362,0.7306,0.6701,0.4692,0.5152,0.5829,0.6652,0.5563,0.6144,0.4498,0.9532,0.6386,0.3724,0.4014,0.4958,0.5442,0.4571,0.5733,0.5297,0.5418,1.7153,0.3679,0.7717,0.5152,0.6362,0.5394,0.4886,0.537,0.5031,0.6507
4/18/2022,17.3151,0.3157,0.3409,0.38,0.4163,0.4797,0.42,0.448,0.4424,0.448,0.42,0.4471,0.3464,0.3185,0.2682,0.3716,0.3464,0.3464,0.2906,0.3763,0.3418,0.352,0.3595,0.3884,0.3604,0.325,0.3064,0.3334,0.2691,0.4266,0.3111,0.2915,0.3017,0.2393,0.2486,0.2514,0.3017,0.2775,0.3055,1.2343,0.3054,0.353,0.2784,0.366,0.2971,0.2989,0.3828,0.2747,0.3111
4/17/2022,17.5266,0.3839,0.362,0.4248,0.422,0.4363,0.4525,0.4086,0.4687,0.4906,0.4144,0.4067,0.2705,0.3639,0.2886,0.3801,0.3867,0.3924,0.2934,0.3743,0.3782,0.2781,0.3753,0.4305,0.2867,0.3315,0.2724,0.3667,0.2724,0.3077,0.3239,0.3162,0.3096,0.3172,0.2905,0.2896,0.3343,0.3867,0.2686,1.084,0.2858,0.2991,0.3143,0.3153,0.3572,0.2991,0.3572,0.3019,0.3562
4/16/2022,16.5763,0.3468,0.297,0.3605,0.4179,0.5209,0.3305,0.4411,0.4317,0.3545,0.4068,0.4934,0.3854,0.2884,0.279,0.3159,0.3236,0.2679,0.3425,0.303,0.3451,0.327,0.3142,0.3416,0.3279,0.2824,0.2945,0.2722,0.2619,0.4094,0.3476,0.2481,0.2396,0.2447,0.2833,0.2353,0.2927,0.3596,0.2799,1.1625,0.296,0.2953,0.3776,0.3065,0.249,0.2867,0.3322,0.3665,0.2902
4/15/2022,33.9964,0.8166,0.7438,0.5774,1.2377,1.4275,1.1286,1.1805,0.6554,0.476,0.697,0.9258,0.4864,0.6346,0.5722,0.5618,0.645,0.619,0.6528,0.7542,0.6788,0.7308,0.7308,0.6892,0.5878,0.6216,0.6138,0.7386,0.4864,1.0012,0.5098,0.5202,0.398,0.411,0.424,0.4422,0.6008,0.8036,0.658,1.8899,0.3906,0.4604,0.8296,0.5072,0.7854,0.7542,0.71,0.5332,0.697
4/14/2022,42.232,0.7486,0.7828,0.93,1.4846,1.4812,1.2279,0.8958,0.93,1.3888,0.663,1.1868,0.9506,0.5946,0.8753,0.8513,0.6391,0.6391,0.7144,0.9711,0.6425,0.8992,0.8787,1.1115,0.8992,0.8547,0.7144,0.5535,0.6151,1.0054,0.8718,0.4405,0.4713,0.6938,0.4576,0.4405,0.6973,0.7726,0.598,3.5477,0.6059,0.6562,0.6528,0.7041,1.0019,1.0259,0.7657,0.9335,0.7657
4/13/2022,37.1641,0.7995,0.7791,0.5516,1.1028,1.1612,0.8929,1.1087,0.9424,0.6012,0.9774,0.7529,0.8724,0.7675,0.6829,0.6595,0.575,0.6887,0.8754,0.8783,0.607,0.7675,0.6829,0.575,0.4816,0.6479,0.5312,0.7062,0.54,1.1612,0.5837,0.3737,0.5575,0.4641,0.4175,0.4641,0.6595,0.6945,0.7908,3.5453,0.6056,0.7966,0.4816,0.607,0.8608,0.8083,0.5312,0.8083,0.7441
4/12/2022,41.4932,0.7227,1.0408,0.86,1.148,0.9805,1.2418,1.3825,1.2016,0.7628,0.9236,1.2753,1.0375,0.7126,0.8131,0.5619,0.6624,0.7796,0.793,0.9638,0.6825,0.7695,0.7193,0.8935,0.8533,0.8432,0.7729,1.0308,0.6155,1.205,0.7528,0.6959,0.4681,0.5016,0.6825,0.5652,0.7494,0.8298,0.8834,2.1586,0.4255,1.0576,0.525,0.8399,0.9236,0.8901,0.6791,0.7126,0.9035
4/11/2022,35.264,0.7419,0.8128,0.8673,0.851,1.1264,1.2245,0.761,1.2763,1.1182,0.7474,0.9082,0.4829,0.622,0.592,0.7283,0.7038,0.7392,0.6901,0.6438,0.652,0.5702,0.4339,0.8428,0.5702,0.7147,0.4884,1.0037,0.5565,0.6792,0.6601,0.412,0.5238,0.4148,0.5974,0.592,0.5402,0.4857,0.6192,2.442,0.4623,0.682,0.7883,0.5511,0.622,0.701,0.4666,0.7774,0.7774
4/10/2022,62.1867,1.6622,1.077,1.142,2.0578,1.9494,1.3046,2.1499,2.3233,0.8386,0.9686,1.5593,0.8819,1.1474,0.8603,0.8548,1.2558,1.1908,1.4672,1.0445,0.9741,1.3208,1.1204,0.8169,1.2883,1.1041,0.9036,1.7869,0.8169,1.8302,1.2396,0.611,0.8765,0.5731,1.0011,0.8711,0.9632,1.413,1.2612,6.0749,0.9343,1.2125,0.8223,0.7627,1.142,1.2612,0.947,1.4075,1.1149
4/9/2022,80.347,1.3821,1.411,1.5123,2.4745,2.8869,3.1401,1.7294,3.1474,2.6048,2.3949,1.6064,1.874,1.6136,1.2012,1.8162,1.3966,1.7004,1.4689,1.2085,1.5702,1.2446,1.874,1.9102,1.3025,1.0855,0.9842,1.8596,1.1433,1.5196,1.4617,0.6659,0.9046,0.6876,0.7599,0.8757,1.317,1.903,1.5847,6.2814,0.9611,1.5702,1.0348,1.9681,1.3242,1.4834,1.7077,1.2229,1.5702
4/8/2022,46.35,0.7457,1.0679,1.0334,1.4859,1.2021,0.9797,1.3517,0.9682,1.0564,1.3133,1.3018,0.8493,0.9298,0.6384,0.6154,0.9452,1.0947,0.6384,0.9183,0.9835,0.7419,0.5387,0.995,1.1408,0.9068,0.7803,0.6959,0.6154,0.8186,0.7266,0.6307,0.7803,0.4658,0.6959,0.5693,0.8493,0.8224,0.669,5.794,0.8978,0.8761,0.8685,0.7419,0.6575,0.7726,0.7074,0.834,0.6384
4/7/2022,52.3681,0.8987,1.1206,1.2892,1.9148,2.0257,1.6974,2.0878,0.9742,1.0008,0.9475,0.7701,1.3069,1.0008,1.0097,1.0895,1.1206,0.8322,0.9875,0.9963,1.1295,1.1295,1.054,1.2004,0.6059,0.9298,0.7213,0.9209,0.8011,1.1649,0.8899,0.566,0.8499,0.5793,0.7967,0.7878,0.8632,0.6991,0.6946,4.808,0.7697,1.2448,0.8943,0.7479,0.6192,0.8455,1.1561,0.9564,0.8721
4/6/2022,64.8262,1.3998,1.6953,1.1554,1.8544,2.7409,2.3715,1.6214,2.5306,1.0361,2.0533,2.3318,0.8259,1.127,0.8145,0.8315,1.2464,1.4964,1.3316,1.218,1.4623,0.8088,1.2577,1.2236,0.8599,0.7974,0.9566,0.7406,0.7747,1.9283,1.343,0.644,0.7406,0.8599,0.6838,1.0304,1.0361,0.8599,1.5362,4.8288,0.7724,0.8713,1.5646,1.1327,1.4566,1.0191,1.5419,1.4282,0.985
4/5/2022,75.7014,1.0739,1.7509,1.4733,2.6852,2.394,2.3534,1.8863,2.5159,1.3379,1.8998,1.5139,1.5613,1.0806,1.365,1.189,1.4259,1.216,1.6832,1.5952,1.7509,1.6087,1.04,1.2296,1.9946,1.0129,1.365,1.629,0.864,1.2905,1.4462,0.9317,0.9114,1.1416,0.9114,1.2634,1.04,1.7915,0.9655,7.141,1.0728,1.5139,1.5139,1.0129,1.7509,1.277,1.7509,1.2093,1.2702
4/4/2022,76.1236,1.2907,1.8834,1.6654,2.4556,2.0333,2.0673,2.0264,1.4133,1.2226,1.788,2.8303,1.3316,1.1681,1.5904,1.3248,1.5564,1.4678,1.4474,1.4338,1.6586,0.9569,1.4133,1.9038,1.2771,1.5019,1.5087,1.7403,0.916,1.6245,1.2635,0.8411,0.7389,1.1885,1.1817,0.8752,1.1,1.5768,1.679,8.2396,1.2155,1.8425,1.0114,0.9705,0.8752,1.6654,1.134,1.3588,0.8683
4/3/2022,91.2212,2.1889,1.4649,1.881,2.3471,4.3361,3.612,1.8727,1.8061,1.2069,1.2818,2.4386,1.157,1.3983,1.6896,2.0974,1.3234,1.3401,1.3734,1.4566,1.6314,1.3567,2.1307,2.4136,1.2153,0.9073,1.3651,1.4732,1.3567,1.8394,1.4233,0.7992,0.7825,1.0987,0.7908,0.8907,1.415,2.1889,2.0808,12.6066,1.7829,2.0974,1.4233,1.1404,1.2818,1.7063,2.0891,1.8894,1.7728
4/2/2022,95.1281,1.6914,2.1619,1.2645,3.2074,4.1833,2.1183,3.0593,3.5821,2.0748,2.0486,2.31,1.6304,1.6827,1.5259,1.3255,1.4039,1.6043,2.2665,1.5781,1.9441,1.613,1.4649,1.4387,2.4059,1.1861,1.2732,3.0245,1.1686,2.2926,1.6827,0.733,1.43,1.3777,1.2471,1.5694,1.4649,1.4126,1.8831,7.068,1.0633,2.5104,2.432,1.7001,2.1009,1.7872,1.8482,1.3603,1.9267
4/1/2022,64.6151,1.7066,1.7066,0.9083,1.4971,1.7519,2.1029,2.1369,2.0463,1.8651,1.8425,1.8934,0.7951,1.1688,1.1688,1.4915,1.2763,1.3103,1.3046,1.0329,1.3782,1.2424,1.4348,1.3669,1.0272,1.2084,0.897,0.8064,0.863,1.0272,1.0046,0.8291,0.6649,0.6988,0.7215,0.948,0.8913,1.1121,0.9876,6.5301,0.9934,1.599,0.863,0.9366,1.3896,0.9706,1.1518,0.9083,1.1574
3/31/2022,65.777,1.1835,0.9409,0.8831,1.8595,2.9631,2.2582,2.5182,1.3569,1.2586,1.2124,2.0617,0.8658,0.8773,1.172,1.3338,1.1431,1.3626,1.4609,1.5418,1.3222,1.0564,0.7271,1.4378,1.4435,1.0969,0.9524,1.4609,0.9871,1.6169,1.3338,0.8947,0.8889,0.8658,0.9409,1.0738,1.1778,1.016,1.5533,5.0601,0.8024,1.7266,1.7151,1.0449,0.8311,0.9467,1.3626,1.3684,0.8195
3/30/2022,49.8342,1.0703,1.041,0.6687,1.7313,1.3548,0.9322,1.4761,0.9406,1.4803,0.7231,1.3548,1.1456,0.6352,0.8109,0.8193,1.1749,1.1163,1.0954,0.7607,0.7523,0.7482,0.8151,0.8695,0.9824,0.9364,0.7398,0.6687,0.6352,1.3715,0.7774,0.7691,0.5474,0.5306,0.4846,0.7607,0.8151,0.6394,0.7231,5.8276,0.9021,1.1874,1.1665,0.7774,1.133,0.8946,1.2376,1.1581,0.6519
3/29/2022,47.4053,0.8878,0.7223,1.1203,1.4513,1.0494,1.3015,1.6247,1.3252,1.0612,1.0021,0.8484,1.0375,0.742,0.7735,0.8563,0.8247,0.872,1.1439,0.805,1.0494,1.0218,0.9351,1.1518,1.2149,0.7183,0.7814,1.3685,0.6553,0.8444,0.7144,0.6868,0.6553,0.5765,0.474,0.6198,0.7183,0.8247,0.8838,4.4562,0.724,0.8996,0.9311,0.6868,0.5725,0.8878,1.1597,0.872,0.872
3/28/2022,57.4355,1.4915,1.274,0.8489,1.892,1.4421,1.0911,2.1045,1.3086,0.928,1.2295,1.714,1.2592,0.7302,0.8637,0.9824,1.3482,1.1801,0.7994,1.0565,0.9824,0.75,1.2889,1.3432,1.0812,1.101,0.7302,0.7451,0.7253,1.5657,0.9131,0.8143,0.7006,0.8439,0.7994,0.7451,1.0021,0.7203,1.1752,6.8388,1.0335,0.8439,1.0713,1.1504,1.3581,0.8736,0.8192,0.9725,0.9033
3/27/2022,41.4931,0.6925,0.9739,0.7729,1.1614,0.927,1.5633,1.2552,1.0107,1.3456,1.0743,1.215,1.014,0.5418,0.6992,0.8834,0.5987,0.592,0.5753,0.6356,0.9872,0.9169,0.6791,0.9805,0.515,0.6925,0.6188,0.9203,0.5619,1.1815,0.6222,0.6222,0.4078,0.5887,0.5485,0.592,0.5954,0.7796,0.7997,3.534,0.6042,1.0643,0.6289,0.9136,0.5217,0.7595,1.081,0.5987,0.6456
3/26/2022,48.4611,0.7453,0.7614,0.9435,1.2268,1.9753,1.0528,0.8828,1.5504,1.0406,1.2268,0.7938,1.2065,0.8909,0.9516,0.8626,0.725,0.8747,1.077,0.7979,0.9435,0.6643,1.0528,0.814,1.2389,0.5632,0.6522,1.0447,0.7372,1.2146,0.8505,0.7695,0.5794,0.4944,0.4782,0.5834,0.7534,0.9759,0.9961,5.0295,0.7985,1.1742,1.1377,0.6805,1.1499,0.9597,0.8302,0.8221,0.8869
3/25/2022,40.5432,0.7817,0.6516,0.9705,1.3382,0.8728,0.7947,1.1722,1.2276,0.5767,0.977,1.2048,0.593,0.8143,0.8566,0.6385,0.8989,0.5507,0.5637,0.8436,0.632,0.6255,0.619,0.9542,0.9933,0.4596,0.58,1.1788,0.6027,1.2276,0.7655,0.6581,0.5897,0.5409,0.5767,0.5572,0.619,0.7297,0.5116,4.1153,0.6797,1.0518,0.4726,0.785,0.785,0.6385,0.9542,0.8013,0.5116
3/24/2022,63.7704,1.5665,1.2096,1.0088,1.6279,2.9496,1.7506,1.5944,2.0684,1.9681,1.2988,2.1521,1.1705,1.1427,0.9809,1.3657,0.953,0.9976,0.9753,1.0702,1.3713,0.9921,1.1482,1.5832,1.3434,1.1538,1.2207,1.7227,0.8805,1.2821,1.0088,0.8582,0.7746,0.8136,0.9251,0.6184,1.0032,0.9698,1.0478,5.4085,0.8477,1.3211,1.3546,1.1538,0.7355,1.0646,1.1761,1.2152,0.9251
3/23/2022,46.9834,1.2153,0.7709,0.5994,1.4999,1.8819,1.3868,1.7884,1.2621,0.8411,1.4063,1.5272,0.9931,0.8099,0.6462,0.884,0.7124,0.9775,0.8216,1.0555,1.1023,0.8684,0.919,0.8645,1.0204,0.7826,0.5643,1.4336,0.6968,1.3011,0.8762,0.6267,0.6384,0.4629,0.6462,0.7241,0.7982,1.0204,0.767,3.0958,0.5472,0.8216,0.8762,0.5448,0.6773,1.0321,0.7046,0.6657,0.8255
3/22/2022,52.7901,0.8609,1.1565,0.7579,1.6223,1.9045,1.0849,1.1655,1.1386,1.1565,0.9818,1.3894,1.058,0.9684,0.7445,0.8116,1.0177,1.0714,0.9863,1.1924,1.1476,1.0087,1.0132,1.1565,1.3536,1.0401,0.8967,1.2282,0.7445,1.1297,0.9998,0.7355,0.525,0.6907,0.7445,0.8654,0.9639,0.8296,1.1924,5.7202,0.8882,0.7445,0.8788,0.7131,0.9012,1.2416,0.7534,0.6997,0.9147
3/21/2022,46.5608,1.1731,1.1654,0.9417,1.2695,1.2078,1.3736,1.4276,0.8762,1.1307,1.4623,0.9379,0.6641,0.7566,0.5908,0.8878,1.0189,0.9764,1.015,1.0883,0.9225,0.8415,1.069,0.9996,0.7142,0.5947,0.6718,1.2309,0.6255,1.2541,0.7682,0.4173,0.4713,0.4906,0.5291,0.5099,0.6988,0.8993,0.9649,4.5213,0.7324,0.9803,1.1847,0.6641,0.7104,0.7914,0.6024,1.0651,0.6718
3/20/2022,67.0436,1.2176,1.6014,1.0641,2.1387,1.7372,1.5896,2.2155,1.3948,1.7431,2.0797,2.0561,1.7313,1.2826,1.4361,1.442,0.9815,1.1468,1.2885,1.5306,1.0641,1.1822,1.2708,1.259,0.9401,1.2176,1.011,1.9262,0.9638,0.9401,1.0405,0.6508,0.9638,0.6626,1.0641,1.0818,1.1527,0.9638,1.0759,7.3883,1.1049,0.9815,0.9638,0.9401,0.9697,1.259,0.946,0.8693,1.5129
3/19/2022,41.493,0.927,0.7695,1.0509,1.5499,1.8614,1.4695,1.0475,0.9504,0.6791,0.6758,1.4394,0.8399,0.7963,0.86,0.8499,0.7026,0.7026,0.5719,0.7026,0.803,0.6657,0.5652,0.9605,0.6825,0.6088,0.7762,0.5418,0.525,0.8499,0.6691,0.4614,0.6724,0.4279,0.6892,0.5351,0.6121,0.9672,0.9102,3.7741,0.6353,0.803,0.5887,0.5652,0.8164,0.7662,0.8734,0.7997,0.5016
3/18/2022,49.0953,0.8201,0.8201,1.1365,1.2639,1.568,1.1488,1.4653,1.531,1.2968,1.1201,1.1653,1.2023,0.6886,0.7256,0.9064,0.9927,1.0132,1.0584,1.1694,1.0338,0.853,1.0461,1.0749,0.5817,0.6023,0.7708,1.2475,0.7543,1.0584,0.7214,0.5365,0.5776,0.5447,0.6968,0.5201,0.6968,0.8571,1.0831,4.4292,0.7205,0.8899,0.8694,1.0708,1.0872,0.7502,1.2064,0.8406,0.8817
3/17/2022,36.3198,0.818,0.8152,0.8605,1.1324,1.5657,0.9993,0.8973,1.1125,0.784,0.7557,1.2428,0.8917,0.5008,0.566,0.6509,0.6793,0.6991,0.5631,0.801,0.7954,0.6368,0.7501,0.9511,0.6793,0.7416,0.784,0.869,0.549,0.549,0.7104,0.6169,0.5093,0.4046,0.5207,0.4215,0.5263,0.6793,0.7614,1.7933,0.378,0.8973,0.5546,0.5008,0.5858,0.5433,0.9143,0.5745,0.7869
3/16/2022,46.0333,1.1213,1.1974,1.1175,1.669,1.3381,1.5092,1.4484,1.5967,1.1898,1.3039,0.7828,0.7258,0.8741,0.76,0.9996,0.6725,0.8855,1.0947,0.8779,1.0871,0.9501,0.741,1.0452,0.6611,0.9159,0.6915,0.6839,0.547,1.0148,0.9806,0.4557,0.4557,0.4671,0.7181,0.6877,0.7524,0.7296,0.6611,3.2701,0.5699,0.7067,0.566,1.0719,0.8322,0.954,0.7524,1.0376,0.8627
3/15/2022,54.1627,0.9099,1.0576,0.8453,1.5746,2.1286,1.5008,1.0761,1.5192,1.7131,1.5331,1.5746,0.7437,0.7068,1.0438,1.0992,1.2099,1.1961,1.33,1.2007,0.993,0.8037,1.0114,1.0576,1.3484,0.9884,0.9837,1.1915,0.8129,1.3023,0.9468,0.7852,0.7391,0.5544,0.6698,0.6421,0.776,0.8914,0.6698,4.5831,0.7405,0.6837,1.4408,1.0345,0.8083,1.0484,0.7114,0.7945,1.1869
3/14/2022,71.4777,1.2394,1.5949,1.6711,2.071,3.3342,1.7219,2.3059,2.674,1.9187,1.6901,2.2614,0.9601,0.9284,1.5187,1.5759,1.1887,1.1379,1.2966,1.1569,1.6711,1.0236,1.2902,1.9123,1.6901,0.8649,1.3347,1.4235,1.0807,0.9792,1.5251,1.0427,1.1315,0.8586,0.9157,0.6808,1.1569,1.0617,1.5061,4.5655,0.7382,1.6838,1.5822,1.2521,0.8522,1.4743,1.3093,1.4934,1.1315
3/13/2022,78.9746,1.0396,1.3448,2.0972,2.374,2.374,1.7991,3.2044,2.2178,2.0404,1.7068,1.7494,1.1958,1.4087,1.4016,1.5436,1.8488,1.3094,1.6784,1.8133,1.7423,1.2597,0.919,1.7565,1.6216,1.5791,1.0964,2.1256,0.9261,1.1603,1.2881,0.8267,1.2242,1.1887,1.0396,1.21,1.2526,1.9552,0.9332,7.541,1.1247,1.5365,1.5294,1.3874,1.8417,1.4797,1.0184,1.21,1.0538
3/12/2022,80.8746,1.5076,2.1561,1.9084,1.8792,1.8719,2.7173,2.0177,1.5076,1.0193,1.7043,1.2233,1.4347,1.0266,1.1213,1.165,1.544,1.7189,1.3545,1.2525,1.2889,1.2015,1.6096,1.7408,1.0703,1.1796,1.2015,2.4768,1.1359,2.4112,1.5659,0.91,0.7642,1.2889,0.7788,0.8371,1.3764,1.974,1.8646,10.9954,1.5736,1.6533,1.9667,1.544,1.7043,1.2088,1.3035,1.1359,0.9829
3/11/2022,55.4297,0.8781,1.0441,1.3002,1.6228,2.4528,1.8647,1.969,2.0591,0.6742,1.0963,1.1864,0.9967,0.7785,1.0157,0.7263,0.7358,0.9682,1.3382,0.9825,1.3334,0.9919,1.0583,0.8022,1.2433,0.6078,1.2149,1.1532,0.8354,1.784,1.0963,0.8354,0.9493,0.9208,0.6125,0.8117,0.8212,1.2718,0.8212,4.1502,0.6842,0.9587,1.3192,0.6884,1.0821,0.9066,0.8971,0.8686,1.0204
3/10/2022,47.8277,1.1186,1.0827,1.011,1.3655,1.9032,1.8275,1.238,1.6522,1.246,1.3018,1.3376,0.6167,0.8597,0.7442,0.8995,0.9553,1.1106,0.6406,0.8915,0.8517,0.776,0.9154,0.6366,0.6207,0.9473,1.015,1.0548,0.6725,1.485,0.7561,0.7322,0.7322,0.6765,0.6924,0.7123,0.6844,1.1066,0.8676,2.197,0.4304,1.1783,0.8517,0.9194,0.8836,0.776,1.011,1.0429,0.7999
3/9/2022,63.0317,1.3939,1.0142,1.625,2.3789,1.9277,1.548,2.3514,2.2303,0.8766,0.9701,1.6305,1.548,0.8546,1.0086,1.2508,1.3333,1.3829,1.4159,1.1242,1.0472,1.0802,1.0472,1.603,1.3939,0.9976,1.2343,0.9646,0.783,1.4434,1.1517,1.0252,0.9591,1.0362,0.684,0.6344,1.0527,0.9151,1.3003,3.7951,0.6381,1.2233,1.7626,1.4819,0.728,1.5259,1.4764,1.1407,1.0417
3/8/2022,69.3663,1.7315,1.5965,1.0994,1.7929,2.5968,1.529,2.0568,2.4863,1.7929,1.2835,2.1856,1.3019,1.1301,1.3326,1.2099,0.8847,1.6088,1.1853,1.664,1.0872,1.3694,1.2344,1.1853,1.2283,0.8049,0.7987,0.8049,1.0197,2.0813,1.2897,0.7987,0.6821,0.7681,0.6944,0.7803,0.989,1.2038,1.2283,6.9229,1.0444,1.572,0.8417,0.9767,1.5658,1.4063,1.4799,1.6026,1.437
3/7/2022,82.6698,1.8243,1.4659,1.9961,1.8318,1.8019,2.3769,2.5785,2.123,2.1529,2.5188,2.9668,1.9438,1.4211,1.0328,1.7571,1.5257,1.787,1.1075,1.6825,1.9438,1.6302,0.9432,1.436,1.3091,1.2419,1.2494,1.227,1.1075,2.0857,1.6153,1.1672,1.3763,1.003,0.9283,0.8014,1.3315,1.5406,1.7721,7.1187,1.0699,1.6227,1.2195,1.6153,1.4435,2.0185,1.3838,1.8393,1.7347
3/6/2022,80.1355,1.4579,1.7825,1.7969,2.1792,3.759,2.4029,1.6527,2.0638,1.4723,2.4101,2.2225,1.8474,1.2848,1.7176,1.6959,1.0467,1.1549,1.4435,1.292,1.2126,1.4579,1.5517,1.5589,1.9989,1.6382,1.6094,1.5517,0.989,2.3957,1.5877,0.8375,0.7654,1.1189,0.888,0.8952,1.2992,1.1405,1.2415,8.1724,1.2068,1.4002,0.8447,1.0611,1.6815,1.4435,1.3425,1.191,1.3713
3/5/2022,66.1987,0.9,1.674,1.2666,2.4364,3.1115,2.3549,1.1851,2.4946,1.1677,2.0465,1.5751,1.6275,0.9465,1.3947,1.3074,0.8534,0.9989,0.9465,1.2957,1.1269,0.9465,1.5343,1.2317,0.8301,1.2666,1.0338,1.2259,0.9524,1.1095,1.3248,0.7137,0.6264,0.609,1.092,0.964,1.0164,0.836,1.2317,6.7493,1.0219,1.0804,1.5169,1.4354,1.3248,1.1677,0.964,0.8767,0.8069
3/4/2022,67.5715,1.787,1.1079,1.4772,1.7513,2.1623,2.2934,1.9419,2.1981,2.1385,1.7274,2.2755,1.8466,1.0483,1.4117,1.5487,1.0126,1.0662,1.2449,1.4296,1.2866,1.3521,1.4117,1.1198,1.7632,0.9768,1.2211,1.3462,0.81,2.1504,0.9947,0.8041,1.0066,0.7147,0.9232,0.679,0.9292,1.0781,0.8756,3.6463,0.6187,1.0662,1.3998,1.3641,1.4058,1.5309,1.3819,1.1556,1.09
3/3/2022,66.8324,1.3845,1.1551,1.6316,2.5258,2.3611,1.5963,1.861,2.5788,1.461,2.0611,1.2374,1.0315,1.0197,1.1786,1.4963,1.1198,1.0374,1.3492,1.5551,1.2492,0.9962,1.3845,1.508,0.7373,0.8785,1.1668,1.861,0.7609,1.3727,1.2315,0.8021,0.5961,0.8374,0.7668,0.8138,1.1727,1.2904,1.5198,5.2641,0.8289,0.9021,1.6198,1.0962,1.3492,1.5022,1.5375,1.1198,1.0256
3/2/2022,64.1927,0.8859,1.6108,1.7344,1.5659,2.7965,1.8131,1.6895,1.8244,2.0435,1.903,2.1278,0.9983,1.2456,1.0658,1.268,0.9815,1.3074,1.5209,1.5209,1.0264,1.3523,0.7511,1.4535,0.9084,1.0545,1.0882,0.7679,0.9702,1.1332,1.0826,0.5937,0.7623,1.0152,1.0433,0.9253,1.1276,1.4535,1.4366,4.7569,0.763,0.8241,1.2231,0.9365,1.3018,1.2793,0.8578,1.2006,1.2006
3/1/2022,63.7706,1.6167,1.5163,1.6111,2.431,2.2915,2.1131,1.059,1.5219,2.1131,1.8119,1.6669,1.3936,0.8303,0.8526,0.8303,0.9475,1.3434,1.4773,1.2653,1.4829,1.243,0.9698,0.9698,0.8917,1.1928,0.8025,0.7913,0.7467,1.4159,1.2542,0.5626,0.8526,0.9753,0.624,0.9586,0.9921,1.0367,1.2653,6.0304,0.9285,1.4327,0.808,1.1761,0.7523,1.31,1.494,1.2096,0.9084
2/28/2022,78.5519,2.0222,1.1897,1.6341,2.77,2.1351,2.9958,3.0734,1.6694,2.4596,1.7188,2.5937,1.4013,1.1332,0.978,1.6835,1.7823,1.3943,1.2602,1.1756,1.1614,1.5989,1.2038,1.3519,1.9234,1.62,1.2038,0.9921,0.9216,1.2249,1.1191,1.2884,1.2179,0.8087,0.7664,0.9075,1.3731,1.8952,1.5989,7.0725,1.0639,1.0768,1.613,1.4648,0.9921,1.1403,1.8035,1.4366,1.6412
2/27/2022,58.1748,1.401,1.401,0.834,1.4963,2.1636,1.8626,1.2555,1.5615,0.9695,1.4913,1.6418,1.3759,1.0347,1.2404,0.9594,0.9243,1.1752,0.8791,1.0999,1.2203,1.2504,0.7888,1.2354,0.8791,0.8039,1.11,1.0748,0.7738,1.5966,0.8591,0.543,0.6333,0.7587,0.7136,0.6283,0.9093,1.3709,0.7888,7.054,1.0615,0.9494,1.2655,0.849,0.7939,0.8791,1.0698,0.7587,0.7888
2/26/2022,60.9201,1.532,1.5532,0.8176,1.8654,2.6063,1.9183,2.3205,1.6696,0.8017,1.532,1.4209,1.1139,0.9869,1.278,0.9869,1.315,1.3521,1.2304,0.9869,1.2568,1.3574,1.1192,1.2462,0.9922,1.1721,1.2992,0.8123,0.7541,1.3574,0.8758,0.8917,0.9658,0.9446,0.9922,0.9023,1.0663,0.8123,0.7276,4.4849,0.7277,1.3838,0.8811,1.1086,1.3838,1.0875,1.0663,1.0081,0.9552
2/25/2022,54.0573,0.8483,0.7977,1.0602,1.5161,2.4833,1.0694,2.1333,1.8247,0.8437,1.4839,1.226,1.226,0.9957,0.6963,0.9865,1.2306,0.9174,0.8898,0.9266,1.0187,1.1016,0.6411,0.8898,1.3918,1.1016,1.0371,1.0556,0.8207,1.0279,0.8713,0.5167,0.5766,0.572,0.8253,0.8345,0.8713,1.2813,0.6549,4.5974,0.7423,1.203,1.2306,0.6365,0.7884,1.2813,1.3826,1.0371,0.9128
2/24/2022,58.5973,0.8042,1.3355,1.1786,1.3456,1.973,1.9882,1.8465,1.8516,1.0572,1.0825,1.3506,0.8447,1.0319,1.1331,1.1128,1.2039,1.0015,1.1988,1.0825,1.1027,1.0218,0.7587,1.3506,0.9307,0.9459,1.0471,1.7706,0.7536,1.8718,1.1027,0.5259,0.7131,0.6271,0.5816,0.961,0.875,1.2646,1.3152,4.8282,0.7723,1.5176,0.8244,1.381,1.1837,1.0521,1.0167,1.0015,1.0774
2/23/2022,68.3103,1.6202,1.4332,1.3608,2.1268,2.9771,1.7951,2.5127,1.7106,1.988,1.7046,2.5429,1.8252,1.0412,1.1196,1.3065,1.2703,1.5538,1.5538,1.3005,1.2945,1.1075,1.596,1.4875,0.8542,1.1799,1.3789,1.6322,0.9326,1.2824,1.4453,0.6733,0.8241,0.9326,0.8361,0.9447,0.9929,1.596,0.818,4.1111,0.6791,1.2703,1.2824,0.9929,0.7336,1.3608,1.017,1.391,0.9205
2/22/2022,54.585,1.0937,1.2474,1.0704,1.3499,2.3515,1.5037,1.676,1.8484,0.7024,1.1077,1.7971,1.4478,0.9912,1.0331,1.0704,0.735,1.2009,1.2055,1.0099,0.9213,0.9074,0.6325,0.8095,0.8189,0.8002,1.1869,1.4384,0.8235,1.1496,1.103,0.5207,0.9307,0.7676,0.8748,0.7862,0.7583,0.7397,1.0192,4.673,0.7521,0.9912,1.131,1.1636,0.6372,1.2568,1.103,0.7723,0.6744
2/21/2022,55.6408,1.1671,1.0194,0.9718,1.5959,1.2815,1.4625,2.1247,1.8341,1.4577,1.2481,1.4196,1.2576,0.7193,0.8813,1.0528,0.8146,0.9575,0.9956,1.1814,1.2862,1.0147,1.2767,1.2291,1.2243,0.8527,0.9337,0.6431,0.8432,1.048,0.8575,0.9384,0.7479,0.7622,0.624,0.5954,0.9861,1.1576,0.7002,6.567,0.9982,0.9384,1.0528,0.686,0.686,0.8336,0.7955,0.7765,1.1433
2/20/2022,69.5774,1.7862,1.0041,1.2073,2.248,2.5436,1.4044,1.5583,2.0078,0.9056,1.3182,2.2049,1.4475,1.0041,1.1211,1.6014,1.5214,1.0903,0.9549,1.5214,1.312,0.9918,1.0349,1.5891,1.429,0.881,0.9487,1.8293,1.0534,1.4967,1.4721,0.9425,1.0965,0.9856,1.1334,1.115,1.2689,1.5522,1.2258,6.5973,1.0021,1.7615,1.7184,1.2935,1.3551,0.9487,1.1827,1.0349,0.8748
2/19/2022,81.7197,1.1619,1.9507,1.1176,3.1302,3.1449,2.2382,1.9286,3.2555,2.8279,2.2161,2.0391,1.7443,1.4125,1.6263,1.3904,1.6558,1.2135,1.1914,1.7,1.9507,1.5452,1.6558,1.1914,2.0318,1.6632,1.5526,1.6411,1.0439,2.3709,1.3241,1.0071,1.0144,0.9923,0.8228,1.1545,1.2282,1.2135,1.4052,5.9668,0.9202,1.4936,1.2725,0.9112,1.4199,1.3314,2.1645,1.1398,1.3462
2/18/2022,41.4931,0.8533,0.7327,1.0174,1.3289,1.5566,0.8064,1.4863,1.416,0.7294,1.0475,1.3992,0.9337,0.7695,0.5384,0.7059,0.649,0.7561,0.592,0.7963,0.9705,0.8734,0.9236,0.9872,0.5049,0.6088,0.726,0.8064,0.5217,0.7595,0.7762,0.5987,0.6523,0.6657,0.4246,0.4614,0.716,0.8801,0.5619,2.87,0.5179,0.9404,0.803,0.7729,0.5451,0.9672,0.9471,0.7695,0.8265
2/17/2022,42.1267,0.8117,1.0267,0.8321,1.5659,1.5215,0.9994,1.0847,1.17,0.9755,0.8902,1.4737,0.6206,0.7536,0.8526,0.7434,0.6376,0.7161,0.9038,0.8799,0.8424,0.8014,0.6342,0.6001,0.5625,0.5625,0.6615,1.0505,0.5216,1.2963,0.7844,0.4806,0.6683,0.5045,0.7093,0.5079,0.6035,0.7536,0.7571,3.9933,0.6638,0.5762,0.9482,0.9243,0.5523,0.8117,0.6888,0.6444,0.5625
2/16/2022,58.8084,1.3149,0.8475,1.1828,1.8078,2.3057,1.4877,1.9145,1.3149,1.2387,1.0202,1.7875,1.3962,0.8881,0.9491,1.2082,0.7814,0.9847,1.1727,1.132,0.9644,1.0101,0.7256,1.0609,0.7916,0.7713,0.8272,1.3607,0.6747,1.0457,1.0355,0.5172,0.5477,0.5579,0.6138,0.8221,0.9339,1.2032,1.0914,7.5097,1.1207,0.9745,1.3861,0.8881,1.3505,0.9135,1.2794,0.8018,1.2946
2/15/2022,78.024,1.112,1.3501,1.3781,2.8346,2.3794,2.4214,2.2044,2.9816,2.6105,1.3851,1.7492,1.182,1.5181,0.9369,1.6932,1.8612,1.4061,1.6512,1.6232,1.2941,1.4971,0.9089,1.9453,1.8612,1,1.6512,2.1694,0.8669,2.3724,1.6092,1.287,0.8879,0.8249,0.8879,0.9369,1.3851,1.8963,1.6232,5.6574,0.88,1.035,1.4061,1.6582,0.8949,1.189,1.133,1.231,1.7562
2/14/2022,101.6742,2.6209,2.3586,2.6209,3.5202,2.9207,3.4734,3.2766,3.1736,1.8247,1.628,2.3586,2.6865,1.3095,1.2814,1.3657,1.8153,2.0589,1.9465,1.8528,1.7217,1.2908,2.3305,2.0308,1.8903,1.3751,1.2345,2.1245,1.4594,2.8832,1.5156,1.1221,1.347,1.4032,1.4594,1.2252,1.4687,1.3189,1.2439,11.2591,1.6078,1.909,1.8434,1.094,2.4242,2.0214,2.2369,1.2627,1.4781
2/13/2022,75.3845,1.7637,1.3796,1.1842,2.323,2.1073,2.7542,1.9726,2.2758,1.7704,2.3634,1.8243,1.9658,0.9281,1.4941,1.0022,1.2583,1.2516,1.4941,1.4807,1.1033,1.1909,1.0157,1.4807,1.2516,1.4807,1.1437,0.9281,0.9618,1.2583,1.3998,0.6923,0.7731,0.9955,1.0629,0.8136,1.3324,1.3931,1.1842,8.7841,1.2863,1.1235,0.9079,1.8445,1.4739,1.1774,1.4537,1.7772,1.5009
2/12/2022,64.2981,1.6192,0.9661,1.0843,1.4897,1.9119,1.9738,2.2497,2.3454,1.6361,1.8218,1.4784,1.6586,0.9492,0.8422,1.287,1.2757,1.5178,1.5235,0.9774,1.5009,0.9999,0.9154,1.7092,0.7465,1.332,1.0674,1.2082,0.9774,1.2926,1.3658,0.6396,1.0168,0.9717,0.8873,0.6902,0.9098,1.0787,0.7972,5.1542,0.8146,0.7972,1.6192,1.4728,1.4503,0.9774,0.8648,1.0843,1.3489
2/11/2022,71.478,1.6394,1.4108,0.8903,2.1726,2.7883,1.4045,1.9567,2.5661,1.8615,1.7854,1.2204,1.5187,0.9348,1.4362,1.0617,1.322,1.6267,1.7536,1.5822,1.1506,1.2521,1.2775,1.4045,0.8776,0.8395,1.1887,2.0774,0.9221,2.1154,1.2141,1.1506,0.6491,0.7062,0.8395,0.8205,1.0363,0.9919,1.5061,8.3632,1.2316,1.1061,1.6901,0.8713,0.757,0.9919,1.0236,1.3156,1.176
2/10/2022,59.8636,1.2195,1.2454,1.0224,1.6811,1.5203,1.1728,1.2558,1.5255,1.2143,1.0121,2.1064,1.3699,0.7527,1.1365,1.1676,1.1158,0.9757,1.3336,1.0224,1.2299,1.2973,1.1313,1.0691,1.4166,1.2039,1.1106,1.0224,0.8565,1.9352,1.0691,0.6749,0.8046,0.8772,0.7838,0.8357,0.8668,1.1106,1.2921,6.556,0.9968,0.7735,0.7164,0.732,1.3595,1.3181,0.9394,0.9343,1.1002
2/9/2022,65.143,1.121,1.4238,1.3038,1.7152,2.7495,2.4752,2.0352,1.4695,1.5781,0.8924,1.7381,1.6981,1.2581,1.2638,1.1095,1.1952,0.841,1.4867,1.3438,1.0524,1.0352,0.9838,1.3838,1.6867,1.001,1.2352,1.7667,0.881,0.9381,1.161,1.0638,0.9095,0.9381,1.001,0.6695,1.0181,1.4467,1.0981,5.0722,0.804,0.8524,1.1838,1.2695,1.4181,1.1324,1.3438,1.1781,0.921
2/8/2022,62.9259,1.43,1.5563,0.9246,2.1605,2.2593,1.765,1.4904,1.9298,1.3915,1.2981,1.1608,1.419,0.9246,1.3366,1.4409,1.2981,0.9796,1.4849,1.3641,1.2487,1.3421,1.4519,1.6936,0.7379,1.0894,1.1059,1.9518,0.9356,0.9906,0.9851,0.8477,1.0565,0.8917,0.8093,0.9027,0.9741,0.8258,1.1938,3.7833,0.6365,1.3531,0.9411,1.4739,1.4464,1.1553,1.2377,0.9796,1.2707
2/7/2022,79.8185,1.4091,2.1273,1.0859,2.1848,3.6642,1.9262,2.0411,2.8024,1.3301,2.4864,2.7665,0.9998,1.5169,1.1649,1.7682,1.56,1.366,1.8472,1.8329,1.3804,1.3301,1.8831,1.3876,1.2727,1.3014,1.0788,2.5151,1.1865,2.5654,1.6533,0.9639,1.0357,0.7699,0.9854,1.1865,1.3804,0.9926,1.0141,5.4676,0.8554,1.3301,1.1434,1.6461,1.6318,1.639,1.6605,1.6605,1.0213
2/6/2022,90.9045,2.0901,1.4102,1.6258,2.8279,3.2922,2.6206,2.8777,2.2144,1.2196,2.7118,2.7118,2.1315,1.1864,1.6755,1.3771,1.1532,2.0735,1.8911,1.4102,1.9574,1.4102,1.1864,2.3554,1.9823,1.5678,1.7999,1.004,1.0537,2.3139,1.46,0.7055,1.0455,1.4019,1.3854,1.0952,1.4931,1.6921,2.0154,9.1254,1.3306,1.1781,2.0072,1.319,1.6672,1.6838,1.4434,1.7667,1.9574
2/5/2022,88.8989,1.5096,1.3559,1.5339,3.4754,2.6179,2.4885,3.3136,3.5401,1.9383,2.7312,2.1487,2.1487,1.1294,1.5662,1.5015,1.2264,1.8817,1.7361,1.8251,1.3073,1.817,1.0566,1.4206,1.4287,0.9595,1.7199,1.0242,1.1455,1.5015,1.7118,0.7491,1.453,1.3559,1.3316,1.0727,1.4772,1.1375,1.1941,11.6007,1.6522,1.453,1.4287,1.4368,1.1941,1.2912,1.5743,1.6552,1.0808
2/4/2022,58.8082,1.4623,1.3708,1.0304,1.569,1.6757,2.2193,2.2092,2.3108,1.7163,1.3708,1.9754,1.2387,0.8932,0.8983,1.0863,0.7662,1.0609,0.8018,1.1168,0.9796,1.005,1.259,0.8729,1.1371,0.7408,1.1269,1.6808,0.8373,1.6401,0.8729,0.9644,0.5731,0.8831,0.6951,0.5731,0.8119,1.2336,1.259,3.4402,0.592,1.2946,0.8831,1.3657,1.2235,1.0406,0.8932,0.9898,1.1676
2/3/2022,82.6692,1.9513,1.6227,2.1006,2.8324,2.6233,2.0931,2.1006,2.6756,2.8622,1.2419,1.6153,1.2942,1.5929,1.3987,1.6003,1.8467,1.212,1.563,1.8243,1.4062,1.0776,1.9438,1.212,1.1448,1.0254,1.2195,2.6233,1.1448,2.3694,1.212,0.7416,0.9507,0.764,0.9283,1.1747,1.115,1.0478,1.7123,8.0571,1.1918,1.7422,2.2275,1.3016,0.9432,2.0259,1.1672,1.5406,1.6078
2/2/2022,72.5338,1.225,1.3347,1.1282,2.5028,2.4705,1.567,1.7026,2.5351,1.1734,1.3089,1.9672,1.2057,1.438,1.3347,0.9604,1.1992,1.2186,1.225,1.5219,1.2766,1.0443,1.096,1.438,1.1347,1.1863,1.1476,1.4638,0.9088,1.8639,1.2831,0.7991,0.9733,1.1347,0.8507,0.8507,1.0637,1.0637,1.5993,11.0639,1.5825,1.1218,0.8185,1.0121,1.3928,1.1669,0.9411,1.2508,0.9862
2/1/2022,82.4581,1.5293,2.1994,1.7303,1.9834,3.4652,1.559,2.6461,2.7727,1.0825,1.8122,1.1793,1.976,1.3878,1.3952,1.8792,1.7973,1.3729,1.6335,1.9611,1.976,1.0751,0.9634,1.6856,2.1696,1.5814,1.0378,2.1175,1.008,1.3506,1.1793,0.7549,0.8442,0.9112,1.1123,1.1942,1.1942,1.8047,0.9559,8.6871,1.2737,1.7675,1.5665,1.6186,1.1123,1.5441,2.0951,1.0527,1.4622
1/31/2022,11.4025,0.2163,0.2374,0.2466,0.2487,0.2568,0.2769,0.2262,0.2932,0.2483,0.218,0.231,0.2238,0.231,0.2041,0.2371,0.2395,0.2136,0.2497,0.2259,0.2211,0.2085,0.2408,0.2092,0.2507,0.2072,0.2242,0.2327,0.2021,0.2497,0.2269,0.1987,0.1929,0.2157,0.215,0.1959,0.2119,0.2432,0.2296,0.7057,0.2367,0.2106,0.2323,0.2112,0.2313,0.2133,0.2238,0.2167,0.2208
1/30/2022,82.6696,1.5929,1.7347,2.1753,2.1379,3.7359,2.2275,2.4516,1.8019,1.9737,2.2126,2.1305,1.451,1.5705,1.1672,1.5779,1.0926,1.7795,1.2942,1.4286,1.5406,1.227,1.4136,2.2051,1.4734,1.2195,1.0328,1.5406,1.0702,1.9886,1.6601,1.2195,0.891,1.0179,0.8387,1.1896,1.1224,1.9737,1.9438,7.806,1.1592,2.0558,1.3091,0.9208,1.0702,1.9587,2.0185,1.3016,0.9656
1/29/2022,78.5517,2.1139,1.2673,1.1121,2.1703,3.5461,1.6765,3.144,1.5848,1.4225,2.2903,1.3519,1.8246,1.232,1.613,1.0768,1.3519,1.5283,1.2461,1.74,1.4225,1.2743,0.8792,1.4366,1.2884,1.5706,1.4295,2.509,1.0909,2.4808,1.3519,0.6746,1.1967,0.7381,1.0062,0.9639,1.1332,1.0627,1.5001,6.573,0.999,1.5424,2.0575,1.0909,1.5424,1.74,1.7259,1.2955,1.6835
1/28/2022,85.837,1.2797,1.2019,2.2527,2.8053,3.6226,2.3461,2.7976,2.4473,2.2216,1.4276,1.9958,1.8557,1.6923,1.6767,1.1241,1.6222,1.8402,1.3342,1.5911,1.9024,1.7156,1.7234,2.0348,1.5132,1.6456,0.9917,1.163,1.2097,2.4706,1.8168,1.163,1.0851,0.7193,1.0774,0.8127,1.4588,1.918,1.3342,7.8407,1.1637,2.2216,1.1007,1.1163,2.0348,1.1863,1.0929,2.0192,1.1708
1/27/2022,80.0298,1.8954,1.9674,2.0322,2.0466,1.9674,3.0046,2.342,2.1403,2.5797,1.3696,2.0322,2.1187,1.1391,1.3912,1.0887,1.456,1.5496,1.4848,1.1895,1.8882,1.0814,1.6289,1.8666,1.5496,1.6073,1.3768,1.0094,0.9374,2.6157,1.1679,0.8365,1.2327,1.0526,0.887,1.3119,1.2399,1.5136,1.5352,6.6434,1.0081,1.1319,2.2051,0.9662,1.1967,1.6073,1.6505,1.3047,1.1823
1/26/2022,80.3466,1.1723,1.9753,1.1795,1.9536,2.1417,1.7583,2.3588,1.7294,1.0493,1.4472,2.0549,1.4834,0.9914,1.5919,1.6859,1.6859,1.2085,1.2229,1.7004,1.4834,1.1361,1.7294,1.7004,2.0622,1.1506,1.6715,1.7728,1.071,2.0043,1.5557,1.1433,1.0059,1.1723,0.8974,1.1651,1.288,1.9319,1.4327,9.8477,1.4244,1.4834,1.9102,1.6208,1.2229,1.4255,1.3025,1.2591,1.0855
1/25/2022,82.6694,1.3166,1.6078,1.0403,2.8548,3.9001,3.0414,3.034,2.907,1.3166,1.7497,2.9369,1.9811,1.5033,1.5331,1.9139,1.9289,1.2718,1.3539,1.7347,1.9363,1.7646,1.5107,2.2051,2.1753,1.2942,1.6526,2.5561,1.1822,2.3246,1.1971,1.0104,0.8686,0.7267,0.7939,1.1822,1.3464,1.7571,1.9662,2.169,0.4268,1.1374,1.2419,1.5779,1.8841,1.5107,1.3763,1.1,1.8691
1/24/2022,100.5127,1.8134,1.4433,2.4702,2.831,2.2482,3.2196,3.9134,3.8672,2.8403,2.3592,3.1456,1.7856,1.2306,1.5359,1.4248,2.3777,1.7764,2.2945,1.5636,1.8689,1.9522,1.3323,1.9337,1.2491,1.5451,1.3693,3.2381,1.3508,2.7108,2.1279,1.3508,1.101,0.9068,1.4711,0.9345,1.6469,1.6839,2.2667,8.7308,1.2793,2.424,2.313,1.0733,1.7764,1.6931,1.3046,2.3685,1.3693
1/23/2022,90.1657,1.9743,1.8675,2.1797,2.3194,3.33,2.9932,1.6292,1.9497,2.5166,2.0236,2.7713,2.2372,1.6374,1.8921,1.7771,1.5388,1.5635,1.7525,1.506,1.7196,1.7935,1.9086,1.8839,1.317,1.5224,1.7114,1.128,1.1198,1.4485,1.6456,0.7172,0.7829,1.3088,1.4074,1.202,1.3088,1.6128,1.1198,8.9437,1.307,2.1879,1.4731,1.5635,1.7525,2.1469,2.3358,1.2266,1.1116
1/22/2022,77.6016,1.8093,1.3917,1.5726,2.0111,3.5215,2.8951,2.9716,2.6514,1.8928,1.6492,1.3638,1.6283,1.2455,1.0715,1.7049,1.5865,1.3151,1.0784,1.3638,1.5587,1.3708,1.2664,1.2455,1.2037,1.5796,0.9253,1.0019,1.0993,1.7745,1.2455,0.9253,0.9114,0.9044,0.8557,0.8279,1.3081,1.3499,1.0436,7.8049,1.159,1.336,1.2525,1.8928,1.5169,1.8858,1.2177,1.329,1.0854
1/21/2022,79.0799,1.3324,1.3182,2.029,1.8726,3.4008,1.6807,1.4745,2.8961,1.8441,2.1,1.3537,2.1356,1.6025,1.4035,1.2684,1.5314,1.5314,1.5527,1.4888,1.5527,1.0338,1.2968,1.4603,1.3821,1.5456,1.2115,1.4888,1.0267,2.5549,1.5954,1.0481,0.9628,1.1049,0.7282,1.0481,1.2471,0.9912,1.4745,7.1242,1.0706,1.5812,1.9863,1.6736,1.3182,1.8015,1.1262,1.5385,1.2897
1/20/2022,64.4043,1.3286,1.1594,1.2158,2.5018,1.3794,2.0224,1.2383,2.1352,1.447,1.323,2.2875,1.7291,0.8153,1.1989,1.2778,1.3963,1.3173,1.1143,1.5204,1.0466,1.306,0.7194,1.4019,1.0127,1.3004,0.804,0.821,0.9338,1.5316,1.1199,0.7025,0.8435,1.0522,0.9958,0.7984,0.9958,1.0804,1.3286,5.7176,0.8879,1.0184,1.1763,1.4978,1.0748,1.165,1.6275,1.1086,0.9281
1/19/2022,82.3525,1.3266,2.2039,0.9845,2.1444,3.9066,2.0552,1.8619,1.5794,2.2708,1.624,2.256,1.215,0.9845,1.0738,1.8024,1.4307,1.4158,1.5794,1.2671,1.3117,1.0292,1.0589,1.0886,1.505,1.624,1.3637,1.044,0.9771,1.334,1.7578,0.8656,0.9102,0.8061,1.3117,1.2968,1.2299,1.215,1.1704,11.656,1.6594,1.9437,1.8619,2.0032,1.2597,1.7281,1.2373,1.5719,1.5496
1/18/2022,96.3952,2.1644,1.5898,1.3777,3.4726,3.0307,3.3931,2.023,2.5622,2.2793,2.0672,1.7047,2.1467,1.4219,1.1479,1.7843,1.4484,1.4484,1.4838,1.4661,2.3147,1.7313,1.9522,2.5091,2.3942,0.9887,1.36,1.0595,1.2097,1.7755,1.581,1.5014,0.9622,1.5545,1.4396,1.0683,1.3246,1.2804,1.802,12.183,1.7278,1.8815,1.802,2.2351,1.6075,1.2893,2.5533,1.3158,1.9788
1/17/2022,80.2412,1.0697,2.1027,1.337,2.6662,2.4423,2.3339,3.1213,2.37,1.2431,1.2214,2.3122,2.1533,1.2936,1.2503,1.5537,1.0408,1.0408,1.0552,1.5104,1.7849,1.3659,0.9035,1.1636,1.9438,1.1564,1.2575,2.0377,1.0914,2.2761,1.2358,1.0769,1.3081,1.1202,1.1564,0.9974,1.4381,1.8716,0.9396,7.4041,1.107,1.6837,1.7126,1.467,1.8788,1.5176,2.0377,1.1202,1.0697
1/16/2022,82.9864,1.4639,1.239,2.0038,3.0461,2.4163,1.9213,2.9412,2.9637,1.074,2.3638,1.9813,1.8539,1.0665,1.7564,1.9213,1.164,1.1865,1.269,1.5839,1.7339,1.5914,1.4789,2.1688,2.0038,1.014,1.7639,1.6064,0.969,2.7087,1.269,0.9315,0.7066,0.7741,0.924,1.044,1.4114,1.5314,1.179,7.7654,1.1539,1.5839,2.2963,1.6964,1.3739,1.2015,1.119,1.6814,1.089
1/15/2022,75.4902,1.3545,1.2938,1.071,2.8393,3.5479,1.53,2.9675,2.4883,1.8674,1.1453,2.3668,1.7257,1.1588,1.0643,1.314,1.7527,1.395,1.449,1.3612,1.3342,1.287,1.4287,1.2938,1.2668,0.8888,1.044,1.6649,0.8956,2.3466,1.179,0.6863,0.8483,1.2128,1.0643,1.0508,1.0778,1.4355,1.0373,7.2208,1.0831,1.4827,2.0969,0.9293,0.9833,1.8607,0.9226,1.017,1.1588
1/14/2022,70.7388,1.0952,1.114,1.5657,2.3813,1.5156,2.4566,1.5344,2.6699,1.3273,2.2872,2.212,1.5218,1.1078,1.1579,1.4214,1.5281,1.3713,1.6348,1.5344,1.3336,0.8819,0.9133,1.4905,1.4277,1.2081,1.0199,0.9384,0.8882,1.8292,1.4716,0.7564,0.8693,0.9635,1.0638,0.9572,1.1956,1.2081,1.1705,7.6181,1.1348,1.1517,0.9384,0.9446,1.1956,1.0764,0.9195,1.3775,1.3587
1/13/2022,69.3663,1.7438,1.7499,1.7376,2.2408,1.799,2.2654,2.3452,2.6643,2.339,1.4799,1.7745,1.7683,0.8785,1.2344,1.4799,1.124,1.1792,1.4247,1.3694,1.2835,1.2099,1.5597,1.6456,1.6947,1.4124,1.2406,1.664,0.9644,1.2467,1.3265,0.6024,1.0933,0.6208,0.676,0.8969,1.0258,0.9276,0.9951,2.7899,0.5075,1.259,1.6763,1.6333,1.4431,1.5413,1.4431,1.2897,1.0994
1/12/2022,72.3225,1.6075,1.4017,1.2859,2.5016,2.3022,2.3987,1.1958,1.6975,2.1349,2.1349,2.4887,1.942,1.035,0.99,1.2923,1.5625,1.511,1.556,1.1637,1.4531,1.4338,1.3052,1.3502,1.1315,1.0479,1.2859,1.9291,0.9064,1.7233,1.3373,1.1508,1.2151,1.08,1.0157,1.2023,1.228,1.1444,0.8999,2.9731,0.5313,1.5625,1.5239,1.7361,1.6718,1.6782,1.6268,1.6075,1.3695
1/11/2022,58.4916,1.2472,1.5451,1.2522,2.0651,1.3936,1.9642,2.0702,1.843,0.7019,1.4794,0.818,1.5249,0.8887,0.9291,1.2017,1.3128,1.0654,0.8534,1.1664,1.3583,1.3078,1.0755,0.8786,0.813,0.7827,0.9442,1.0957,0.8079,1.6814,1.227,0.9089,0.8382,0.6867,0.611,0.8887,1.0654,0.8887,1.0907,4.1839,0.6886,1.3027,1.4593,1.02,1.2724,1.0099,1.4088,0.9442,0.9291
1/10/2022,47.4057,0.7144,0.943,0.6159,1.0691,1.4789,0.9311,1.2976,1.3725,0.7814,1.3015,0.7972,1.1676,0.8208,0.9193,0.9627,0.8287,1.0257,0.7026,0.9942,0.8169,0.7696,0.9193,0.6829,1.0809,0.9272,0.9311,0.9469,0.7105,0.7499,0.7735,0.6514,0.4661,0.5174,0.6001,0.6198,0.8247,0.6829,0.7853,6.043,0.9301,0.7065,0.8838,1.1124,1.0848,1.0888,0.7538,0.7578,0.8641
1/9/2022,48.0391,0.9995,0.7552,1.0716,1.7883,1.7562,1.1356,1.7402,1.7442,1.488,1.512,0.7472,0.9034,0.8033,0.9154,0.7432,0.8593,0.8553,0.7032,0.9955,1.1396,0.9594,0.6431,1.0956,0.8193,0.6591,0.9795,0.7432,0.6952,0.8954,0.7713,0.4229,0.463,0.7713,0.519,0.8113,0.8473,0.9755,0.6111,4.3516,0.7104,1.0635,0.7272,0.8393,1.1036,0.7352,0.7112,0.8513,0.6071
1/8/2022,54.5852,0.926,1.117,1.1217,1.2661,2.0813,1.3546,1.9183,1.7086,1.4058,1.1403,0.9679,1.0425,1.0331,1.0751,1.1217,1.0704,0.9167,0.7583,1.0145,0.8515,0.7303,1.1869,1.1356,1.2428,1.0518,1.1682,1.6853,0.7956,1.6108,1.0937,0.5207,0.94,0.721,0.5999,0.9074,0.8701,1.3173,1.1869,2.8383,0.5138,1.0891,1.1869,0.9353,1.0005,1.0518,1.3127,1.1543,0.8468
1/7/2022,75.8066,1.3736,1.4753,1.6245,1.7059,2.2619,2.3026,1.8279,2.4043,1.6923,1.1634,1.8618,1.3804,1.1702,1.4957,1.3397,1.6177,1.0143,1.4482,1.1702,1.1024,1.3465,1.3194,1.8754,1.7127,0.9329,1.3533,1.3058,1.1227,1.1295,1.2651,0.6888,0.9871,0.9939,0.9803,0.96,1.1092,1.238,1.2923,9.5222,1.3822,1.3601,2.1534,1.1431,1.6177,1.7805,1.611,1.3465,0.8447
1/6/2022,62.398,0.8956,1.3145,0.9554,1.6572,1.7714,2.076,1.2111,2.2882,0.8249,1.7007,1.5756,1.2492,0.9826,1.086,0.9826,1.1295,0.8902,1.3689,1.3036,1.309,0.8249,0.7161,1.1839,0.8031,1.1078,0.863,1.6028,0.8303,1.2329,1.2546,0.9391,1.0153,0.8466,0.9337,1.0098,1.0479,1.0098,0.8575,6.8056,1.0292,1.0044,1.086,1.3362,1.1513,1.2655,1.6409,1.1567,1.2709
1/5/2022,60.8142,1.2758,1.5398,1.1279,2.1947,2.5169,1.186,1.5927,2.3532,1.5662,1.2546,1.1543,1.1649,0.7476,1.186,1.2071,1.0592,1.3233,1.223,1.1543,1.392,0.9906,1.2863,1.4395,1.112,1.112,1.0064,1.7511,0.7635,1.2177,1.0381,0.8057,1.0275,0.6473,0.6578,0.9694,0.9906,0.8955,1.017,4.4856,0.7278,0.9166,0.6842,1.2758,0.7001,1.2282,1.4395,1.2124,1.1965
1/4/2022,43.6048,0.6794,0.804,1.1102,1.0817,1.2384,1.4164,1.2989,0.8503,0.6794,1.1316,0.9179,0.626,0.8111,0.5761,0.95,1.0319,0.6438,0.6687,0.7043,0.893,0.5832,0.6723,0.8076,1.0105,0.7577,0.5868,1.1707,0.6082,1.1707,0.8966,0.5476,0.5619,0.4871,0.6616,0.7185,0.7613,0.9713,0.6758,4.6128,0.7443,0.6651,0.626,0.8111,0.9072,0.6865,1.0603,0.8645,0.8645
1/3/2022,46.9834,0.7085,1.1179,0.9112,1.6052,1.4453,1.6831,0.8645,1.3751,1.5311,0.7124,1.2192,0.6618,0.8918,0.8255,1.0633,0.6267,1.0321,1.0204,1.0477,0.9619,1.0282,1.0165,1.2504,0.689,0.8996,0.7592,0.5721,0.7007,0.9736,0.884,0.6579,0.7904,0.4941,0.4902,0.6968,0.8177,0.7943,1.0165,3.6202,0.6154,0.6033,1.2504,0.7709,1.0594,0.8528,0.9035,0.7007,0.7709
1/2/2022,53.0018,0.8102,1.1567,1.2467,1.2107,1.1432,1.1837,1.4942,1.8587,1.0757,1.0757,1.3187,1.4357,0.9182,0.6842,0.9677,1.0082,0.8417,0.8462,1.1927,0.9407,0.7832,1.1297,1.0307,0.6932,0.7787,0.7742,1.2107,0.6977,0.7562,0.9002,0.6122,0.8417,0.5582,0.7112,0.6932,0.7652,0.7787,1.0622,7.4072,1.1074,0.6977,0.7247,1.0262,0.9587,1.2962,1.0937,0.8507,0.6527
1/1/2022,51.2063,1.2468,1.0135,1.1863,1.1647,1.627,1.5882,1.7869,1.3289,1.5795,1.1475,1.4715,1.3376,0.6722,0.6722,0.8796,1.0308,0.7672,1.0567,1.0049,0.8104,0.8018,0.8839,1.3289,1.2036,0.8753,0.7802,1.1302,0.7716,1.519,0.7845,0.5469,0.6549,0.6808,0.6765,0.7543,0.8018,1.1863,0.9357,3.0843,0.5457,0.7327,1.411,0.9098,0.724,1.2468,1.2382,0.9487,0.6765
12/31/2021,61.0334,1.1054,1.4183,0.9463,1.5561,2.1554,1.3228,1.4925,1.1743,0.8826,1.3546,1.1107,1.4023,1.0788,1.0258,0.8455,1.047,1.3069,1.0205,0.9357,1.2432,1.3599,1.0682,0.9091,1.1425,1.0152,1.2645,0.7023,0.8084,1.397,1.1001,0.872,0.5644,0.941,0.9516,0.7129,1.116,0.7978,1.1107,7.5261,1.1228,1.5031,0.925,1.3811,1.344,0.9303,1.4395,1.2751,1.3281
12/30/2021,38.8504,0.8608,0.9317,0.8577,0.9009,1.3945,1.194,0.7405,0.7559,0.9749,0.9719,0.5739,0.6356,0.759,0.7436,0.6418,0.7127,0.904,0.7065,0.8546,0.8886,0.614,0.8485,0.7035,0.9965,0.7189,0.5801,0.688,0.5986,1.2094,0.7096,0.5492,0.3888,0.4474,0.6387,0.5369,0.6325,0.8608,0.4968,2.8369,0.5136,0.8608,1.0397,0.8762,0.5955,0.8238,0.6325,0.5955,0.8546
12/29/2021,37.3242,0.5274,0.9086,0.6183,1.325,1.5977,1.1608,0.9789,1.0816,1.1109,0.9614,1.2869,0.9731,0.5508,0.5977,0.6622,0.8441,0.8441,0.5479,0.8147,0.7062,0.542,0.671,0.847,0.7326,0.5919,0.5508,0.6652,0.4922,0.6564,0.6124,0.4511,0.4628,0.4892,0.4159,0.6329,0.6124,0.9056,0.6769,2.043,0.4104,0.6417,0.5449,0.7942,0.8294,0.6945,0.6916,0.7649,0.803
12/28/2021,37.3241,0.7561,0.6798,0.4922,1.2575,0.7971,0.9056,1.322,1.3924,1.1373,1.0229,0.7619,0.5743,0.4922,0.6271,0.6417,0.6183,0.7825,0.847,0.8382,0.6916,0.7649,0.7414,0.888,0.7121,0.6388,0.5039,0.8939,0.5831,0.718,0.6329,0.6241,0.4628,0.5508,0.5948,0.5186,0.6271,0.5274,0.6124,2.8216,0.5116,0.8382,0.7971,0.6593,0.501,0.8792,0.5889,0.7326,0.7619
12/27/2021,52.1131,1.296,1.2033,1.1416,1.9047,2.0062,1.9797,1.0048,2.015,1.6003,0.771,1.2033,0.7666,1.0401,1.093,0.9783,1.0269,1.0842,1.0489,1.1504,0.8592,0.8284,0.6784,0.7048,1.1019,1.0445,0.9342,0.7445,0.6828,1.093,0.9607,0.8637,0.6343,0.7931,0.4931,0.5769,0.9122,0.6784,0.7887,3.7936,0.6379,1.2386,0.8901,1.1636,0.7666,1.2563,1.221,0.824,0.6343
12/26/2021,61.503,1.6059,0.9746,1.2795,1.3437,1.5791,1.2795,1.2956,2.371,1.1297,1.4775,2.1088,1.0227,0.9746,0.798,1.1351,1.3437,1.1993,1.317,1.2688,1.2688,1.2635,0.9318,1.0976,1.1993,0.9746,0.7177,1.7236,0.7284,1.5417,1.1672,0.8248,0.8836,0.6535,0.996,0.8836,0.9104,1.3919,0.9104,6.0382,0.9295,1.3758,1.0388,1.3116,1.012,1.0709,1.226,0.8301,1.0976
12/25/2021,51.4089,1.1043,1.0652,1.0262,1.4646,1.6816,1.6947,1.1651,1.7554,1.4559,1.5297,0.9003,0.7614,0.961,1.0175,0.9133,0.8221,0.8612,0.7918,1.2041,1.1347,0.7266,1.0783,1.3734,1.113,0.8959,0.6659,1.0956,0.7223,1.4429,0.8135,0.4401,0.6094,0.6268,0.7136,0.6355,0.7483,1.1998,0.8048,3.947,0.6578,1.2866,1.2693,0.6181,0.6094,0.9524,1.0783,0.8352,1.139
12/24/2021,45.3048,1.1515,1.1142,0.9575,1.4947,1.6813,1.4985,1.2261,1.2746,1.4425,1.1776,0.9538,1.0023,0.5957,0.7934,0.9948,1.0023,0.7001,0.73,0.6852,0.924,0.633,0.7747,0.6479,0.7337,0.9016,0.909,0.8232,0.5397,1.3977,0.7449,0.4054,0.6218,0.4315,0.6367,0.5248,0.8232,0.6889,1.006,3.2933,0.5729,0.8867,1.0284,0.6404,0.8195,0.7076,1.006,0.7934,0.9128
12/23/2021,50.8222,1.3528,1.2201,1.0188,1.2329,1.3186,1.1559,1.6312,0.9846,1.3357,1.2929,1.7211,1.2543,0.8561,0.6591,0.9118,1.0788,0.7319,1.1344,1.0574,0.7962,1.1259,1.1601,1.1858,0.5949,0.7919,0.946,1.1687,0.6291,1.1259,0.839,0.5135,0.7191,0.7876,0.7191,0.7962,0.8304,0.7533,1.0745,3.9603,0.6595,1.2158,0.6977,1.1387,0.9546,0.9375,0.7705,1.1173,0.8647
12/22/2021,49.8831,0.7823,1.2305,0.9331,1.2556,2.2734,1.7038,1.9383,1.5279,1.3436,1.1007,1.4609,0.9247,0.9583,0.8494,0.8284,1.0546,0.8452,0.8242,0.7488,0.7907,1.0755,0.6902,1.1928,1.0043,0.6316,0.9289,1.0127,0.7237,1.4609,0.996,0.485,0.5604,0.6316,0.5478,0.6609,0.7363,0.6651,1.1802,3.2099,0.562,1.2179,1.2137,0.5981,0.7572,0.7572,0.9331,0.9541,1.1216
12/21/2021,64.9068,0.952,1.0772,1.743,1.9763,1.743,2.4543,1.4186,2.46,0.8552,1.4812,2.295,1.1512,1.3446,1.2422,0.8439,1.4186,1.4528,1.4584,1.1967,1.3902,1.0203,1.0658,0.9691,1.5495,1.1455,0.878,1.2137,0.8211,1.5381,1.1512,0.639,0.6674,0.9065,0.9178,1.0032,0.9292,1.0999,1.4471,5.7469,0.8917,1.4129,1.7942,0.7357,0.9747,1.5381,0.8723,0.9975,1.026
12/20/2021,76.1743,1.4415,1.3256,1.1552,2.1096,2.4505,2.321,2.6414,1.6733,2.171,1.162,1.4006,1.1893,1.4074,1.1075,1.3256,1.5711,1.2302,1.462,1.3461,1.7347,1.5642,1.4074,1.3393,1.4961,1.4279,1.0188,1.6733,0.9507,1.4006,1.1279,0.9711,0.9029,1.0734,1.1825,0.8416,1.1552,1.612,1.6392,7.7327,1.1497,1.8506,1.6938,1.7892,1.0325,1.0325,1.7619,1.4552,1.6665
12/19/2021,71.01,1.8805,1.1622,1.5403,2.3216,2.8887,1.4143,1.7797,2.5863,1.0551,1.1055,2.1893,1.0173,1.1748,1.0551,1.3071,1.534,0.9795,0.9417,1.2567,1.0425,1.2378,1.6285,0.9354,1.7797,1.1244,1.3702,0.8661,0.9669,2.1704,1.1433,0.7779,0.6392,0.614,0.7653,1.0992,1.2504,0.9858,1.6033,8.0463,1.1904,1.0488,1.9814,1.6474,0.8094,1.0866,1.6159,1.0236,1.3702
12/18/2021,80.8692,1.8499,1.2597,1.6532,2.6151,2.5131,2.4183,3.0159,2.2726,2.4475,1.0848,1.1504,1.7334,1.5512,1.0047,1.8499,1.2816,1.6313,1.8572,1.8572,1.216,1.4637,0.8808,1.8572,1.4856,1.2451,1.267,2.5276,1.1431,2.5276,1.7188,0.8735,0.9464,1.2597,1.3034,0.9099,1.3836,1.5002,0.9682,6.2675,0.9593,1.6896,1.2524,1.8427,1.5512,1.3253,1.9884,1.3399,1.1285
12/17/2021,75.2355,1.619,1.8408,2.0358,2.2039,1.9282,1.4979,1.3635,1.6795,1.1618,1.6257,1.4441,1.6526,1.0878,1.1819,1.6257,1.6593,1.5988,1.2626,1.2559,1.1618,0.9802,0.8188,1.8879,1.1416,1.471,1.0407,0.9937,0.9668,2.1165,1.5383,0.7987,0.6978,1.0004,1.1685,1.0743,1.0811,1.3836,1.3836,10.5442,1.5149,1.2088,1.3298,1.0811,1.4643,1.3635,1.4172,1.6526,1.229
12/16/2021,67.8408,1.0583,1.7046,1.1241,2.2611,2.0696,2.2611,1.8961,2.3509,0.807,1.9499,1.178,1.3994,1.1301,1.4413,1.0882,1.3994,1.2019,1.3695,1.3575,1.5669,0.8788,1.3695,1.2857,1.6268,0.8129,1.1241,1.2318,0.8548,1.5669,1.1241,0.5676,1.0882,0.9566,0.7052,1.0703,0.9805,1.172,0.801,6.7549,1.0226,1.5011,1.3395,1.0224,0.801,1.2318,1.5011,1.4832,1.3515
12/15/2021,73.9442,1.8548,1.9669,1.0701,1.8021,3.3913,1.901,1.7098,2.0725,1.0767,1.5779,1.9406,1.6768,1.0503,1.3669,1.3932,1.0371,0.9514,1.6372,1.446,1.413,1.3141,1.0173,1.1295,1.6372,1.4526,1.3866,1.5449,1.0042,1.5647,1.1954,0.9052,0.7338,0.7272,0.8986,1.1229,1.3141,0.9316,1.5119,6.4055,0.9772,1.446,1.7955,1.5581,1.6702,1.7823,1.7691,1.7164,1.0965
12/14/2021,74.1791,1.7881,1.8542,1.5697,2.0726,3.2771,1.6689,1.6888,2.4366,2.4432,1.9469,1.6954,1.6954,1.2851,1.1461,1.1924,1.702,1.4836,1.338,1.1792,1.5697,1.5829,1.5101,1.755,1.4638,0.8814,1.3513,2.066,1.0998,1.3182,1.4175,1.2057,0.9608,0.9741,1.1792,0.9608,1.1395,1.4836,1.0138,3.2943,0.573,1.2851,1.6226,1.4505,1.6557,1.4108,1.9535,0.9608,1.5763
12/13/2021,74.2961,1.8506,1.2141,1.95,2.7124,1.592,2.7721,2.9843,1.4329,1.1479,1.1876,1.9567,1.4329,1.4992,1.5059,1.0219,1.4064,1.3401,1.4528,1.4992,1.7445,1.0683,1.1412,1.2804,1.7246,1.3799,1.0948,1.3401,0.8628,1.3932,1.1545,0.8031,0.8031,1.1081,0.9887,1.2407,1.0219,0.9622,1.6517,6.92,1.0441,1.8572,1.7047,0.823,1.4462,1.5987,1.055,1.7578,1.3666
12/12/2021,72.066,1.3583,1.6082,1.3199,1.9605,2.0182,2.1591,2.3705,2.0246,1.6146,0.9803,2.3577,1.8132,1.1789,1.3455,1.5505,1.4544,0.9995,1.1597,1.4096,1.653,1.3519,0.9226,1.1917,1.1597,1.2942,1.0636,1.2366,1.0636,2.1848,1.0892,0.865,0.9226,0.9995,0.7881,0.8201,1.1725,1.4672,1.5697,6.6758,1.0123,1.8516,1.3263,1.0572,1.0059,1.6914,1.3967,1.0059,1.5441
12/11/2021,67.489,1.5647,1.1958,0.8865,2.3975,2.6414,1.4278,2.3975,1.7193,2.1774,1.9454,1.4457,0.8865,1.3148,1.4338,1.059,1.0649,1.1899,0.9817,1.523,0.9876,1.2375,1.3862,0.9103,1.2494,1.0055,1.4278,1.1958,0.7735,1.4754,1.3445,0.9103,0.9579,0.6069,0.9043,1.0293,1.0887,1.3683,1.2672,5.8369,0.9034,1.6598,1.4457,1.6301,1.2315,1.2613,1.2791,1.0531,0.8091
12/10/2021,76.6437,1.5739,1.9857,1.5876,1.67,2.2672,1.5464,2.2672,1.5945,1.1414,1.8965,1.9445,1.3885,1.3336,1.464,1.416,1.67,1.8141,1.4709,1.1414,1.4297,0.9423,0.9767,1.6974,1.2306,0.8874,1.0522,1.6837,0.8874,1.8141,1.2581,1.2581,0.8806,1.2238,1.2512,1.0865,1.3199,0.9835,1.2718,9.8929,1.4303,1.011,1.2924,1.869,1.011,1.114,2.0063,1.6356,1.0728
12/9/2021,92.137,1.5044,2.0429,1.454,2.7833,3.6247,2.3458,1.9335,3.1115,2.3122,1.8158,2.3037,1.4708,1.1931,1.597,2.1102,1.6222,1.3782,1.9167,2.0261,1.8915,2.0177,1.3109,2.4973,2.329,1.5465,1.1931,1.496,1.2604,1.6727,1.8999,0.9323,1.5381,1.0922,1.2773,0.9744,1.5129,1.0922,1.5718,9.3777,1.3634,2.3963,2.186,1.7737,1.0838,1.2436,1.3614,1.7821,1.9167
12/8/2021,87.2075,1.8934,1.7429,1.3627,3.2716,1.9805,1.8775,2.131,2.4558,2.9944,2.329,2.4874,2.3766,1.0459,1.5766,1.228,1.3706,1.4498,2.0597,1.6954,1.8934,1.1964,1.6241,1.1647,1.5132,1.0855,1.4736,2.3211,1.0142,1.4261,1.2993,1.0696,0.8478,0.9904,0.7766,1.0063,1.331,1.3865,1.0617,12.0626,1.7122,2.1389,1.0617,1.5528,0.9667,1.6716,1.3231,1.3944,1.5132
12/7/2021,79.2262,1.641,1.1567,1.6553,1.9046,2.624,2.0114,2.5242,1.812,2.2109,1.755,1.6126,1.7835,1.6126,1.4701,1.406,1.5983,1.1211,1.9259,1.6767,1.2849,1.6268,1.1781,1.8761,1.0926,1.0427,1.3704,2.1183,1,2.2251,1.2778,1.2707,0.9502,1.1638,1.1923,1.0499,1.4274,1.4772,1.3918,5.903,0.9119,2.0328,2.2393,1.9402,1.4345,1.0712,1.1923,1.4274,1.5556
12/6/2021,82.1601,1.6499,1.6128,1.0418,2.0874,2.8068,2.0355,2.7252,2.1319,1.0121,2.6214,2.5991,1.4793,1.687,1.0343,1.5164,1.7537,1.0863,1.3829,1.3013,1.6276,1.5683,1.3755,1.8204,2.1467,1.4867,1.1456,2.5843,1.1604,2.3321,1.4867,1.1901,1.2123,1.2939,0.8415,1.2717,1.1233,1.9836,1.0566,7.4979,1.1191,2.0503,1.1604,0.9453,1.3532,1.42,2.08,1.1827,1.0788
12/5/2021,78.5217,1.3585,1.5418,0.9565,2.1765,2.3811,1.7957,1.9791,1.5983,2.1695,1.6124,1.8239,1.6688,1.0623,1.2809,1.5348,1.4149,1.5771,1.0693,1.2104,1.5983,1.2598,1.3373,1.7957,1.2456,1.422,1.0482,2.233,1.0129,1.3655,1.3232,1.3162,0.8719,1.0552,0.886,0.9918,1.154,1.4995,1.5348,10.4211,1.4989,1.2809,2.0214,1.2174,1.0693,1.5277,1.8945,1.2104,1.2174
12/4/2021,56.9257,0.8272,1.3164,0.8663,1.6051,2.1139,1.7616,1.4289,1.5366,1.5513,1.8399,1.1256,1.336,0.7978,0.8908,0.8369,0.9348,1.2186,0.7684,1.336,1.2675,1.0229,1.199,1.3017,1.1256,0.9886,0.9446,1.2822,0.8223,1.7176,0.8516,0.6266,0.9348,0.925,0.5874,0.8076,0.8859,1.2626,0.9788,4.1459,0.6837,1.3213,1.2675,0.8223,0.8125,1.0229,1.1892,0.7587,1.2773
12/3/2021,72.0664,1.7171,1.3839,1.1084,1.6466,2.646,1.6979,2.5692,1.9541,1.038,1.5889,1.5889,1.3006,1.2942,1.0764,1.4288,0.9675,0.9291,1.4288,1.5569,1.2174,0.9675,1.3583,1.1533,1.4672,0.8522,1.0956,1.2174,0.9291,1.9669,1.1148,1.0508,0.9419,0.7112,0.6344,0.9098,1.2045,0.9739,1.3711,9.7886,1.4168,1.4352,1.8132,0.9419,1.5569,1.5569,1.1981,1.3263,0.9739
12/2/2021,83.8033,1.8419,1.3416,1.5918,2.4635,2.8046,2.1527,1.8268,3.032,2.8804,2.3801,1.8116,1.3719,1.0611,1.5463,1.3113,1.8874,1.1673,1.4098,1.895,1.4477,1.2279,0.9474,1.4629,1.3568,1.6448,1.1445,1.3568,1.2128,1.516,1.3947,0.9778,0.9247,1.3719,1.0763,1.281,1.3113,1.4402,1.2658,9.5924,1.3913,2.2285,2.1603,1.4932,1.5539,1.137,1.3795,1.7131,1.0157
12/1/2021,77.5828,1.9271,1.8645,1.0643,2.1637,2.4281,2.3237,2.5046,1.6766,1.9758,1.1269,1.4122,1.3287,1.0782,1.0504,1.1756,1.8367,1.1547,1.6557,1.4261,1.7462,1.6697,1.6905,1.28,2.0176,0.9112,1.2174,1.8993,1.0434,1.4331,1.6209,0.6955,0.7999,1.2104,1.1617,1.0365,1.0712,0.939,1.6279,9.6811,1.4028,2.0037,0.9599,0.9599,1.1687,1.5653,1.3009,1.3913,0.9042
11/30/2021,78.2872,1.1437,1.5021,1.8746,1.7903,1.7552,3.0414,2.7743,3.0063,2.3877,1.4389,1.2421,1.6216,1.0593,1.3826,1.4178,1.4529,1.235,1.4459,1.6146,1.5584,0.989,1.2631,1.9238,0.9187,1.3897,1.4881,1.0453,1.0523,1.6778,1.2491,0.7782,0.7922,0.7922,1.2421,1.1788,1.4248,1.3897,1.8325,8.5582,1.2569,1.1507,1.8465,1.2491,1.235,1.6005,1.3967,1.6076,1.2139
11/29/2021,82.8644,1.6565,1.7987,1.1399,3.1088,2.8693,2.9292,2.7794,3.1837,1.7089,1.7388,2.5773,1.6041,1.3046,1.4768,1.387,1.4244,1.4693,1.1848,1.8212,1.9859,1.7538,1.7238,1.6714,1.6265,1.4394,1.0426,1.1025,0.9527,1.8361,1.5217,0.9602,0.9902,1.3495,1.357,1.1249,1.1174,1.926,1.5741,6.3285,0.9672,2.1581,1.2821,1.3645,1.5292,1.5891,1.1699,1.095,1.1624
11/28/2021,72.5356,1.3154,1.9027,1.2638,1.8704,2.7223,1.9543,1.9672,2.5287,0.9346,1.1153,1.6123,1.9156,1.4122,1.3928,1.5735,1.438,1.6058,0.9411,1.4187,1.1347,1.1412,0.8507,1.7413,1.1024,0.9153,0.9798,1.8059,0.8701,1.4897,1.1799,1.1412,1.1347,0.741,0.7281,1.0185,1.1863,1.7542,1.0185,7.8087,1.1595,1.2767,1.0766,1.6833,1.2767,1.6187,1.5865,1.367,0.8637
11/27/2021,68.897,1.2933,1.817,0.8426,2.1641,1.549,1.9997,1.9449,2.1032,2.1032,1.4394,1.9205,1.7683,1.3237,1.4272,1.3968,1.3359,1.1532,1.3298,1.4333,1.549,0.9827,0.9766,1.007,1.4638,0.8487,1.0679,1.4577,0.8974,1.8474,1.3176,0.5625,0.7147,0.6965,1.0314,0.934,1.2567,0.8731,1.0679,6.4886,0.988,0.8731,1.7378,0.8304,0.8792,1.4151,1.7439,1.5429,1.5003
11/26/2021,77.9346,1.8381,2.0829,1.4954,1.922,2.985,2.3346,1.4605,2.3626,1.4744,1.9011,2.9081,1.2017,1.2996,1.3416,1.4045,1.4115,1.1597,1.0339,1.3695,1.7332,1.6773,0.838,1.0968,1.5514,1.0548,1.6213,1.5304,1.0618,2.2367,1.1737,0.887,1.2367,1.1807,1.2716,0.7681,1.3905,1.6423,1.0409,7.2102,1.0818,1.5584,1.6633,0.9639,1.7192,1.6912,1.2437,1.5164,1.3066
11/25/2021,76.6439,1.7112,1.1483,1.9102,2.4525,2.2397,1.4984,2.3427,1.5807,2.0475,1.3885,1.313,0.9629,1.5601,1.313,1.7592,1.416,1.011,1.5601,1.6151,1.1483,1.718,0.8188,1.7867,0.8943,1.1002,1.2924,0.9904,1.0453,2.0956,1.313,1.0522,0.8943,0.8325,0.9698,1.1757,1.1345,1.8073,1.7661,8.526,1.2527,1.416,1.8622,1.718,1.4297,1.2787,1.4572,1.5739,1.464
11/24/2021,84.7425,1.9624,1.4636,2.1696,2.1466,3.5357,3.1366,1.5941,3.0138,0.9878,1.7706,2.1159,1.5787,1.0262,1.149,1.3485,1.809,1.5097,1.7552,1.7629,1.6018,1.4022,1.2718,1.7169,1.9701,1.6094,1.6094,1.5173,0.9494,2.4613,1.4406,0.7039,1.2027,0.7346,1.2564,0.8343,1.1797,1.7092,1.7322,6.9042,1.042,1.9164,2.1773,1.548,1.4176,1.8166,1.8397,1.9624,1.3792
11/23/2021,79.2262,1.8903,1.5556,1.349,3.0086,2.7664,2.0114,2.2607,3.03,0.9786,1.7906,1.4986,1.5983,1.1852,1.52,1.7693,1.3918,1.6126,1.4345,1.8476,1.4416,1.1425,1.3846,1.1567,1.0499,0.9858,0.9359,1.349,1.057,1.7835,1.4131,1.3205,0.9003,0.7222,1.0784,1.1282,1.114,1.869,1.3633,9.4771,1.3763,2.0613,1.4202,1.3633,0.8647,1.1282,1.6695,1.2422,0.9288
11/22/2021,71.8314,1.4305,1.7944,1.2071,2.1008,1.6348,1.5837,1.9859,1.5518,2.4008,2.254,1.1305,1.8454,1.3795,1.4114,0.9646,1.4369,1.4305,1.2135,1.5327,1.2518,1.5518,1.6412,1.7944,1.8454,1.0603,1.1369,2.1263,0.9454,2.0114,1.3603,0.8241,1.1752,1.1816,1.1752,0.8624,0.9773,0.9837,1.0156,5.234,0.825,1.1369,1.7816,1.2007,1.6093,1.4305,1.1241,1.2263,1.0539
11/21/2021,51.0568,1.1484,1.0493,1.2129,1.7253,2.0741,0.9891,1.5918,1.8631,0.791,0.9115,0.7221,0.7135,0.8943,1.0407,1.002,0.7738,1.0106,1.1527,0.946,1.2043,1.101,0.9503,1.2129,0.9029,0.9847,0.6446,0.7652,0.7781,0.791,1.0709,0.7092,0.6145,0.5025,0.537,0.5843,0.9288,0.6618,0.9589,5.3262,0.837,1.0192,1.045,0.7135,0.9159,1.1182,0.8168,0.9589,0.791
11/20/2021,61.3853,1.5867,1.3305,1.1009,1.3625,2.3288,1.4586,1.2397,1.2023,0.9461,1.9017,2.1579,1.6188,1.0529,1.0102,1.1436,1.2878,1.0208,0.866,0.9354,1.3999,1.2344,1.2184,1.5066,1.5974,1.1276,0.7592,1.4799,0.7059,0.898,1.0422,0.9995,0.9835,0.5564,0.5884,0.898,1.0635,0.7486,1.3411,4.9622,0.7897,1.5066,1.6988,1.1703,1.3145,1.0529,0.9781,1.1863,1.0262
11/19/2021,67.9582,1.09,1.6356,1.2819,2.4691,2.3132,2.4391,1.3119,2.2412,1.9234,1.192,1.5397,1.192,1.096,0.9341,1.2819,1.102,0.8982,1.2219,1.2339,1.5817,1.126,1.5817,1.096,1.4198,0.8322,0.8922,1.8215,0.8622,1.0061,1.06,0.6883,1.066,0.6044,0.8082,0.8022,0.9761,1.5337,0.9101,7.3781,1.1036,1.2039,0.9521,1.2879,1.4678,1.4558,1.6356,1.102,1.3059
11/18/2021,72.4186,1.5452,1.8415,1.1909,2.6403,3.0655,2.2796,2.4922,2.7692,1.6998,1.2038,2.1443,1.4422,1.2553,1.4937,0.9204,1.4422,1.178,1.1394,1.2682,1.5517,1.4744,1.4808,1.0363,1.629,0.7593,1.2747,1.2038,0.8302,2.1508,1.4422,0.8688,0.7078,0.901,0.7335,0.9268,1.1136,1.1845,1.2167,5.6512,0.8792,1.3713,1.848,1.294,1.294,1.2553,1.1523,1.0814,1.0943
11/17/2021,73.9441,1.934,1.4196,1.6438,2.7847,3.2001,1.723,1.5779,1.7625,1.1624,1.8219,1.2745,1.1426,1.4921,1.0042,1.6174,1.6966,1.0305,1.1888,1.5515,1.1163,1.5053,0.7931,1.0437,1.0108,0.7734,1.5977,1.3141,0.8327,1.3866,1.0833,0.6876,1.1954,1.0305,1.0305,1.0042,1.2218,1.3273,1.7559,9.0377,1.3192,1.8746,1.2086,1.1492,0.7799,1.2547,1.3998,1.4987,1.6834
11/16/2021,72.5356,1.7026,1.9091,1.9027,2.0963,2.7546,2.5158,1.4832,2.6707,1.4832,1.2121,2.1286,1.7542,1.3025,1.2831,1.5026,1.6704,0.9346,1.5994,1.5671,1.3348,1.5735,0.7798,1.2896,1.025,1.4638,1.4703,2.2641,0.954,2.3544,1.4961,0.9217,1.096,0.6507,0.6894,0.741,1.2444,1.7026,0.9927,4.6959,0.7551,1.3412,0.9346,0.8378,1.1476,1.4638,1.509,0.9411,1.3928
11/15/2021,63.3807,1.5512,1.2687,1.5623,1.9444,1.4293,1.8835,1.4404,2.3044,1.9665,0.942,1.7118,1.5069,1.2355,1.0528,1.2632,1.1746,1.0251,0.9198,1.3407,1.0251,1.2078,1.4238,0.942,1.2798,0.8035,1.158,1.6398,0.87,1.7893,1.302,0.726,0.6596,0.9365,0.9309,0.9365,0.942,1.1358,1.2078,4.4602,0.7245,1.6564,1.5401,1.2355,0.798,1.4349,1.4238,0.9198,0.7482
11/14/2021,66.4327,1.6275,1.3178,1.5398,1.6918,2.7961,2.5215,2.3053,2.1592,0.8562,2.1125,1.7852,1.2594,0.9497,1.4347,0.9146,1.3762,1.1074,1.0607,1.0957,0.9906,1.1191,0.8795,1.1483,1.0023,0.9321,1.2594,1.4347,0.8386,1.0315,1.3178,1.0023,0.9263,0.7042,1.0665,1.0724,1.0899,0.8036,1.1133,6.031,0.9286,1.3528,1.6041,0.9321,0.7977,1.3821,1.721,1.0724,0.9672
11/13/2021,55.0471,1.2393,1.1641,1.1405,2.0909,2.3403,1.3381,1.0276,1.3993,0.6748,1.7757,1.7428,1.3852,0.8394,0.8865,1.1923,1.3052,0.91,1.2676,0.9194,0.8159,1.1923,0.7359,1.0653,1.1594,0.7783,1.0653,0.9853,0.8253,1.0276,0.8489,0.5901,0.9335,0.6607,0.7971,0.8347,0.8441,1.1076,1.117,4.3721,0.713,1.3099,1.3005,0.6936,0.8065,1.0841,0.9335,0.8206,0.99
11/12/2021,57.0429,1.4467,1.275,0.8582,1.9469,1.4124,1.3143,1.8243,1.8243,1.4516,0.814,1.5006,0.8729,1.0249,1.1083,0.8435,1.1475,0.9759,1.3682,0.8827,1.2848,1.0004,1.2358,0.7748,0.9955,1.0789,1.1181,0.971,0.765,1.0543,1.1966,0.7601,0.8876,0.5639,0.5247,0.9317,0.9514,1.0102,1.0053,5.6833,0.8834,0.7258,1.0592,1.3192,1.02,1.2897,0.7699,1.172,1.1181
11/11/2021,64.2023,1.5155,1.4649,1.2795,1.8977,2.6002,1.6785,1.7853,2.2462,1.1109,1.4031,1.2008,1.6111,1.0771,0.9647,1.049,1.1839,0.8411,1.4425,1.2963,1.4987,1.1221,1.4762,1.6898,1.6617,1.257,0.7624,1.1277,0.8242,1.3638,1.1333,0.6781,1.0097,0.8355,0.7343,0.6781,1.0603,1.1952,1.3694,4.6681,0.7515,1.6729,1.3919,0.8018,1.2851,1.5211,1.0041,1.2401,0.7399
11/10/2021,68.6624,1.7014,1.665,1.3253,2.393,2.399,1.5558,1.9623,1.7803,1.568,1.8167,1.4648,1.5619,1.2829,1.0766,1.0766,1.1251,1.5801,0.9249,1.1069,1.477,1.5194,1.5437,1.2707,1.1555,1.3071,1.0281,1.4163,0.9371,1.022,1.4588,0.9613,1.0645,1.022,0.7733,1.0463,0.9371,1.2647,1.2768,6.1421,0.943,1.0038,1.3678,1.5012,0.84,1.2161,1.2829,1.113,1.4042
11/9/2021,71.4797,1.7092,1.5061,1.3283,2.198,2.6868,1.3728,2.0266,2.033,1.3156,2.2996,1.449,1.6394,1.2649,1.2204,1.0871,0.9792,1.0871,1.2014,1.4807,1.3728,1.1189,0.7697,0.9792,1.5696,1.176,1.3728,1.7346,1.0046,1.1506,1.5124,0.9982,1.1443,0.8205,1.049,0.6809,1.049,1.595,1.3855,7.6106,1.1338,1.5315,1.3537,0.9538,1.5696,1.0363,1.5569,1.2966,1.0681
11/8/2021,69.1321,1.5849,1.8295,1.3159,1.8845,2.4591,2.239,2.777,2.4347,1.1264,0.9981,1.5299,1.2304,1.1631,1.2976,0.9675,1.2487,1.4566,1.0164,1.3832,1.4932,1.4015,1.157,1.3832,0.9125,0.7169,1.047,0.8391,0.9186,1.4688,1.3098,0.8024,0.6557,1.047,0.9308,0.9981,1.157,1.4749,1.1937,7.1892,1.079,1.3282,1.2854,1.3404,0.8575,1.2976,1.5421,1.3221,1.0409
11/7/2021,77.4658,1.8616,1.8825,1.0975,1.813,3.4941,2.07,2.3896,1.9519,2.2715,2.3409,2.6883,2.1048,1.292,1.5699,1.0906,1.7019,1.0628,1.6185,1.7019,1.5699,1.2642,1.3476,1.5282,1.3545,1.549,1.0419,1.0211,0.8613,1.2225,1.3684,0.646,1.2851,1.2156,0.7224,0.7919,1.1948,1.2781,1.2086,6.3698,0.9726,1.813,1.2434,1.7088,1.0628,1.8894,1.167,1.681,1.0836
11/6/2021,59.1556,0.9698,1.5325,0.8982,1.865,2.4482,1.8394,2.218,1.2665,0.755,0.9084,1.5734,1.3791,0.847,0.9187,1.1489,1.2256,0.7959,1.0107,0.9596,1.0261,0.9749,1.2512,1.4916,0.755,1.0056,1.2716,1.3637,0.714,0.9596,0.9135,0.98,0.6475,0.8368,0.5708,0.6578,1.0261,0.9238,1.3791,5.4274,0.8502,1.1591,1.6399,1.3125,0.9545,0.9698,1.2205,1.3893,0.9238
11/5/2021,58.5684,1.1528,1.2893,1.5067,1.3348,1.4966,2.2653,2.3411,2.0326,1.704,1.1477,1.9619,1.2994,0.91,1.0364,0.9353,1.2488,1.2488,1.001,1.1629,1.3297,1.0061,1.1983,0.9707,1.0162,1.0617,0.9555,1.4359,0.7583,1.6433,1.1376,0.905,0.905,0.8746,0.9404,0.9252,0.819,1.2084,1.178,2.3954,0.4562,0.8847,0.9353,0.6825,1.087,1.1174,1.4005,1.0769,1.1882
11/4/2021,46.8313,0.8462,1.0132,1.1724,1.5452,1.5568,1.4947,1.4714,1.0326,0.9316,0.8695,1.5879,0.7181,0.8346,0.8346,1.0287,0.8734,1.0909,1.0909,1.0248,0.92,0.6055,0.5433,1.1918,0.9899,0.8734,0.8229,0.6288,0.5589,0.9045,0.9083,0.5433,0.7453,0.7375,0.621,0.687,0.7996,0.8967,0.9394,3.4177,0.589,1.0714,1.2656,0.6559,0.5433,0.9977,1.0481,0.6404,0.6676
11/3/2021,43.8972,0.8308,0.7769,0.5831,1.3154,1.7425,1.3549,1.5595,1.3477,1.1897,1.1467,1.1179,0.9815,0.7805,0.6297,0.6585,0.6118,0.9313,0.8702,0.8308,0.8559,0.8523,0.9205,0.881,0.5831,0.6441,0.6836,0.6118,0.5723,0.9744,0.8487,0.7267,0.4431,0.4287,0.6118,0.6692,0.6692,0.8451,0.9205,2.9433,0.5274,1.1431,1.0569,0.8451,0.9672,0.8415,1.039,0.8164,0.7159
11/2/2021,34.1555,0.831,0.7107,0.5721,1.1946,1.2521,0.6453,1.273,0.9775,0.7473,0.5171,0.5878,0.5119,0.457,0.5825,0.559,0.5198,0.4858,0.6061,0.6401,0.7578,0.6192,0.7709,0.6767,0.6192,0.5799,0.4439,0.7421,0.4779,0.8598,0.695,0.593,0.5799,0.4988,0.3838,0.3864,0.5171,0.6401,0.7133,3.0069,0.5357,0.763,0.7996,0.6924,0.797,0.5041,0.7787,0.6165,0.4361
11/1/2021,29.5778,0.6112,0.6155,0.4968,0.9284,0.7277,0.9089,1.0665,0.8464,0.8248,0.6888,0.7061,0.5292,0.5249,0.6004,0.5507,0.4752,0.6845,0.5594,0.5205,0.6759,0.417,0.376,0.4278,0.5313,0.4839,0.6349,0.7687,0.4407,0.7126,0.5119,0.4752,0.4213,0.4062,0.4752,0.4537,0.5313,0.691,0.6176,1.9942,0.4041,0.499,0.4321,0.4946,0.6737,0.4839,0.527,0.5896,0.5615
10/31/2021,27.8172,0.4619,0.5789,0.6086,0.886,0.9534,0.7057,0.6383,0.7691,0.8504,0.8266,0.4877,0.5511,0.5055,0.5531,0.5868,0.5551,0.4877,0.6324,0.5472,0.6403,0.454,0.458,0.5273,0.4481,0.4501,0.3985,0.4857,0.4263,0.5828,0.452,0.3886,0.4441,0.349,0.3886,0.456,0.5214,0.6046,0.561,2.2713,0.4401,0.5234,0.5016,0.3827,0.4342,0.4976,0.6443,0.5095,0.3906
10/30/2021,30.6342,0.7665,0.771,0.4496,0.6895,0.7868,0.8366,0.6058,0.8638,0.5492,0.7891,0.4994,0.6669,0.5628,0.5786,0.6329,0.5107,0.4722,0.5945,0.5198,0.5945,0.6737,0.4654,0.6556,0.7348,0.5379,0.6261,0.9181,0.4043,0.9408,0.6103,0.4134,0.4632,0.5062,0.3794,0.4858,0.5084,0.6624,0.6533,2.0276,0.4084,0.7506,0.6646,0.5311,0.4881,0.4835,0.7597,0.608,0.5333
10/29/2021,33.4512,0.7469,0.7979,0.6401,1.0015,1.2178,1.1134,1.0498,0.8589,0.663,0.5866,0.5332,0.4492,0.5892,0.579,0.5942,0.4924,0.5001,0.752,0.7775,0.7037,0.4568,0.7419,0.6095,0.5052,0.467,0.5332,0.4594,0.4594,0.6731,0.5993,0.4797,0.4492,0.523,0.3855,0.4339,0.5103,0.4899,0.696,3.4462,0.5928,0.5408,0.7597,0.7291,0.5332,0.7877,0.5815,0.6502,0.7113
10/28/2021,35.9155,0.5603,0.6022,0.6524,0.8869,1.1186,0.7696,0.8115,0.9818,0.5044,0.8283,1.1549,0.4709,0.7222,0.6524,0.7585,0.7836,0.792,0.7389,0.658,0.6133,0.6077,0.7864,0.6831,0.7138,0.6664,0.5296,1.0348,0.5435,0.5491,0.5575,0.5044,0.5491,0.5379,0.457,0.6133,0.5268,0.7417,0.5714,3.2697,0.5698,0.7557,0.725,0.8478,0.5407,0.6329,0.7948,0.7976,0.7473
10/27/2021,40.7282,1.0209,1.0111,0.6641,1.4987,1.142,1.1812,1.3121,1.2794,1.0994,1.0111,0.962,0.7132,0.5561,0.7427,0.8245,0.638,0.867,0.818,0.7132,0.6609,0.7427,0.9096,0.8278,0.615,0.7656,0.7132,0.8409,0.5692,1.0634,0.746,0.4154,0.4776,0.4089,0.5234,0.6281,0.5823,0.7132,0.5823,2.8778,0.5189,0.5758,1.0896,0.9292,0.7656,0.6412,0.8703,0.8049,0.8147
10/26/2021,37.5589,0.7992,0.7519,0.5332,1.3579,1.4229,0.8022,0.8377,1.1214,0.7874,0.6573,0.6662,0.7283,0.746,0.7756,0.8081,0.6189,0.8761,0.6869,0.8761,0.814,0.8111,0.8229,0.6958,0.9322,0.4948,0.48,0.8377,0.4682,1.0475,0.6189,0.6189,0.4445,0.3884,0.6189,0.5509,0.5834,0.5923,0.8288,3.264,0.5691,0.5007,0.9263,0.4741,0.5923,0.8022,0.5007,0.8495,0.5775
10/25/2021,32.2771,0.7687,0.5211,0.4531,1.1038,0.7833,0.8416,0.5697,1.0625,0.4604,0.9411,0.5575,0.5745,0.6546,0.6182,0.509,0.4798,0.5551,0.4701,0.6182,0.5357,0.475,0.6983,0.6255,0.5381,0.5964,0.458,0.4531,0.4386,0.861,0.5163,0.492,0.4896,0.4264,0.5357,0.4167,0.4823,0.4944,0.424,4.0449,0.6705,0.6789,0.492,0.5284,0.5891,0.6401,0.8197,0.6692,0.6449
10/24/2021,28.6389,0.4247,0.6207,0.6042,0.6207,0.9468,0.8065,0.8519,0.8932,0.6703,0.6847,0.9427,0.5155,0.4948,0.4453,0.5609,0.5794,0.5609,0.4329,0.6393,0.5464,0.5877,0.5423,0.532,0.6269,0.5113,0.6063,0.5547,0.4061,0.7817,0.4556,0.3586,0.4453,0.3689,0.4453,0.4824,0.4453,0.4659,0.4143,2.2928,0.4429,0.5402,0.5217,0.4886,0.435,0.5815,0.5031,0.501,0.4597
10/23/2021,29.3428,0.7152,0.4804,0.7045,0.8731,0.9286,0.9158,0.5274,1.0609,0.4569,0.7877,0.4719,0.6512,0.5957,0.4377,0.6362,0.6533,0.4996,0.6725,0.4889,0.6255,0.4975,0.6383,0.6554,0.5658,0.4164,0.6149,0.7941,0.4164,0.6896,0.4868,0.3822,0.3588,0.4185,0.4868,0.3886,0.4569,0.4548,0.5636,2.337,0.4486,0.41,0.3801,0.4399,0.6383,0.6768,0.5188,0.5658,0.4591
10/22/2021,44.2497,1.0004,0.6814,1.0874,1.4789,1.6674,1.2106,1.1708,1.1273,0.9859,0.7249,1.4463,1.0294,0.7068,0.7249,0.8083,0.6959,0.8373,0.598,1.0185,0.7757,0.9859,0.7358,0.9533,1.1236,0.6017,0.6887,0.9823,0.6705,1.1925,0.7902,0.5183,0.5038,0.6125,0.5944,0.5618,0.7467,0.7902,0.6089,3.07,0.5439,1.1309,1.0693,0.9279,0.9823,0.6415,1.0113,0.6452,0.7902
10/21/2021,30.5164,0.4639,0.6485,0.5449,1.02,1.1349,1.0358,0.6733,0.6418,0.7994,0.7363,0.5517,0.6193,0.5314,0.6485,0.4391,0.7003,0.617,0.6778,0.5832,0.7093,0.4414,0.6778,0.5359,0.4256,0.3873,0.6575,0.4301,0.4571,0.5427,0.5427,0.3243,0.4481,0.3806,0.3333,0.4796,0.5607,0.6238,0.5292,3.1598,0.5555,0.4954,0.5067,0.4887,0.5562,0.4481,0.5044,0.5652,0.6823
10/20/2021,28.0517,0.6499,0.6058,0.4835,0.8765,0.69,0.9808,0.9647,0.688,0.5416,0.5416,0.6218,0.7221,0.5256,0.5797,0.6198,0.5597,0.5356,0.6138,0.5256,0.6178,0.4053,0.6178,0.7121,0.5436,0.4474,0.4474,0.6279,0.3692,0.694,0.4695,0.4173,0.3652,0.4574,0.3712,0.3912,0.4775,0.3993,0.4474,1.6148,0.3548,0.7081,0.4995,0.4835,0.5637,0.4915,0.682,0.6339,0.4153
10/19/2021,28.2867,0.6921,0.5866,0.5825,0.7976,1.2053,0.753,0.7185,0.544,0.7428,0.4588,0.6434,0.4689,0.5095,0.5866,0.4791,0.5095,0.5562,0.6759,0.6515,0.4771,0.5115,0.5115,0.5237,0.5765,0.3553,0.4649,0.615,0.3858,0.757,0.4831,0.4913,0.3736,0.3797,0.473,0.3695,0.4426,0.3959,0.5217,2.3606,0.4517,0.4182,0.7509,0.6556,0.4385,0.5724,0.4771,0.4101,0.4811
10/18/2021,35.6811,0.7064,0.8642,0.6372,1.1826,1.4234,0.7452,0.6871,0.9279,0.8891,1.1217,0.8365,0.7812,0.5819,0.748,0.4933,0.5238,0.5293,0.6843,0.5985,0.7092,0.6539,0.4878,0.7009,0.831,0.593,0.4712,0.9694,0.4822,0.9528,0.5514,0.3853,0.5238,0.4075,0.3992,0.4767,0.5985,0.8338,0.7978,2.6385,0.4878,0.676,0.939,0.4629,0.676,0.7756,0.9113,0.5597,0.7673
10/17/2021,36.7372,0.9397,0.7127,0.7069,0.8276,1.0144,1.0173,1.0805,1.3104,0.4943,0.638,1.1552,0.9253,0.5316,0.6782,0.7012,0.6063,0.5431,0.6811,0.5776,0.5805,0.7299,0.7529,0.7845,0.7615,0.5776,0.4857,0.8966,0.4885,1.0173,0.7357,0.5144,0.4943,0.4799,0.4138,0.4454,0.6265,0.6063,0.7558,3.3305,0.5777,0.5345,0.7414,0.8104,0.7012,0.546,0.8794,0.7069,0.6207
10/16/2021,32.6295,0.4893,0.7602,0.6396,1.0213,1.2972,1.0041,0.9203,0.6642,0.807,0.8366,0.9425,0.5952,0.5361,0.5386,0.7085,0.5213,0.6198,0.775,0.5878,0.7627,0.6051,0.4351,0.6223,0.6666,0.6026,0.5952,0.9745,0.5189,0.6765,0.5238,0.3514,0.5558,0.3465,0.4179,0.4056,0.5115,0.6913,0.7627,2.0609,0.4128,0.7282,0.6691,0.5607,0.4721,0.6962,0.5632,0.6519,0.5238
10/15/2021,34.2726,0.5056,0.5371,0.7946,1.123,1.186,1.1388,1.1361,1.0363,0.8576,0.897,0.6816,0.8103,0.6764,0.6238,0.7657,0.7368,0.7158,0.5844,0.6553,0.7105,0.6475,0.5713,0.6317,0.5082,0.5056,0.4609,0.5975,0.4898,0.9023,0.6895,0.453,0.3926,0.5581,0.5765,0.4373,0.5923,0.4793,0.7972,2.45,0.4633,0.6869,0.7631,0.4714,0.4478,0.6028,0.834,0.5161,0.5739
10/14/2021,37.9113,0.9713,0.6901,0.8606,1.2764,1.07,1.0072,1.049,0.8756,0.5465,0.732,0.714,0.723,0.6363,0.6901,0.8127,0.8905,0.7021,0.6333,0.8427,0.7978,0.7021,0.7499,0.7679,0.4688,0.6632,0.5077,0.7499,0.5645,0.7679,0.6094,0.4239,0.5376,0.6123,0.4777,0.5376,0.6423,0.5525,0.7469,3.3724,0.5832,0.9713,0.8935,0.7978,0.4508,0.8636,0.9144,0.8008,0.6602
10/13/2021,36.7374,0.842,0.7012,0.7357,1.3506,1.0661,1.1868,0.7989,0.8908,1.1581,0.7615,1.2501,0.727,0.6063,0.523,0.7012,0.7156,0.5575,0.5834,0.5805,0.7012,0.6523,0.6868,0.6983,0.5288,0.546,0.6236,0.7903,0.5288,1.1409,0.5977,0.4425,0.6178,0.3937,0.4052,0.4196,0.5345,0.5144,0.5201,3.3738,0.5833,0.5604,0.9771,0.7587,0.8477,0.6121,0.5632,0.6926,0.6897
10/12/2021,45.6577,1.1947,0.7654,0.7466,1.3416,1.1081,1.1119,1.4018,1.0177,1.4056,0.7014,1.1533,1.0215,0.9085,0.66,0.7504,0.9462,0.9161,0.66,0.724,0.7654,0.8106,0.5282,1.2023,1.0366,0.8671,0.9763,0.773,0.6562,0.8633,0.7391,0.6976,0.675,0.5395,0.7617,0.6148,0.7428,0.8332,0.7541,4.2993,0.7036,0.9349,1.1684,0.8633,0.7579,0.9876,1.029,0.7993,0.7428
10/11/2021,36.3852,0.8167,0.689,0.7911,0.8735,1.4156,1.339,1.1658,1.1516,1.146,0.9075,0.8195,0.7344,0.5499,0.6265,0.7173,0.7883,0.7117,0.5414,0.7571,0.8621,0.6861,0.4874,0.7514,0.7684,0.4619,0.7684,0.5243,0.4903,0.6379,0.7542,0.354,0.3824,0.4732,0.5215,0.4278,0.5414,0.5953,0.6577,2.6235,0.4859,0.8706,0.4817,0.7968,0.5073,0.8167,0.7741,0.8479,0.4931
10/10/2021,29.8122,0.5048,0.7251,0.5091,0.8363,0.6335,0.9628,0.6204,0.8101,0.7338,0.8254,0.7752,0.4742,0.4939,0.5178,0.5418,0.5898,0.5855,0.5375,0.64,0.6444,0.5571,0.5048,0.4371,0.5004,0.3848,0.5811,0.6095,0.4131,0.8799,0.5833,0.4393,0.4197,0.4371,0.496,0.4262,0.448,0.592,0.6269,2.7457,0.5017,0.664,0.3913,0.6836,0.5855,0.4851,0.4328,0.4241,0.6007
10/9/2021,37.559,0.8938,0.8583,0.746,1.2485,1.1037,1.2042,1.3461,1.2929,0.7372,0.6426,1.0032,0.885,0.7194,0.6839,0.6219,0.7667,0.7874,0.814,0.6189,0.6899,0.6633,0.6751,0.817,0.6248,0.4652,0.6987,0.6219,0.4829,0.6514,0.6573,0.5125,0.6514,0.5628,0.5421,0.5539,0.6662,0.6573,0.7135,2.5996,0.4828,0.9204,0.616,0.7519,0.6869,0.817,0.678,0.5568,0.5687
10/8/2021,31.2208,0.796,0.6473,0.5428,0.7449,0.7495,0.7843,0.9933,0.9585,0.9794,0.4755,0.7983,0.71,0.5637,0.5614,0.71,0.5034,0.5614,0.5568,0.5057,0.6636,0.5219,0.5707,0.4453,0.7449,0.6195,0.5754,0.9213,0.4964,0.6868,0.6288,0.508,0.3339,0.4035,0.3455,0.4918,0.4871,0.6868,0.5289,2.4971,0.4694,0.659,0.6473,0.4035,0.5127,0.5777,0.652,0.5359,0.4639
10/7/2021,34.7423,0.5812,0.5544,0.5598,1.0117,0.9529,1.1107,1.2417,0.7657,0.7951,0.8325,0.6347,0.6614,0.533,0.6587,0.5865,0.624,0.7898,0.648,0.6801,0.5785,0.6159,0.509,0.7122,0.8031,0.5411,0.4662,0.5972,0.5491,0.6293,0.6614,0.3779,0.4475,0.5357,0.5812,0.4368,0.5277,0.5758,0.7122,4.0552,0.6719,0.7416,0.7042,0.747,0.5223,0.5812,0.4902,0.624,0.525
10/6/2021,38.7327,0.7291,0.6277,0.6369,1.3376,1.2915,0.9258,0.9288,1.1255,0.64,0.9288,0.64,0.8797,0.7014,0.8243,0.5478,0.5385,0.5447,0.5969,0.6154,0.6768,0.8305,0.8151,0.6615,0.9596,0.8028,0.5262,0.9012,0.5201,0.6184,0.7383,0.3756,0.5416,0.5478,0.4709,0.5662,0.683,0.9165,0.7475,4.1704,0.6868,0.6707,0.7045,0.8643,0.769,0.8704,0.6522,0.852,0.5324
10/5/2021,37.0896,0.5536,0.6641,0.5972,0.9928,1.019,0.7834,1.1703,1.1935,0.8706,0.6786,0.8125,0.8939,0.731,0.5943,0.8037,0.859,0.5797,0.8154,0.6379,0.6874,0.6001,0.6786,0.891,0.7077,0.5506,0.5885,0.9724,0.5332,0.6816,0.667,0.5448,0.6292,0.3761,0.3877,0.5274,0.6583,0.6496,0.5943,4.2987,0.7035,0.8095,0.4547,0.5216,0.539,0.7019,0.4925,0.6263,0.7659
10/4/2021,31.3381,0.6171,0.7781,0.4934,0.9018,0.9905,1.1142,1.0045,0.9975,0.8598,0.5704,0.9228,0.4584,0.5984,0.4747,0.4934,0.7315,0.5004,0.5564,0.7081,0.6451,0.6311,0.6591,0.7385,0.7641,0.5331,0.4257,0.5821,0.4491,0.9158,0.6428,0.5027,0.5121,0.3487,0.3814,0.4444,0.5284,0.6964,0.7175,1.2676,0.3097,0.7991,0.7361,0.4724,0.5027,0.7034,0.5331,0.5634,0.5611
10/3/2021,34.1553,0.729,0.7499,0.5538,0.8676,1.3253,1.0141,0.7212,0.8729,0.6898,0.5695,1.0115,0.6218,0.6741,0.4988,0.4805,0.661,0.4779,0.6087,0.7604,0.6322,0.5015,0.4544,0.4753,0.7525,0.6636,0.7081,0.797,0.4622,0.9879,0.5355,0.3471,0.5747,0.389,0.5721,0.4439,0.5982,0.6479,0.6819,3.625,0.616,0.5825,0.5015,0.5825,0.5878,0.6793,0.4753,0.695,0.6976
10/2/2021,31.3383,0.7851,0.7921,0.5191,0.9415,0.7058,0.7805,1.1492,1.0232,0.6428,0.4747,0.9462,0.6871,0.4374,0.5798,0.6591,0.5331,0.7315,0.6964,0.5401,0.5891,0.6684,0.4351,0.7361,0.4467,0.393,0.6054,0.7081,0.4514,0.8131,0.6614,0.3207,0.4047,0.4771,0.5144,0.3744,0.5401,0.5891,0.5658,1.9368,0.3966,0.4514,0.6451,0.4981,0.7034,0.7501,0.7688,0.6358,0.6334
10/1/2021,30.9863,0.7712,0.5758,0.5275,1.0769,1.1045,0.6379,0.962,0.7712,0.739,0.7229,0.7597,0.4747,0.4655,0.4356,0.5184,0.6724,0.5069,0.4632,0.5574,0.6655,0.6655,0.5367,0.7919,0.4885,0.5207,0.4862,0.562,0.4747,0.5046,0.5758,0.5161,0.4655,0.5321,0.4701,0.5344,0.5161,0.5505,0.6126,2.7258,0.4992,0.4471,0.7988,0.4425,0.6609,0.5092,0.5344,0.7068,0.4494
9/30/2021,30.1645,0.7385,0.6188,0.4903,1.0289,0.6543,0.7119,1.0045,0.7496,0.4814,0.508,0.6698,0.508,0.4725,0.4925,0.5922,0.5257,0.4548,0.5856,0.5457,0.5036,0.5235,0.4437,0.774,0.5279,0.5634,0.4725,0.61,0.4659,0.6432,0.5723,0.457,0.4349,0.477,0.344,0.4437,0.5191,0.5811,0.5878,3.6328,0.617,0.559,0.508,0.672,0.4415,0.4659,0.4459,0.508,0.5368
9/29/2021,23.9437,0.3755,0.5047,0.527,0.5972,0.6179,0.7167,0.5987,0.6641,0.527,0.4776,0.7072,0.5796,0.468,0.4473,0.4935,0.3835,0.4935,0.468,0.5429,0.4855,0.3931,0.4584,0.586,0.3723,0.3389,0.4999,0.4824,0.3819,0.5509,0.3771,0.2687,0.4329,0.3612,0.3739,0.4218,0.3851,0.3867,0.3947,1.6511,0.3595,0.4361,0.425,0.5413,0.4409,0.5206,0.594,0.4042,0.4297
9/28/2021,29.343,0.6085,0.6149,0.6106,0.7301,0.9329,1.0289,0.8774,0.617,0.9329,0.6768,0.9094,0.4719,0.5231,0.5402,0.4335,0.6725,0.585,0.4484,0.5188,0.57,0.5466,0.4142,0.5871,0.5594,0.4142,0.5231,0.4484,0.4591,0.6255,0.5807,0.3289,0.395,0.4527,0.3225,0.4761,0.506,0.6896,0.4804,2.1254,0.4212,0.4697,0.7173,0.6768,0.6063,0.474,0.6938,0.5658,0.4804
9/27/2021,33.2162,0.5222,0.6357,0.6004,1.1904,1.4174,0.7113,0.729,0.9206,0.8576,0.6508,0.9206,0.5172,0.4819,0.502,0.5298,0.5147,0.7466,0.4844,0.608,0.7542,0.6155,0.4743,0.8475,0.8374,0.5121,0.5197,0.8198,0.4592,0.6054,0.5676,0.5222,0.5348,0.5247,0.4062,0.434,0.5147,0.7895,0.7366,2.7063,0.4966,0.8072,0.618,0.6155,0.4037,0.7038,0.5222,0.7719,0.555
9/26/2021,28.8736,0.5278,0.58,0.5528,0.6635,0.9118,0.9912,0.6676,0.6029,0.5236,0.7386,0.7303,0.4652,0.4881,0.4046,0.5967,0.6238,0.4443,0.6029,0.486,0.6301,0.4192,0.5591,0.7156,0.4798,0.5194,0.5466,0.6885,0.4109,0.5424,0.4923,0.4693,0.3524,0.4714,0.4067,0.3838,0.5215,0.5215,0.4923,3.1686,0.5567,0.4151,0.6092,0.4965,0.4422,0.4359,0.4965,0.4923,0.5361
9/25/2021,26.6432,0.5078,0.5899,0.45,0.6756,0.946,0.7278,0.4855,0.7185,0.7092,0.4146,0.6122,0.3829,0.3773,0.4072,0.56,0.409,0.6048,0.588,0.4333,0.4389,0.4892,0.4184,0.6309,0.6607,0.5358,0.4165,0.5283,0.3885,0.6104,0.437,0.4706,0.4407,0.3065,0.409,0.4594,0.409,0.5824,0.3941,2.5971,0.4824,0.6421,0.4239,0.3587,0.4053,0.4109,0.6309,0.5339,0.5321
9/24/2021,24.4131,0.467,0.4769,0.5721,0.6394,0.902,0.7805,0.8068,0.5294,0.467,0.6295,0.4194,0.3489,0.4014,0.3456,0.4834,0.3866,0.5245,0.5228,0.4358,0.5442,0.531,0.4129,0.3718,0.3472,0.3899,0.4424,0.5179,0.3735,0.5967,0.4227,0.3932,0.4112,0.339,0.4227,0.3997,0.4309,0.4539,0.4391,1.7239,0.369,0.4079,0.5146,0.5622,0.4572,0.4949,0.5786,0.4884,0.4375
9/23/2021,28.0521,0.5035,0.4695,0.5276,0.6419,0.6058,0.6419,0.8143,0.8184,0.5737,0.5858,0.9347,0.7301,0.5196,0.4935,0.5075,0.4233,0.6319,0.668,0.4514,0.4614,0.5276,0.5898,0.4835,0.5597,0.3912,0.4293,0.6118,0.4414,0.5176,0.5898,0.3933,0.4273,0.3151,0.3391,0.4133,0.4394,0.5777,0.5497,2.6423,0.4883,0.4053,0.4354,0.4354,0.6198,0.5497,0.676,0.5777,0.6218
9/22/2021,27.9343,0.6451,0.5414,0.5674,0.6451,0.7886,0.7527,0.5973,0.5753,0.6252,0.8424,0.4816,0.4717,0.3879,0.5355,0.5494,0.4158,0.5992,0.5095,0.5654,0.5155,0.5394,0.4816,0.659,0.4876,0.4139,0.4477,0.7946,0.4537,0.8265,0.5175,0.4856,0.3182,0.4776,0.4577,0.4338,0.4338,0.4936,0.5574,2.559,0.4775,0.4717,0.673,0.5574,0.358,0.4936,0.5973,0.4657,0.3899
9/21/2021,32.7471,0.7878,0.4958,0.4785,0.815,1.0773,0.8373,0.9511,1.0155,1.018,0.6319,1.0897,0.5478,0.4562,0.6344,0.669,0.5849,0.669,0.773,0.7606,0.7631,0.6369,0.5379,0.6171,0.5032,0.6468,0.5106,0.8398,0.4562,0.6072,0.6764,0.3869,0.4513,0.476,0.3721,0.4983,0.5181,0.6863,0.4315,2.8496,0.5152,0.5354,0.7581,0.5849,0.481,0.5948,0.4389,0.6418,0.4389
9/20/2021,30.9861,0.4632,0.477,0.7114,0.8264,1.1643,1.0263,0.8379,0.6103,0.5896,0.4701,0.9643,0.8034,0.5413,0.5413,0.4609,0.6264,0.6793,0.608,0.7114,0.7206,0.5827,0.4241,0.5942,0.5,0.4011,0.562,0.4195,0.4333,0.808,0.4954,0.3988,0.4701,0.4655,0.454,0.523,0.562,0.5896,0.6471,2.38,0.4542,0.7942,0.585,0.6264,0.539,0.6195,0.6149,0.5942,0.6149
9/19/2021,33.5681,0.5655,0.6985,0.7573,0.8442,1.4272,1.0743,0.8366,0.8314,0.6141,0.9542,0.5579,0.6371,0.6959,0.6831,0.5604,0.7266,0.6831,0.6499,0.5783,0.788,0.5911,0.4479,0.8417,0.4351,0.5706,0.4556,1.0104,0.4863,0.8621,0.655,0.5451,0.384,0.5579,0.5706,0.4658,0.5067,0.7573,0.5988,2.6581,0.4904,0.655,0.4172,0.6499,0.7752,0.517,0.4479,0.6218,0.43
9/18/2021,28.404,0.6706,0.4462,0.3993,0.7482,0.6156,0.8971,0.9726,0.8196,0.5768,0.6584,0.6727,0.5482,0.5197,0.4788,0.5258,0.434,0.6278,0.5747,0.5299,0.6135,0.4952,0.487,0.4625,0.4176,0.5605,0.4605,0.5033,0.4584,0.6298,0.5666,0.3442,0.4176,0.3503,0.4666,0.3809,0.4829,0.4156,0.5299,2.6135,0.4846,0.6074,0.7237,0.6339,0.6625,0.5441,0.4666,0.5095,0.3993
9/17/2021,25.822,0.6193,0.4144,0.6176,0.7512,0.6639,0.5587,0.5605,0.7673,0.6283,0.6389,0.7031,0.6336,0.4322,0.3645,0.5249,0.4233,0.4554,0.5481,0.4144,0.5124,0.4554,0.5784,0.6657,0.5088,0.4001,0.3574,0.4019,0.3538,0.5659,0.4714,0.3609,0.4607,0.3966,0.3984,0.3681,0.4714,0.4536,0.4322,2.1304,0.4218,0.5178,0.3716,0.5873,0.5712,0.614,0.3698,0.3752,0.5302
9/16/2021,27.4651,0.6805,0.665,0.5151,0.9044,0.7954,0.8888,0.6124,0.6163,0.7331,0.4411,0.8402,0.5248,0.5073,0.5696,0.5093,0.4294,0.4217,0.6202,0.5307,0.4781,0.4956,0.4547,0.4664,0.5404,0.554,0.3788,0.7448,0.373,0.8012,0.4431,0.3068,0.4684,0.445,0.3769,0.4197,0.4684,0.4723,0.6202,1.7033,0.3663,0.4703,0.628,0.5268,0.3555,0.5657,0.7039,0.5891,0.4431
9/15/2021,27.5824,0.6895,0.6543,0.6327,0.6034,0.9402,0.5622,0.7698,0.6425,0.5622,0.7913,0.6171,0.3977,0.4898,0.574,0.4114,0.6269,0.4917,0.6053,0.4761,0.4741,0.5466,0.574,0.7052,0.5975,0.4584,0.3879,0.4937,0.3782,0.6073,0.4252,0.3233,0.3468,0.4584,0.3899,0.337,0.4565,0.4467,0.4506,2.6762,0.4927,0.48,0.4134,0.5172,0.3919,0.6543,0.4976,0.5348,0.5289
9/14/2021,24.8829,0.4452,0.4874,0.4773,0.7306,0.7221,0.4858,0.4891,0.6478,0.4706,0.3794,0.555,0.4537,0.5161,0.4435,0.3996,0.4756,0.5026,0.4993,0.5432,0.4098,0.376,0.4165,0.4571,0.5347,0.3338,0.3659,0.5128,0.3929,0.5077,0.3996,0.3304,0.4334,0.4115,0.4115,0.3473,0.4604,0.3929,0.3439,3.542,0.6052,0.528,0.3524,0.3338,0.3389,0.3963,0.4351,0.4334,0.3558
9/13/2021,28.0521,0.4554,0.4775,0.4695,0.7121,0.8404,0.8364,0.9848,0.9647,0.8905,0.5236,0.6098,0.5336,0.4795,0.5517,0.4654,0.4915,0.4715,0.5497,0.5657,0.6178,0.5617,0.5256,0.7281,0.4394,0.5116,0.4955,0.5156,0.4293,0.5296,0.5617,0.4033,0.4674,0.3251,0.4334,0.4574,0.5096,0.5356,0.5436,1.9484,0.3982,0.7081,0.5878,0.4755,0.3832,0.6579,0.4815,0.5396,0.4073
9/12/2021,33.2161,0.6962,0.6306,0.7693,1.2106,1.3619,0.9635,0.6029,0.787,0.9332,0.5424,1.0669,0.8677,0.492,0.6937,0.5525,0.5399,0.6508,0.729,0.6533,0.7719,0.671,0.5726,0.7139,0.6609,0.5802,0.5348,0.5247,0.5096,0.5046,0.7063,0.5197,0.439,0.5676,0.555,0.3886,0.5247,0.6306,0.4995,2.4452,0.4627,0.4642,0.6206,0.6281,0.5726,0.7567,0.4466,0.7744,0.4264
9/11/2021,28.6388,0.5856,0.693,0.5774,0.8952,1.1243,0.7755,0.7652,0.7446,0.5072,0.7961,0.825,0.6248,0.3958,0.6083,0.5175,0.4288,0.6187,0.468,0.5505,0.5547,0.5113,0.6414,0.4205,0.6744,0.468,0.4474,0.5278,0.4618,0.4701,0.499,0.4081,0.4866,0.4577,0.3854,0.4308,0.4762,0.4288,0.6125,1.5914,0.3518,0.565,0.7115,0.4453,0.598,0.6228,0.6703,0.5856,0.6331
9/10/2021,24.6481,0.5163,0.5146,0.6045,0.8259,0.9957,0.6361,0.8526,0.7643,0.7061,0.6994,0.4697,0.5512,0.453,0.4697,0.4114,0.463,0.4081,0.4347,0.4747,0.4797,0.5246,0.3681,0.4114,0.4064,0.3898,0.4414,0.3681,0.3831,0.473,0.4797,0.3964,0.3731,0.4147,0.3465,0.3415,0.3864,0.5862,0.4497,1.3763,0.3238,0.5579,0.6311,0.3997,0.4014,0.4996,0.3964,0.3681,0.423
9/9/2021,27.9345,0.5315,0.5614,0.7089,0.964,0.8125,0.5554,0.8564,0.968,0.5374,0.6531,0.7488,0.5853,0.4816,0.4238,0.5913,0.4816,0.5235,0.5873,0.4976,0.5494,0.5036,0.5434,0.5335,0.5853,0.4418,0.6052,0.7388,0.4019,0.7906,0.5614,0.3162,0.4258,0.356,0.4418,0.4836,0.5016,0.4976,0.6272,1.3646,0.3223,0.5374,0.3939,0.6112,0.6411,0.4457,0.5454,0.6371,0.4617
9/8/2021,29.1083,0.7303,0.5635,0.4031,0.9033,0.954,0.7683,0.8126,0.7134,0.6923,0.5804,0.4748,0.4558,0.5783,0.4917,0.6543,0.5445,0.5171,0.4917,0.5698,0.5994,0.5698,0.4242,0.4791,0.439,0.5741,0.5973,0.4474,0.4411,0.7851,0.4706,0.4938,0.4601,0.3334,0.382,0.4031,0.4938,0.4896,0.5424,3.0118,0.5363,0.6205,0.4875,0.6479,0.6627,0.5318,0.4179,0.4411,0.4263
9/7/2021,29.9303,0.5461,0.4803,0.5943,0.6908,1.2763,0.7434,0.8838,0.6996,0.5439,0.7741,0.9912,0.6557,0.432,0.568,0.6338,0.4868,0.4561,0.6338,0.6579,0.6557,0.4518,0.6294,0.761,0.5548,0.6031,0.4781,0.5724,0.4276,0.7325,0.6162,0.4825,0.3509,0.3224,0.4671,0.3772,0.5219,0.7018,0.4474,2.1871,0.4292,0.4211,0.7215,0.5373,0.4276,0.5022,0.7215,0.5855,0.4956
9/6/2021,27.5824,0.4682,0.4643,0.6092,0.8266,0.668,0.946,0.6797,0.9656,0.5329,0.5348,0.6895,0.5955,0.4506,0.574,0.5466,0.4056,0.5544,0.5936,0.6229,0.4722,0.4056,0.5211,0.6249,0.5681,0.4663,0.5564,0.7561,0.3899,0.4193,0.525,0.3449,0.384,0.3468,0.4545,0.4741,0.4839,0.3801,0.6308,2.4197,0.4594,0.4722,0.5838,0.3644,0.433,0.6229,0.4114,0.4526,0.431
9/5/2021,23.0046,0.4233,0.4458,0.3572,0.6003,0.6873,0.7188,0.5688,0.6363,0.6783,0.4668,0.5208,0.3662,0.4563,0.3962,0.4097,0.4548,0.4548,0.4953,0.4052,0.3797,0.4743,0.4833,0.3857,0.4097,0.4127,0.3587,0.5118,0.3737,0.3767,0.4127,0.2837,0.2777,0.2867,0.3842,0.3317,0.4157,0.3542,0.4758,1.9355,0.3965,0.5448,0.3542,0.5298,0.3197,0.5133,0.5013,0.4893,0.4893
9/4/2021,21.9483,0.4512,0.4024,0.4833,0.5684,0.7804,0.5893,0.6535,0.6688,0.6535,0.4456,0.666,0.341,0.4275,0.4415,0.3996,0.334,0.3689,0.4735,0.3884,0.4303,0.4233,0.4889,0.3647,0.5377,0.2908,0.3633,0.6256,0.3606,0.4903,0.4191,0.2978,0.2866,0.3689,0.2783,0.3912,0.3982,0.3661,0.4122,1.0333,0.2793,0.4819,0.5293,0.4303,0.3438,0.3884,0.5293,0.4122,0.3898
9/3/2021,24.8831,0.5921,0.6158,0.5533,0.8285,0.5415,0.7457,0.5178,0.8302,0.452,0.4672,0.6242,0.3608,0.4976,0.3912,0.5364,0.5111,0.4621,0.4503,0.4199,0.5516,0.533,0.398,0.5364,0.6124,0.4891,0.4959,0.3473,0.3676,0.4638,0.4655,0.4064,0.4233,0.322,0.425,0.3777,0.4604,0.4874,0.3591,1.5936,0.3521,0.6056,0.5398,0.5347,0.398,0.555,0.4858,0.4469,0.452
9/2/2021,18.0753,0.35,0.3138,0.342,0.5536,0.6332,0.4125,0.4951,0.5636,0.4639,0.3551,0.3651,0.3148,0.3621,0.3601,0.3379,0.3057,0.2896,0.3641,0.4105,0.3118,0.3238,0.3692,0.348,0.3107,0.2745,0.2946,0.3168,0.2755,0.4185,0.3238,0.2372,0.2624,0.2775,0.2856,0.2523,0.2976,0.2987,0.351,1.5809,0.3504,0.3823,0.2684,0.3269,0.3168,0.4115,0.3128,0.3833,0.3198
9/1/2021,27.5824,0.4545,0.431,0.4643,0.8051,0.9363,0.7502,0.9774,0.8579,0.6445,0.8423,0.8853,0.5329,0.5211,0.4193,0.5779,0.4996,0.5172,0.5348,0.4819,0.6034,0.5975,0.6249,0.666,0.3879,0.5387,0.4819,0.7561,0.3958,0.4996,0.5133,0.3155,0.3527,0.3703,0.3684,0.3507,0.4252,0.4193,0.6308,1.6987,0.3657,0.6582,0.4134,0.6151,0.3644,0.5133,0.4682,0.5896,0.4643
8/31/2021,22.5358,0.4065,0.3731,0.4603,0.5519,0.5824,0.6129,0.5286,0.4792,0.6376,0.4908,0.5039,0.4312,0.4603,0.4138,0.4748,0.3934,0.5155,0.3818,0.5053,0.392,0.3978,0.4298,0.3789,0.4327,0.4559,0.3527,0.3673,0.3745,0.4021,0.453,0.328,0.2844,0.3673,0.3266,0.3251,0.3745,0.4065,0.4617,2.1079,0.4189,0.5635,0.3295,0.4603,0.3251,0.5257,0.4705,0.4661,0.3542
8/30/2021,26.4086,0.5569,0.5293,0.5993,0.6895,0.8091,0.7337,0.4723,0.9269,0.6692,0.6471,0.441,0.5293,0.5256,0.4281,0.4483,0.6011,0.5569,0.4557,0.5275,0.6177,0.4888,0.3931,0.6582,0.4612,0.371,0.3728,0.5385,0.4207,0.6435,0.5532,0.3857,0.4262,0.4465,0.3857,0.4612,0.4612,0.5974,0.3968,1.6362,0.3576,0.4999,0.6545,0.5956,0.4005,0.5348,0.4723,0.4538,0.5772
8/29/2021,20.1879,0.33,0.4177,0.38,0.4397,0.4275,0.4945,0.6542,0.3982,0.3995,0.5384,0.4543,0.4019,0.3885,0.3227,0.408,0.3824,0.33,0.447,0.369,0.3921,0.3312,0.4165,0.4251,0.341,0.3934,0.3763,0.553,0.2885,0.486,0.3434,0.3288,0.3641,0.3056,0.3105,0.2739,0.3324,0.3787,0.3263,2.0834,0.4157,0.3275,0.3446,0.4202,0.302,0.3714,0.3263,0.3531,0.2934
8/28/2021,26.2914,0.5563,0.5252,0.4996,0.8837,0.7136,0.7428,0.6422,0.6111,0.8069,0.4868,0.8745,0.6349,0.4648,0.5051,0.5929,0.4227,0.4758,0.538,0.5325,0.5691,0.5014,0.5581,0.655,0.3843,0.3862,0.3788,0.3697,0.3862,0.5764,0.4502,0.4173,0.4666,0.3971,0.3313,0.463,0.4648,0.591,0.4045,1.7143,0.3677,0.4045,0.6697,0.5764,0.4996,0.5197,0.4593,0.441,0.3788
8/27/2021,12.4414,0.2675,0.2795,0.2262,0.311,0.3234,0.3283,0.2884,0.2786,0.2297,0.2253,0.228,0.2337,0.2426,0.2337,0.2284,0.2746,0.2391,0.2439,0.2475,0.2515,0.259,0.2231,0.2613,0.2115,0.2404,0.2448,0.2946,0.2248,0.2559,0.2595,0.2053,0.2302,0.2124,0.2111,0.2133,0.2444,0.2773,0.2586,0.7079,0.237,0.2813,0.2479,0.2524,0.2164,0.2555,0.2342,0.2462,0.2542
8/26/2021,10.4462,0.2251,0.2264,0.2268,0.2515,0.2317,0.241,0.2273,0.265,0.2467,0.2342,0.2342,0.2273,0.1963,0.2166,0.1955,0.2007,0.2038,0.2178,0.2109,0.2183,0.2112,0.1909,0.2134,0.2298,0.2173,0.2065,0.2144,0.1958,0.2141,0.2019,0.1843,0.207,0.1906,0.199,0.1975,0.2009,0.199,0.2034,0.3678,0.1928,0.2334,0.23,0.1909,0.2107,0.2053,0.2046,0.2144,0.2222
8/25/2021,13.4981,0.2816,0.2816,0.3146,0.3305,0.3497,0.3899,0.2915,0.3541,0.2299,0.275,0.242,0.2508,0.2579,0.2799,0.2722,0.2354,0.2761,0.2898,0.2887,0.2909,0.2519,0.2222,0.2783,0.308,0.253,0.2838,0.2546,0.2315,0.2684,0.2838,0.242,0.2222,0.2282,0.2535,0.2442,0.2651,0.2552,0.2783,0.6834,0.2338,0.2552,0.2568,0.2832,0.297,0.2662,0.2827,0.2871,0.2464
8/24/2021,10.3291,0.2235,0.21,0.2,0.22,0.2738,0.2403,0.2319,0.2244,0.1981,0.2111,0.2063,0.2237,0.2025,0.1958,0.2207,0.2184,0.1948,0.2144,0.2144,0.2137,0.2018,0.2163,0.2205,0.2174,0.1993,0.203,0.2396,0.1993,0.2405,0.2163,0.2025,0.1939,0.1993,0.2016,0.1974,0.1967,0.2009,0.2228,0.3247,0.1872,0.2018,0.2179,0.2191,0.2233,0.2077,0.2065,0.2198,0.2142
8/23/2021,10.446,0.2278,0.1994,0.1972,0.2508,0.2276,0.2547,0.2701,0.2183,0.2273,0.2327,0.2026,0.2102,0.1955,0.2004,0.2229,0.2239,0.1997,0.2163,0.2237,0.2021,0.2163,0.208,0.2168,0.1968,0.2024,0.2041,0.2046,0.1928,0.2501,0.2007,0.1892,0.1946,0.1919,0.1875,0.2009,0.2036,0.2205,0.2083,0.478,0.2071,0.2334,0.1946,0.1987,0.21,0.2163,0.2004,0.2021,0.2131
8/22/2021,10.3285,0.1958,0.2254,0.2286,0.2316,0.2496,0.2284,0.2181,0.2519,0.2216,0.2044,0.2563,0.216,0.1927,0.2028,0.2088,0.2051,0.1941,0.2254,0.2219,0.2016,0.2011,0.2191,0.2191,0.2095,0.1944,0.2167,0.2128,0.196,0.2053,0.2118,0.2032,0.1962,0.1995,0.196,0.1853,0.2018,0.2067,0.206,0.4329,0.2013,0.2028,0.1934,0.2037,0.213,0.2214,0.2123,0.1944,0.1927
8/21/2021,10.3289,0.2097,0.2223,0.2032,0.251,0.2575,0.2619,0.2498,0.2519,0.2335,0.2277,0.2319,0.2028,0.2016,0.2079,0.1972,0.2205,0.1946,0.1979,0.2142,0.2074,0.2177,0.2093,0.2072,0.2188,0.1986,0.2035,0.224,0.199,0.2042,0.2032,0.2039,0.1858,0.2018,0.2009,0.2021,0.2002,0.2223,0.2177,0.321,0.1867,0.2072,0.2046,0.2151,0.196,0.206,0.2128,0.1995,0.2153
8/20/2021,10.6806,0.209,0.239,0.2329,0.231,0.2482,0.2707,0.2224,0.2342,0.1983,0.2034,0.2428,0.2187,0.2157,0.223,0.2219,0.2042,0.2004,0.2267,0.2219,0.2256,0.2219,0.2101,0.2417,0.2023,0.2214,0.2098,0.2535,0.1964,0.2197,0.2122,0.1844,0.1905,0.2047,0.187,0.2039,0.2074,0.2037,0.2195,0.4386,0.202,0.2356,0.2302,0.2251,0.2138,0.2152,0.2045,0.2109,0.2246
8/19/2021,10.446,0.2002,0.2281,0.2334,0.2293,0.2902,0.2305,0.2616,0.2398,0.2144,0.21,0.2613,0.2146,0.2078,0.2197,0.208,0.1997,0.2197,0.2029,0.2109,0.2141,0.2063,0.2237,0.2053,0.1919,0.2122,0.2012,0.24,0.1936,0.2378,0.2097,0.1997,0.2046,0.2048,0.1914,0.1931,0.2083,0.2246,0.2024,0.3303,0.1879,0.1982,0.2117,0.2151,0.2153,0.2026,0.2109,0.218,0.2092
8/18/2021,11.6199,0.2119,0.2206,0.222,0.2926,0.2532,0.2872,0.2807,0.2753,0.2188,0.2166,0.268,0.2246,0.2365,0.2235,0.226,0.2376,0.234,0.2394,0.2391,0.2521,0.2467,0.2079,0.2517,0.264,0.2036,0.2163,0.2141,0.2137,0.2861,0.2192,0.196,0.2025,0.2137,0.2032,0.2018,0.2297,0.2249,0.2409,0.6985,0.2358,0.213,0.2503,0.2061,0.2076,0.2373,0.2358,0.2141,0.2257
8/17/2021,10.3286,0.196,0.2244,0.2079,0.2375,0.2209,0.2626,0.2531,0.2437,0.2186,0.2442,0.2375,0.2179,0.2011,0.2021,0.1955,0.2223,0.1948,0.2195,0.2032,0.1995,0.2037,0.2079,0.2195,0.217,0.192,0.1988,0.2191,0.1988,0.2396,0.1979,0.189,0.1834,0.2009,0.1988,0.1874,0.2079,0.2158,0.1918,0.3579,0.1915,0.224,0.1948,0.2128,0.2151,0.1986,0.2295,0.2221,0.2107
8/16/2021,10.6811,0.2093,0.2289,0.2294,0.2726,0.2766,0.2428,0.2809,0.2734,0.2449,0.2533,0.268,0.2216,0.1975,0.2155,0.2074,0.2128,0.2141,0.2254,0.2098,0.2093,0.2029,0.2136,0.235,0.2329,0.1943,0.2211,0.1983,0.1967,0.2122,0.2122,0.1846,0.1895,0.1983,0.205,0.1919,0.2071,0.2203,0.1975,0.3128,0.1857,0.2077,0.2332,0.2286,0.2061,0.2318,0.2366,0.2192,0.2125
8/15/2021,9.155,0.1943,0.1914,0.1876,0.1952,0.1976,0.1992,0.2018,0.2144,0.1798,0.1906,0.2089,0.1921,0.1813,0.1832,0.1847,0.1947,0.1865,0.1818,0.1917,0.1875,0.1862,0.188,0.1945,0.1964,0.1883,0.1832,0.1948,0.1824,0.1924,0.1824,0.1775,0.181,0.1773,0.1784,0.1797,0.1842,0.1833,0.1805,0.3009,0.1841,0.1893,0.1898,0.1924,0.1808,0.1886,0.1901,0.1818,0.1824
8/14/2021,11.5026,0.2353,0.2231,0.2241,0.2581,0.3467,0.284,0.3166,0.2602,0.2637,0.2574,0.2395,0.2213,0.2367,0.2269,0.2479,0.2427,0.2248,0.2416,0.2273,0.2458,0.2083,0.2458,0.2539,0.2104,0.1982,0.2111,0.2206,0.2052,0.2644,0.2315,0.2175,0.2241,0.2045,0.2189,0.2094,0.2122,0.2059,0.2385,0.4769,0.207,0.2168,0.2465,0.2017,0.2097,0.2248,0.2609,0.2346,0.2196
8/13/2021,10.3284,0.2274,0.2279,0.1988,0.261,0.2691,0.2633,0.2163,0.26,0.244,0.2216,0.217,0.209,0.196,0.1967,0.2151,0.2111,0.1962,0.216,0.2051,0.2179,0.2188,0.2111,0.213,0.199,0.1886,0.1962,0.2086,0.2002,0.2,0.2049,0.1883,0.1969,0.1986,0.1904,0.2004,0.1976,0.2039,0.2195,0.3386,0.189,0.217,0.2109,0.1988,0.2191,0.2116,0.2018,0.2212,0.2149
8/12/2021,10.4462,0.2026,0.2065,0.2188,0.2467,0.2829,0.2308,0.2452,0.2652,0.2376,0.2212,0.2009,0.1953,0.2053,0.2058,0.2024,0.1963,0.2097,0.21,0.2031,0.2229,0.21,0.2117,0.2016,0.2232,0.1936,0.1943,0.2107,0.1958,0.2393,0.2119,0.2043,0.2058,0.187,0.1972,0.198,0.1977,0.2026,0.2036,0.4464,0.203,0.2102,0.2127,0.2092,0.2112,0.1997,0.2276,0.2217,0.207
8/11/2021,23.3568,0.3878,0.4815,0.5475,0.5567,0.503,0.6243,0.6304,0.5276,0.612,0.5613,0.7625,0.546,0.4416,0.4369,0.3571,0.3602,0.4293,0.5045,0.4016,0.4723,0.4753,0.4753,0.5982,0.3909,0.3832,0.4538,0.5383,0.3417,0.5337,0.4508,0.3909,0.4062,0.354,0.2834,0.4155,0.3847,0.3463,0.3847,1.6318,0.357,0.5752,0.5352,0.3709,0.5337,0.4692,0.3725,0.3832,0.3771
8/10/2021,19.3663,0.3565,0.3906,0.3747,0.6043,0.7475,0.4383,0.5088,0.419,0.5418,0.4667,0.4849,0.2974,0.294,0.3076,0.3826,0.4235,0.436,0.3963,0.4372,0.3508,0.3167,0.4201,0.436,0.4281,0.2826,0.3599,0.4827,0.3167,0.3906,0.3804,0.269,0.311,0.2769,0.3212,0.3485,0.3588,0.4235,0.4383,0.6958,0.2354,0.4474,0.4406,0.4031,0.3781,0.4281,0.3656,0.4167,0.336
8/9/2021,11.6196,0.2434,0.2177,0.2648,0.2756,0.2459,0.3031,0.2438,0.2713,0.2651,0.2655,0.2633,0.2358,0.2231,0.2304,0.226,0.2427,0.2282,0.2188,0.2239,0.2543,0.23,0.2065,0.2615,0.2173,0.2021,0.2202,0.238,0.209,0.247,0.2376,0.2173,0.1985,0.2079,0.205,0.221,0.2289,0.2188,0.2517,0.5585,0.2176,0.2528,0.2492,0.2271,0.2503,0.2568,0.2148,0.2257,0.2058
8/8/2021,22.1833,0.4744,0.4574,0.5312,0.6049,0.5638,0.4319,0.673,0.6546,0.6021,0.5298,0.6361,0.5326,0.3964,0.4674,0.4943,0.4503,0.3667,0.4135,0.4801,0.4503,0.4674,0.422,0.5113,0.3879,0.4503,0.3851,0.3766,0.3596,0.5127,0.4007,0.2872,0.2801,0.3369,0.3071,0.3099,0.3893,0.4546,0.4588,1.1533,0.2949,0.5354,0.5681,0.3142,0.4092,0.4049,0.4177,0.4404,0.3369
8/7/2021,26.9958,0.6169,0.5371,0.6757,0.9379,0.7441,0.7878,0.9455,0.6511,0.7479,0.6871,0.8486,0.5561,0.5428,0.5542,0.3927,0.596,0.4364,0.5257,0.5941,0.5941,0.5238,0.3775,0.4896,0.5333,0.4155,0.4554,0.4022,0.3946,0.425,0.4896,0.3205,0.3034,0.387,0.4193,0.3604,0.4421,0.5409,0.5428,1.5133,0.3416,0.615,0.596,0.4896,0.3699,0.6359,0.4516,0.5941,0.5941
8/6/2021,20.4229,0.3965,0.4362,0.4487,0.5356,0.799,0.6859,0.481,0.5853,0.3729,0.4847,0.5356,0.3406,0.3418,0.3952,0.4412,0.4176,0.353,0.4425,0.4226,0.3667,0.3803,0.4188,0.4412,0.4536,0.4151,0.3331,0.43,0.3046,0.5232,0.3704,0.3145,0.3555,0.3431,0.3393,0.3282,0.3779,0.4164,0.3046,0.9429,0.2675,0.4002,0.4338,0.4139,0.3195,0.4723,0.3406,0.399,0.3008
8/5/2021,20.3057,0.3697,0.4829,0.3783,0.5026,0.5457,0.51,0.6983,0.6749,0.3119,0.4362,0.4054,0.3205,0.4177,0.4325,0.3525,0.446,0.4398,0.4288,0.3759,0.4386,0.3919,0.4509,0.3205,0.3229,0.3931,0.3352,0.4165,0.3033,0.4115,0.3525,0.2885,0.334,0.3242,0.3156,0.2959,0.3439,0.3033,0.3623,1.5922,0.3519,0.3894,0.3254,0.3771,0.3352,0.4238,0.4583,0.3685,0.4497
8/4/2021,19.8356,0.4129,0.3762,0.3312,0.6105,0.7715,0.6259,0.3915,0.4259,0.4176,0.3655,0.517,0.3691,0.3134,0.3122,0.3359,0.4389,0.4152,0.4365,0.3336,0.3809,0.3205,0.4022,0.4851,0.2909,0.2767,0.3726,0.4578,0.3016,0.4614,0.3631,0.2696,0.3205,0.2957,0.3111,0.3205,0.3454,0.3631,0.343,1.6279,0.3565,0.4495,0.3525,0.3466,0.3016,0.3821,0.4424,0.3939,0.3004
8/3/2021,21.5966,0.3693,0.4209,0.3801,0.6575,0.7078,0.5229,0.5107,0.6344,0.5215,0.3584,0.4481,0.4916,0.3964,0.3217,0.4644,0.425,0.4468,0.4114,0.44,0.3679,0.4617,0.3625,0.4032,0.5297,0.3067,0.3094,0.5392,0.3203,0.4699,0.4032,0.3475,0.3312,0.2972,0.3706,0.3638,0.3638,0.3353,0.3625,1.5986,0.3527,0.4495,0.5351,0.4196,0.3869,0.4468,0.3924,0.4536,0.3869
8/2/2021,23.1223,0.5236,0.4374,0.3633,0.6082,0.6052,0.4661,0.761,0.457,0.6234,0.6702,0.516,0.5689,0.454,0.333,0.3814,0.4646,0.5024,0.5447,0.4812,0.5387,0.457,0.3224,0.389,0.3436,0.3391,0.4963,0.4132,0.3769,0.522,0.3965,0.327,0.3829,0.3859,0.3784,0.4101,0.4222,0.3738,0.5024,1.505,0.3405,0.4268,0.4585,0.4752,0.4585,0.5402,0.516,0.5281,0.3345
8/1/2021,17.488,0.2957,0.364,0.3555,0.5035,0.4475,0.5509,0.5215,0.4513,0.5026,0.4703,0.4959,0.4248,0.2938,0.3413,0.3033,0.2929,0.3896,0.2872,0.3934,0.3156,0.3669,0.2919,0.3441,0.401,0.3014,0.3545,0.4333,0.2767,0.4741,0.3223,0.291,0.3042,0.2397,0.2824,0.3042,0.3318,0.3526,0.3137,0.6386,0.228,0.4105,0.3564,0.3052,0.3896,0.3175,0.3042,0.2872,0.2644
7/31/2021,23.8269,0.5196,0.5956,0.5465,0.7886,0.7554,0.499,0.613,0.7602,0.7064,0.48,0.5323,0.6035,0.4278,0.4927,0.5038,0.5402,0.3661,0.5038,0.4452,0.4262,0.4579,0.4025,0.5956,0.4974,0.3154,0.3328,0.6779,0.3661,0.4041,0.4769,0.3756,0.3898,0.3313,0.3297,0.3265,0.4262,0.5085,0.3471,1.1976,0.3006,0.5892,0.5845,0.3582,0.3297,0.374,0.5022,0.5402,0.3835
7/30/2021,13.4978,0.2706,0.275,0.2794,0.3893,0.3157,0.2915,0.2865,0.2761,0.3069,0.319,0.2959,0.3151,0.2552,0.2755,0.2612,0.2607,0.2409,0.2854,0.27,0.2849,0.2865,0.2442,0.2491,0.2777,0.2761,0.2266,0.2607,0.2282,0.253,0.2722,0.2178,0.215,0.2244,0.2255,0.2315,0.259,0.2546,0.2442,0.8697,0.258,0.2612,0.3256,0.2497,0.2678,0.2458,0.2871,0.2678,0.264
7/29/2021,17.7232,0.3815,0.4088,0.3942,0.4477,0.6246,0.543,0.3514,0.5741,0.5128,0.2931,0.5332,0.3884,0.3553,0.2814,0.3718,0.366,0.3329,0.3718,0.3543,0.3028,0.2765,0.331,0.4078,0.3203,0.3475,0.3485,0.3602,0.2785,0.3631,0.3553,0.3125,0.3018,0.2717,0.3086,0.2561,0.3018,0.3679,0.3738,0.8129,0.2506,0.2824,0.261,0.2872,0.367,0.3388,0.3154,0.3728,0.3631
7/28/2021,13.7325,0.2515,0.2939,0.2429,0.3312,0.4183,0.361,0.3128,0.3289,0.3662,0.3547,0.3782,0.2716,0.2681,0.2561,0.2544,0.2681,0.3025,0.2687,0.2584,0.2956,0.2624,0.2395,0.3232,0.2756,0.2807,0.283,0.2888,0.2452,0.2699,0.2773,0.2062,0.236,0.228,0.2544,0.24,0.2658,0.2498,0.259,0.5954,0.2224,0.2435,0.2567,0.2452,0.2549,0.2481,0.3243,0.3048,0.2693
7/27/2021,15.0239,0.2903,0.3114,0.338,0.3661,0.4371,0.3893,0.3556,0.4364,0.2847,0.4076,0.3331,0.2783,0.2889,0.2706,0.3043,0.2622,0.2917,0.284,0.3135,0.3128,0.3022,0.298,0.3444,0.2397,0.2488,0.2425,0.3886,0.2573,0.3458,0.2769,0.2699,0.2678,0.2257,0.2467,0.2299,0.284,0.3416,0.291,0.7547,0.2431,0.291,0.3366,0.3128,0.2481,0.2573,0.357,0.2847,0.2819
7/26/2021,15.8452,0.3785,0.271,0.271,0.362,0.5283,0.424,0.5056,0.3126,0.3181,0.3165,0.322,0.3087,0.2726,0.3369,0.3353,0.2812,0.2875,0.3589,0.2875,0.3298,0.3353,0.2537,0.3589,0.3079,0.2459,0.2749,0.2671,0.2498,0.4185,0.2828,0.2381,0.2898,0.2741,0.2836,0.2412,0.2765,0.3534,0.3126,1.0096,0.2762,0.3691,0.2522,0.2961,0.3016,0.3149,0.3824,0.2851,0.2859
7/25/2021,18.8968,0.4304,0.402,0.3116,0.5655,0.6396,0.4369,0.5699,0.5786,0.5132,0.4391,0.4347,0.4543,0.3792,0.4009,0.4118,0.414,0.4271,0.3192,0.3628,0.3672,0.3944,0.2974,0.3988,0.3388,0.3312,0.2952,0.3181,0.3083,0.3247,0.3879,0.2397,0.2724,0.2898,0.2985,0.3072,0.3225,0.3301,0.3388,1.1851,0.299,0.4282,0.2942,0.3683,0.3399,0.3585,0.2985,0.3977,0.2756
7/24/2021,15.0235,0.3121,0.2783,0.2524,0.3373,0.442,0.376,0.4371,0.2945,0.291,0.3914,0.4188,0.2531,0.284,0.2481,0.2783,0.3099,0.3029,0.3177,0.3303,0.2889,0.2819,0.2608,0.364,0.3373,0.2804,0.246,0.3163,0.2636,0.2573,0.3008,0.2264,0.2172,0.2538,0.2615,0.2509,0.2615,0.3184,0.3078,1.0667,0.2836,0.2552,0.2517,0.2987,0.3022,0.2755,0.246,0.298,0.2959
7/23/2021,13.615,0.2385,0.2689,0.2582,0.3958,0.4227,0.3789,0.2661,0.3907,0.2363,0.2823,0.2627,0.2851,0.2436,0.2369,0.2436,0.2672,0.2537,0.2402,0.2846,0.2554,0.2335,0.2419,0.2677,0.2734,0.2374,0.2711,0.3267,0.2458,0.3486,0.284,0.2357,0.2262,0.2251,0.2503,0.2239,0.2543,0.2616,0.2997,0.7913,0.2478,0.3054,0.2851,0.2492,0.2307,0.2475,0.2981,0.2885,0.2531
7/22/2021,17.1363,0.3375,0.3503,0.2809,0.3905,0.3677,0.5212,0.5586,0.4883,0.3859,0.3786,0.4344,0.3119,0.3192,0.3375,0.3339,0.2736,0.2927,0.3074,0.3092,0.3823,0.2909,0.3275,0.2937,0.2873,0.2891,0.3202,0.4618,0.2745,0.4115,0.3348,0.2946,0.2407,0.2781,0.2918,0.2927,0.3083,0.364,0.3549,1.1394,0.293,0.3521,0.4079,0.3457,0.2525,0.3384,0.3183,0.353,0.258
7/21/2021,17.8408,0.3005,0.3123,0.3044,0.4639,0.6085,0.455,0.4707,0.4993,0.2798,0.4786,0.4796,0.332,0.3674,0.329,0.396,0.3025,0.394,0.3153,0.3349,0.3251,0.3527,0.3694,0.4324,0.4028,0.2897,0.3694,0.4353,0.2857,0.3448,0.3704,0.2415,0.272,0.3182,0.2926,0.2779,0.3281,0.3153,0.395,0.8886,0.2605,0.2985,0.3576,0.3969,0.3792,0.3517,0.3999,0.3497,0.3162
7/20/2021,18.8967,0.4009,0.3683,0.3225,0.4304,0.5241,0.377,0.4173,0.5513,0.4434,0.5383,0.3933,0.4402,0.2931,0.3399,0.3247,0.3192,0.3693,0.4391,0.3835,0.4195,0.3857,0.2745,0.4522,0.3247,0.317,0.3334,0.462,0.2854,0.4565,0.3181,0.2375,0.2691,0.2669,0.2582,0.2538,0.3072,0.4151,0.4129,1.214,0.3027,0.4424,0.4783,0.4042,0.2909,0.4042,0.4642,0.3574,0.4129
7/19/2021,19.3658,0.3201,0.3553,0.3883,0.5474,0.6247,0.4247,0.5042,0.6463,0.4667,0.4224,0.4542,0.3826,0.3122,0.3258,0.3894,0.3235,0.4145,0.319,0.4235,0.3815,0.3167,0.4201,0.4406,0.4349,0.3713,0.4167,0.3315,0.3133,0.4611,0.3667,0.2462,0.3474,0.2553,0.294,0.2837,0.3269,0.311,0.4258,1.246,0.3069,0.4633,0.4224,0.311,0.3065,0.3792,0.3076,0.4349,0.3985
7/18/2021,18.7795,0.3154,0.3521,0.3984,0.5569,0.4976,0.5666,0.4469,0.3769,0.4998,0.3122,0.3197,0.4448,0.3758,0.3801,0.3812,0.3499,0.365,0.3607,0.4254,0.4017,0.3402,0.392,0.4103,0.3963,0.2949,0.2885,0.4599,0.3197,0.3639,0.3887,0.241,0.3327,0.3046,0.3111,0.2712,0.3445,0.3941,0.3478,1.3019,0.3142,0.2939,0.3467,0.2777,0.3251,0.3445,0.4426,0.393,0.4114
7/17/2021,20.4225,0.4077,0.4909,0.5058,0.4648,0.6921,0.5543,0.5605,0.6474,0.5915,0.5294,0.5468,0.4474,0.3791,0.3754,0.3182,0.4412,0.3716,0.4362,0.3704,0.4636,0.4412,0.3182,0.4984,0.353,0.348,0.3356,0.2971,0.312,0.4487,0.4213,0.3306,0.3629,0.2872,0.2834,0.3021,0.3257,0.4449,0.3816,0.8362,0.2537,0.3965,0.4673,0.4188,0.4015,0.3803,0.4735,0.3654,0.3431
7/16/2021,23.7089,0.4714,0.3803,0.473,0.5515,0.5468,0.4871,0.517,0.806,0.4541,0.6851,0.6851,0.5704,0.4337,0.4463,0.4793,0.4102,0.495,0.4651,0.4918,0.5295,0.3992,0.4039,0.3756,0.5327,0.4526,0.4479,0.4604,0.3756,0.6631,0.4212,0.3049,0.4196,0.3065,0.4164,0.3473,0.4243,0.3646,0.517,1.3331,0.3182,0.5405,0.6222,0.451,0.5044,0.5107,0.5468,0.5405,0.33
7/15/2021,21.3617,0.4286,0.4954,0.5274,0.5769,0.5635,0.5689,0.5408,0.6437,0.3417,0.5568,0.4633,0.5114,0.3952,0.4032,0.347,0.4673,0.4553,0.482,0.4726,0.4312,0.4125,0.3337,0.47,0.4032,0.4205,0.4272,0.6036,0.3377,0.4994,0.3537,0.2869,0.3524,0.327,0.327,0.319,0.3845,0.4753,0.339,1.1659,0.2965,0.343,0.4392,0.4072,0.3444,0.3404,0.5127,0.4646,0.303
7/14/2021,21.127,0.5119,0.3452,0.4988,0.6589,0.4581,0.7088,0.6734,0.5578,0.5723,0.3491,0.63,0.3124,0.3373,0.3216,0.3596,0.3623,0.336,0.4725,0.3846,0.4056,0.441,0.3938,0.3308,0.3872,0.3951,0.4541,0.4174,0.2979,0.3531,0.4095,0.3754,0.273,0.3754,0.2651,0.3347,0.3885,0.4463,0.3216,1.5248,0.3431,0.4541,0.4804,0.4318,0.3885,0.4594,0.403,0.3872,0.3386
7/13/2021,22.3011,0.5156,0.4684,0.3883,0.5528,0.8245,0.5943,0.4255,0.5714,0.6,0.5471,0.6386,0.5285,0.4584,0.4555,0.4298,0.4756,0.4083,0.3383,0.457,0.3869,0.4813,0.4198,0.4184,0.4656,0.3826,0.4212,0.5185,0.314,0.5199,0.3883,0.3869,0.3755,0.2954,0.3869,0.3812,0.4098,0.3912,0.4856,1.0438,0.2806,0.4412,0.4026,0.5099,0.4412,0.364,0.4899,0.3683,0.4527
7/12/2021,24.8831,0.4385,0.5702,0.4419,0.7356,0.8909,0.7559,0.7221,0.6377,0.3693,0.4317,0.6326,0.5482,0.3693,0.4267,0.5432,0.4942,0.3895,0.5617,0.4672,0.533,0.4098,0.4503,0.4402,0.4621,0.4858,0.3676,0.5972,0.3642,0.4655,0.4655,0.3996,0.4081,0.349,0.3406,0.3845,0.3895,0.4385,0.5432,1.7819,0.3765,0.4672,0.6309,0.4233,0.3878,0.5752,0.528,0.4908,0.5009
7/11/2021,18.1926,0.4388,0.3624,0.3318,0.4011,0.3868,0.4582,0.3919,0.502,0.4296,0.4052,0.4541,0.3878,0.3002,0.3379,0.3134,0.3196,0.3522,0.3226,0.3695,0.3369,0.3297,0.2818,0.3053,0.2686,0.3257,0.3654,0.4215,0.289,0.4286,0.3083,0.2553,0.2492,0.3063,0.2931,0.2543,0.3185,0.4052,0.3624,1.6109,0.3543,0.3736,0.3624,0.3664,0.3675,0.3277,0.3369,0.3481,0.3746
7/10/2021,14.2022,0.2783,0.2529,0.3199,0.4104,0.4768,0.3782,0.4259,0.3428,0.2647,0.2752,0.3037,0.2355,0.2399,0.2758,0.2919,0.2839,0.2541,0.2547,0.2671,0.3106,0.2554,0.2516,0.251,0.3143,0.2566,0.2932,0.2367,0.2399,0.3019,0.2795,0.2101,0.256,0.2287,0.2138,0.2274,0.2715,0.2529,0.3137,0.968,0.2708,0.2448,0.2367,0.2814,0.2895,0.2541,0.3174,0.2411,0.3019
7/9/2021,17.4884,0.4191,0.3726,0.3318,0.4266,0.5234,0.3877,0.3858,0.4684,0.3261,0.4485,0.513,0.3716,0.3441,0.3375,0.2862,0.3261,0.3821,0.3887,0.3223,0.3422,0.3289,0.3356,0.2862,0.4029,0.2767,0.3289,0.4115,0.2701,0.3109,0.2948,0.2606,0.308,0.2578,0.3118,0.2815,0.327,0.3099,0.3194,1.1189,0.2904,0.3707,0.3811,0.3384,0.3555,0.2919,0.3337,0.3327,0.3488
7/8/2021,18.0753,0.3631,0.3289,0.4316,0.4266,0.5727,0.3924,0.3752,0.4196,0.4508,0.341,0.5425,0.3843,0.3188,0.344,0.3349,0.3128,0.3883,0.2906,0.4095,0.3722,0.3913,0.3742,0.4276,0.346,0.3662,0.3571,0.3621,0.2785,0.5102,0.3138,0.2644,0.2634,0.2856,0.2573,0.2523,0.3188,0.2845,0.3601,1.2055,0.3016,0.3269,0.3309,0.346,0.3329,0.3833,0.3631,0.3672,0.3047
7/7/2021,24.1787,0.3851,0.4514,0.5032,0.707,0.6407,0.6358,0.7006,0.7507,0.432,0.7086,0.3754,0.5582,0.4223,0.432,0.5113,0.4029,0.466,0.4449,0.5566,0.5291,0.4142,0.4417,0.3818,0.5792,0.466,0.4546,0.4999,0.3721,0.6666,0.5016,0.3026,0.3171,0.3835,0.2848,0.3349,0.4417,0.3851,0.5404,1.9135,0.3936,0.3495,0.5307,0.356,0.4271,0.4919,0.4142,0.3851,0.5355
7/6/2021,19.3666,0.3406,0.4679,0.4497,0.4315,0.6656,0.577,0.5202,0.4554,0.3497,0.4554,0.3485,0.3099,0.3258,0.344,0.3031,0.4156,0.3042,0.3156,0.3713,0.3247,0.3815,0.319,0.3724,0.3087,0.3122,0.3087,0.3633,0.3008,0.5179,0.3235,0.3212,0.2656,0.261,0.2928,0.286,0.336,0.4065,0.3349,1.9512,0.3985,0.3667,0.3974,0.2849,0.402,0.4395,0.3451,0.3019,0.3917
7/5/2021,24.6479,0.3764,0.6045,0.493,0.7643,0.9841,0.7144,0.8442,0.5729,0.5113,0.3997,0.6711,0.4464,0.3698,0.4863,0.4763,0.5229,0.4747,0.3748,0.4414,0.4347,0.3764,0.4297,0.6295,0.4963,0.4846,0.3531,0.3764,0.3981,0.4697,0.3947,0.4097,0.3381,0.3548,0.3898,0.3614,0.4563,0.4663,0.3931,1.9333,0.3962,0.5979,0.5096,0.3864,0.4147,0.5496,0.3531,0.448,0.5179
7/4/2021,28.7557,0.5237,0.6399,0.6295,0.8143,0.9056,0.9429,0.9886,0.8309,0.8412,0.6876,0.5631,0.5486,0.5859,0.5714,0.5693,0.4552,0.4116,0.478,0.642,0.6171,0.5195,0.5154,0.7229,0.3742,0.4552,0.4323,0.5112,0.4552,0.8537,0.4822,0.4344,0.4344,0.3742,0.4489,0.4884,0.5216,0.5859,0.6648,1.4525,0.3337,0.6005,0.6939,0.4074,0.4697,0.5859,0.6295,0.4676,0.5942
7/3/2021,19.9535,0.3747,0.4595,0.34,0.6197,0.5611,0.5862,0.6591,0.5814,0.5336,0.5563,0.3531,0.4452,0.3376,0.3627,0.3233,0.4368,0.3866,0.4249,0.4284,0.45,0.3065,0.4213,0.383,0.3161,0.2934,0.2898,0.554,0.2958,0.5755,0.3986,0.2993,0.3065,0.3125,0.3149,0.3484,0.3388,0.3735,0.3484,1.0098,0.2762,0.3472,0.3244,0.3926,0.395,0.4284,0.3998,0.3125,0.3711
7/2/2021,22.535,0.453,0.4036,0.5678,0.6303,0.7248,0.6013,0.4574,0.4472,0.4675,0.408,0.6652,0.3818,0.3396,0.3556,0.3774,0.4283,0.4864,0.4879,0.4457,0.4007,0.4864,0.4501,0.4457,0.3643,0.3353,0.3324,0.6013,0.3324,0.4341,0.3818,0.36,0.28,0.3789,0.3643,0.2975,0.3789,0.4254,0.4864,2.0062,0.4057,0.501,0.5053,0.3164,0.5141,0.4908,0.4094,0.3367,0.3847
7/1/2021,19.4836,0.3435,0.4193,0.4285,0.4595,0.4193,0.6341,0.4675,0.4515,0.2964,0.4434,0.4561,0.4652,0.3768,0.4044,0.3401,0.3745,0.4377,0.4136,0.4228,0.4124,0.3906,0.3561,0.3022,0.4721,0.3091,0.4044,0.3171,0.3274,0.5525,0.3539,0.3148,0.3412,0.2689,0.2551,0.3079,0.3125,0.3791,0.3114,1.4716,0.3362,0.3929,0.3401,0.3699,0.3343,0.3389,0.4342,0.417,0.3056
6/30/2021,24.4135,0.5819,0.4539,0.3735,0.7838,0.6771,0.7362,0.6049,0.7182,0.4851,0.3932,0.5409,0.38,0.4161,0.3899,0.5442,0.5524,0.4178,0.4391,0.3997,0.4375,0.467,0.362,0.49,0.5163,0.316,0.4867,0.6394,0.3866,0.6328,0.5113,0.4178,0.3013,0.4211,0.4211,0.3095,0.4506,0.5754,0.5458,1.5525,0.3467,0.4769,0.5031,0.536,0.5409,0.5737,0.4523,0.3735,0.4818
6/29/2021,17.371,0.2819,0.3794,0.2707,0.3963,0.5631,0.4225,0.3625,0.3606,0.4412,0.4881,0.3672,0.3513,0.3213,0.3382,0.3185,0.3747,0.385,0.3278,0.3691,0.3616,0.3485,0.3625,0.3485,0.3241,0.3288,0.296,0.3681,0.2716,0.3466,0.3606,0.3016,0.2829,0.2782,0.2538,0.2726,0.3082,0.2988,0.2679,1.3593,0.3216,0.295,0.2669,0.3981,0.3194,0.2913,0.3878,0.2913,0.34
6/28/2021,23.2397,0.4379,0.412,0.3511,0.5979,0.7702,0.5873,0.6391,0.8067,0.3617,0.377,0.3709,0.4882,0.3785,0.3434,0.4867,0.345,0.3785,0.444,0.4227,0.5385,0.4638,0.4837,0.377,0.4181,0.4212,0.4334,0.6223,0.3343,0.5492,0.3785,0.3374,0.4075,0.4075,0.3541,0.3739,0.4075,0.5263,0.4821,2.1574,0.4253,0.4867,0.3419,0.3343,0.3374,0.4852,0.3556,0.505,0.4958
6/27/2021,28.0517,0.4153,0.7161,0.6379,0.8043,0.7602,0.9407,0.9928,1.0088,0.3872,0.4775,0.682,0.6158,0.4935,0.4013,0.6158,0.4073,0.5517,0.5617,0.5356,0.6178,0.5938,0.4915,0.7121,0.7021,0.5456,0.5456,0.3892,0.3933,0.4574,0.5697,0.3211,0.3612,0.3612,0.3491,0.4394,0.4514,0.4293,0.6399,1.6982,0.3656,0.6138,0.5797,0.5035,0.6339,0.6399,0.5537,0.6218,0.4654
6/26/2021,22.6526,0.3674,0.4861,0.574,0.6165,0.6517,0.7498,0.5007,0.6458,0.5769,0.4964,0.4172,0.5388,0.3996,0.3703,0.4231,0.4964,0.5022,0.5022,0.4114,0.4641,0.3703,0.3909,0.429,0.3923,0.4641,0.407,0.4304,0.3366,0.4509,0.3615,0.2839,0.3161,0.3865,0.3821,0.3601,0.4011,0.3484,0.4846,2.0457,0.4108,0.4319,0.3103,0.3733,0.4231,0.3645,0.3557,0.3513,0.3996
6/25/2021,23.1222,0.4071,0.5236,0.5598,0.5039,0.9273,0.7852,0.7035,0.7685,0.4253,0.6385,0.4873,0.5039,0.4116,0.3769,0.4676,0.4978,0.5175,0.3466,0.4298,0.4283,0.5084,0.3255,0.5069,0.3844,0.4736,0.4994,0.5099,0.3512,0.6355,0.4706,0.2619,0.2937,0.3844,0.3194,0.3345,0.3844,0.4797,0.4797,1.1316,0.292,0.4555,0.3436,0.3239,0.4827,0.4616,0.4268,0.4419,0.4495
6/24/2021,20.4224,0.4847,0.4648,0.3505,0.4747,0.7095,0.6512,0.6598,0.6226,0.4437,0.3518,0.5567,0.3381,0.3592,0.3766,0.4201,0.3841,0.3791,0.3493,0.4375,0.3965,0.3841,0.3605,0.507,0.3865,0.3629,0.3567,0.5443,0.3244,0.4698,0.4114,0.3083,0.3033,0.2698,0.3468,0.3095,0.3629,0.3095,0.4561,1.1243,0.2911,0.312,0.3667,0.4449,0.4176,0.3679,0.3567,0.3915,0.3654
6/23/2021,20.5404,0.3673,0.3999,0.4651,0.5542,0.5592,0.6796,0.5291,0.6921,0.4626,0.4777,0.514,0.509,0.3297,0.3197,0.4451,0.4012,0.4589,0.3523,0.3472,0.4125,0.3987,0.3924,0.3686,0.3146,0.3071,0.43,0.4726,0.3171,0.346,0.346,0.2607,0.3397,0.3435,0.3247,0.2946,0.3447,0.3096,0.3096,1.5395,0.345,0.3322,0.3598,0.3711,0.4701,0.4388,0.3824,0.3962,0.4087
6/22/2021,26.6435,0.4053,0.4239,0.5675,0.7912,0.8527,0.5917,0.5694,0.8938,0.5209,0.4128,0.8472,0.5675,0.3792,0.4053,0.4202,0.5619,0.5992,0.3885,0.5078,0.5992,0.5451,0.4948,0.5917,0.5078,0.3904,0.3904,0.6868,0.4128,0.6607,0.4706,0.2916,0.3158,0.3568,0.4072,0.3419,0.4184,0.4426,0.4706,2.2407,0.4361,0.6011,0.4929,0.478,0.5619,0.6011,0.5395,0.6067,0.5843
6/21/2021,23.1221,0.4434,0.5598,0.4963,0.575,0.4978,0.4495,0.4812,0.5205,0.3905,0.46,0.5992,0.581,0.389,0.3617,0.519,0.3784,0.3663,0.398,0.3905,0.5356,0.457,0.4026,0.575,0.4736,0.3587,0.3436,0.3179,0.3466,0.646,0.4283,0.3708,0.3118,0.3814,0.3527,0.392,0.3602,0.3542,0.451,2.126,0.4212,0.5372,0.5946,0.5432,0.4827,0.4994,0.3875,0.46,0.3542
6/20/2021,18.6626,0.3437,0.4226,0.4343,0.4865,0.4098,0.365,0.3479,0.4599,0.3874,0.3469,0.3469,0.4407,0.3842,0.3533,0.3884,0.3991,0.3831,0.4204,0.4194,0.4226,0.3021,0.2701,0.2925,0.397,0.2744,0.3213,0.4673,0.2946,0.5057,0.3916,0.3277,0.2498,0.285,0.2999,0.3138,0.3234,0.3053,0.4247,1.2518,0.3077,0.381,0.4727,0.4066,0.4268,0.3213,0.4364,0.3458,0.3042
6/19/2021,24.8829,0.43,0.5398,0.5938,0.7069,0.7474,0.8403,0.4908,0.6816,0.6276,0.4824,0.7559,0.4317,0.4165,0.5296,0.5111,0.5111,0.5516,0.479,0.4064,0.533,0.398,0.4655,0.3642,0.3929,0.4824,0.4284,0.4739,0.3878,0.7086,0.5077,0.3912,0.3,0.3338,0.3541,0.3389,0.4216,0.528,0.5263,2.0807,0.4153,0.4841,0.3541,0.4486,0.3287,0.4486,0.4925,0.3929,0.3676
6/18/2021,20.6575,0.4806,0.3742,0.4768,0.6147,0.8147,0.5616,0.6527,0.4426,0.5553,0.3426,0.5742,0.4249,0.4173,0.3856,0.3806,0.4388,0.3654,0.4515,0.4223,0.4084,0.3173,0.3413,0.4844,0.2907,0.3907,0.3515,0.3337,0.3388,0.4818,0.3337,0.3527,0.3591,0.3224,0.3667,0.3034,0.3667,0.392,0.4654,1.0897,0.2866,0.4578,0.3287,0.335,0.3932,0.3679,0.3667,0.4464,0.4084
6/17/2021,19.249,0.3736,0.4524,0.422,0.4693,0.53,0.6234,0.6492,0.6133,0.3579,0.3838,0.3455,0.3545,0.3365,0.3804,0.3748,0.3017,0.3343,0.3714,0.3658,0.4175,0.3725,0.4063,0.4591,0.4254,0.3703,0.3669,0.4445,0.287,0.4254,0.3871,0.269,0.3478,0.3129,0.3208,0.3309,0.3556,0.3748,0.3208,0.8775,0.259,0.3815,0.4963,0.4333,0.3185,0.3129,0.323,0.4288,0.3838
6/16/2021,24.0612,0.4815,0.4879,0.5698,0.6132,0.6951,0.7111,0.4317,0.6501,0.7497,0.4429,0.475,0.6084,0.4477,0.4943,0.5345,0.4606,0.451,0.4847,0.4236,0.5441,0.4317,0.3931,0.4975,0.3321,0.3482,0.3642,0.6421,0.3706,0.3979,0.4349,0.3257,0.3883,0.3996,0.3803,0.3594,0.4269,0.5329,0.3963,1.7274,0.3694,0.4766,0.5056,0.475,0.5457,0.4622,0.3851,0.5007,0.4349
6/15/2021,25.0016,0.4319,0.5339,0.5237,0.5781,0.8603,0.8569,0.6716,0.811,0.7617,0.4744,0.4608,0.5441,0.4795,0.5067,0.556,0.4829,0.3826,0.4336,0.4948,0.5577,0.5305,0.4115,0.4217,0.5356,0.3826,0.4302,0.7141,0.3384,0.4591,0.522,0.42,0.2908,0.3231,0.318,0.3095,0.4319,0.4591,0.5713,1.3252,0.3172,0.5543,0.6189,0.3928,0.5713,0.3809,0.5883,0.4727,0.5084
6/14/2021,26.6432,0.465,0.5992,0.4631,0.8509,0.657,0.6644,0.7017,0.5246,0.7763,0.5917,0.547,0.4295,0.4817,0.3941,0.5246,0.6048,0.3923,0.4761,0.4855,0.4594,0.5824,0.4314,0.616,0.6383,0.4761,0.5638,0.7856,0.3997,0.5638,0.4724,0.4146,0.45,0.4519,0.3811,0.4034,0.4538,0.4948,0.5377,1.6929,0.365,0.5712,0.6383,0.6029,0.5917,0.4594,0.3867,0.5992,0.5302
6/13/2021,29.695,0.5702,0.6591,0.5181,0.683,0.7958,1.0366,1.0887,0.6288,0.4422,0.6244,0.6244,0.6331,0.6092,0.4097,0.5377,0.5203,0.5528,0.44,0.696,0.6765,0.5116,0.6266,0.6201,0.581,0.4183,0.5225,0.7568,0.4726,0.5832,0.5897,0.5029,0.4921,0.5008,0.3359,0.4205,0.5485,0.5225,0.6071,2.6205,0.4855,0.4878,0.6396,0.6223,0.4118,0.4444,0.5008,0.5897,0.5333
6/12/2021,27.1129,0.656,0.6177,0.4285,0.8586,0.8528,0.5317,0.5661,0.9369,0.5776,0.8146,0.6158,0.4304,0.4132,0.3788,0.5241,0.4323,0.4744,0.5547,0.5145,0.4534,0.3998,0.4323,0.5508,0.5031,0.3769,0.5126,0.7229,0.3846,0.5508,0.4266,0.3578,0.417,0.375,0.4228,0.3521,0.4839,0.3865,0.482,2.572,0.4792,0.6024,0.5642,0.6292,0.5375,0.4553,0.4362,0.591,0.4763
6/11/2021,22.0657,0.4606,0.4058,0.4199,0.531,0.6759,0.7012,0.673,0.6407,0.5394,0.5225,0.4958,0.4761,0.3875,0.32,0.4142,0.4789,0.4297,0.5141,0.3988,0.4311,0.3931,0.3748,0.4944,0.5225,0.3748,0.4199,0.5999,0.3439,0.3819,0.4002,0.372,0.3917,0.3214,0.2834,0.3931,0.3917,0.4297,0.41,0.9397,0.2671,0.4761,0.4592,0.4395,0.4058,0.5,0.5057,0.4621,0.3959
6/10/2021,20.8922,0.516,0.4799,0.3575,0.6695,0.5096,0.5973,0.4761,0.4271,0.6295,0.4915,0.4787,0.4426,0.431,0.3252,0.4426,0.4348,0.4761,0.449,0.4787,0.4026,0.409,0.3497,0.3755,0.4078,0.409,0.3201,0.3613,0.2995,0.4477,0.36,0.3291,0.2904,0.3265,0.3111,0.3536,0.3626,0.3523,0.4451,1.3293,0.3177,0.4542,0.3381,0.3691,0.4258,0.3472,0.4774,0.3923,0.4155
6/9/2021,21.7138,0.467,0.5356,0.3491,0.5589,0.8071,0.6329,0.43,0.7248,0.4423,0.5507,0.4739,0.3175,0.4259,0.3312,0.4163,0.4656,0.3449,0.478,0.3833,0.4176,0.3449,0.4053,0.3984,0.3504,0.3175,0.3203,0.6028,0.323,0.5822,0.3573,0.3532,0.3367,0.3285,0.2791,0.3285,0.3628,0.3587,0.3573,1.7578,0.3734,0.3216,0.3847,0.3888,0.3984,0.3902,0.4821,0.478,0.4793
6/8/2021,25.0015,0.4183,0.403,0.4863,0.539,0.6954,0.7022,0.4557,0.6682,0.4931,0.6325,0.4115,0.4098,0.3979,0.4761,0.4591,0.3928,0.5543,0.4642,0.4251,0.5611,0.3775,0.4829,0.5713,0.4013,0.4098,0.4999,0.5883,0.3843,0.6648,0.4353,0.352,0.3265,0.3639,0.3656,0.3656,0.4642,0.5866,0.471,2.2685,0.4397,0.4489,0.6614,0.4557,0.488,0.59,0.4591,0.5016,0.5322
6/7/2021,22.8876,0.3706,0.5597,0.5255,0.6163,0.7681,0.783,0.6237,0.4406,0.4704,0.4183,0.6937,0.3483,0.3855,0.451,0.4064,0.4659,0.3691,0.3706,0.5106,0.3885,0.4108,0.3691,0.4064,0.4942,0.4704,0.4614,0.5225,0.3409,0.4317,0.3855,0.3855,0.2962,0.2947,0.3542,0.3275,0.4272,0.3796,0.5269,1.5778,0.35,0.4332,0.4212,0.5016,0.4793,0.5269,0.4525,0.4093,0.4853
6/6/2021,28.2866,0.5724,0.6617,0.6515,0.8767,0.8463,0.9173,0.6982,0.5683,0.475,0.6191,0.7225,0.6475,0.4852,0.4243,0.4771,0.4121,0.6069,0.6535,0.5846,0.5623,0.6008,0.5704,0.5886,0.3736,0.3797,0.4405,0.5683,0.406,0.6596,0.4507,0.4629,0.4892,0.3269,0.3452,0.3655,0.4487,0.5176,0.3817,2.5168,0.472,0.546,0.5643,0.4973,0.6454,0.5886,0.471,0.6535,0.4933
6/5/2021,20.4228,0.4139,0.4139,0.4921,0.6052,0.5319,0.5692,0.5878,0.5369,0.6176,0.4226,0.6039,0.43,0.358,0.3915,0.3716,0.3493,0.3331,0.3692,0.3642,0.3567,0.4263,0.4698,0.358,0.4251,0.3617,0.2971,0.4921,0.2909,0.5269,0.3716,0.3182,0.2698,0.3021,0.2946,0.3592,0.3306,0.3282,0.3605,1.309,0.3151,0.435,0.3046,0.3431,0.317,0.4313,0.4325,0.4275,0.4064
6/4/2021,26.291,0.4794,0.5965,0.5709,0.7264,0.8709,0.838,0.4923,0.8928,0.5855,0.5142,0.5105,0.591,0.4977,0.5051,0.5087,0.4465,0.4447,0.463,0.5124,0.5672,0.5727,0.613,0.5453,0.4593,0.3551,0.4593,0.6861,0.4118,0.4776,0.5453,0.3788,0.4008,0.3569,0.4154,0.4374,0.4227,0.5105,0.3752,1.9134,0.3936,0.5691,0.4502,0.4008,0.5197,0.4593,0.4904,0.6038,0.4538
6/3/2021,19.836,0.4886,0.3572,0.3099,0.5336,0.7727,0.517,0.6602,0.4034,0.3241,0.517,0.414,0.3395,0.3371,0.388,0.4223,0.3821,0.33,0.3454,0.362,0.3963,0.3489,0.3229,0.388,0.3134,0.3667,0.4164,0.4839,0.2957,0.4851,0.3572,0.298,0.285,0.2543,0.2886,0.3383,0.3265,0.4472,0.3146,1.6415,0.3583,0.4105,0.4093,0.3655,0.3324,0.3915,0.3336,0.3418,0.3205
6/2/2021,21.0094,0.4516,0.3735,0.3358,0.5283,0.8341,0.6545,0.3878,0.4308,0.5036,0.3696,0.6714,0.3644,0.3878,0.4412,0.4529,0.4698,0.4021,0.3696,0.4633,0.4802,0.3267,0.4373,0.4724,0.4138,0.3865,0.4386,0.367,0.3202,0.3319,0.4073,0.341,0.3748,0.3436,0.2772,0.3475,0.3839,0.3904,0.4529,1.4919,0.3388,0.3527,0.4243,0.2955,0.4086,0.3332,0.4776,0.3332,0.3683
6/1/2021,24.4135,0.4752,0.3948,0.5951,0.6771,0.6328,0.5409,0.4555,0.8183,0.6706,0.4572,0.6541,0.3554,0.3538,0.3866,0.449,0.3784,0.4178,0.385,0.472,0.4457,0.4999,0.4079,0.577,0.4424,0.3735,0.4802,0.6377,0.3308,0.6148,0.4047,0.3406,0.3718,0.3127,0.3029,0.3833,0.4063,0.4375,0.3965,2.1756,0.4277,0.5672,0.5934,0.49,0.5113,0.4096,0.4441,0.5163,0.5425
5/31/2021,22.0664,0.3791,0.403,0.5493,0.5394,0.7237,0.5268,0.6927,0.6182,0.5324,0.4663,0.5929,0.5324,0.4466,0.3242,0.455,0.3636,0.4058,0.486,0.3931,0.4255,0.4367,0.5057,0.5113,0.4241,0.3003,0.3988,0.5957,0.3383,0.5774,0.3636,0.3833,0.3791,0.3115,0.372,0.3931,0.3959,0.493,0.4339,0.8601,0.2568,0.3425,0.5394,0.4761,0.4508,0.4438,0.3762,0.4002,0.4508
5/30/2021,29.5774,0.6371,0.5659,0.6737,0.9197,1.0729,0.924,0.6392,0.8032,0.9435,0.8032,0.7471,0.6284,0.5594,0.4946,0.6371,0.663,0.4385,0.5702,0.4968,0.486,0.4407,0.4105,0.6586,0.6867,0.4968,0.5443,0.4105,0.4278,0.6586,0.5443,0.322,0.445,0.4342,0.4472,0.3695,0.5486,0.6543,0.4817,1.9999,0.4048,0.5788,0.7428,0.6932,0.5615,0.4774,0.5874,0.4385,0.4083
5/29/2021,26.2913,0.6605,0.5581,0.4996,0.8581,0.816,0.4996,0.7447,0.6624,0.7428,0.6111,0.7904,0.4612,0.5142,0.4502,0.4301,0.4502,0.5252,0.602,0.4612,0.5087,0.3916,0.4246,0.4575,0.399,0.3313,0.4868,0.5069,0.3551,0.7794,0.516,0.3679,0.4392,0.3276,0.3349,0.4447,0.463,0.4154,0.3788,2.1529,0.4247,0.4136,0.3898,0.4831,0.5398,0.6075,0.666,0.388,0.5599
5/28/2021,22.77,0.4842,0.5212,0.496,0.5714,0.5536,0.5241,0.4355,0.657,0.6836,0.5019,0.6142,0.4311,0.4296,0.3365,0.4872,0.3542,0.4842,0.4975,0.372,0.4768,0.4901,0.3587,0.5566,0.4488,0.4089,0.3616,0.626,0.3395,0.3897,0.3794,0.2686,0.307,0.3026,0.3247,0.403,0.3838,0.4,0.4768,1.9052,0.3925,0.3631,0.5034,0.338,0.3587,0.5167,0.4311,0.4251,0.3986
5/27/2021,26.9958,0.5276,0.6625,0.4611,0.9474,1.0614,0.7612,0.9398,0.5903,0.4022,0.6587,0.7137,0.5466,0.4934,0.5352,0.4003,0.5181,0.4174,0.4098,0.5067,0.5181,0.4896,0.4516,0.5808,0.5295,0.4478,0.4269,0.5086,0.387,0.6245,0.4459,0.3699,0.4098,0.4326,0.406,0.4079,0.4231,0.5257,0.4706,2.1992,0.4307,0.6776,0.4459,0.3775,0.5143,0.5903,0.4136,0.4136,0.5238
5/26/2021,36.3856,0.8763,0.6549,0.7542,0.9302,1.5916,0.7372,1.1914,1.2567,0.5272,1.1204,0.882,0.5328,0.7514,0.5186,0.6152,0.6152,0.5868,0.6237,0.7514,0.5896,0.74,0.777,0.7514,0.4448,0.6492,0.6748,0.97,0.4959,0.7486,0.5499,0.5045,0.6095,0.5073,0.5414,0.5839,0.6748,0.8252,0.7514,2.7215,0.4986,0.601,0.6918,0.53,0.5868,0.8536,0.4931,0.7855,0.7173
5/25/2021,45.4228,0.7579,1.0274,0.9862,1.4465,1.3006,0.8889,1.5738,1.4465,0.9675,1.4316,1.6,0.6794,0.7954,0.7355,0.612,0.7243,0.8103,0.6794,0.9525,1.0498,0.6307,0.6906,0.9264,0.728,0.8552,0.8889,0.5596,0.6719,0.9376,0.7093,0.6756,0.4885,0.4997,0.4735,0.7505,0.6943,0.9862,0.9937,3.7039,0.6262,1.1808,0.7767,1.0386,0.99,0.9563,0.8141,0.743,0.9675
5/24/2021,45.3051,0.9575,0.8494,1.1776,1.3604,1.3903,1.5917,0.8717,0.9837,1.2709,1.2746,0.9575,0.6964,0.7374,0.7971,0.73,1.0023,0.868,0.7337,0.7859,0.7859,0.965,0.7412,0.7412,1.1478,0.8717,0.7374,1.2,0.6554,1.3828,0.9538,0.5136,0.4539,0.6181,0.4912,0.5584,0.6516,0.6293,0.9613,3.9173,0.654,0.73,1.0023,1.0918,0.674,0.8046,0.6143,0.8195,0.9016
5/23/2021,46.5965,0.7726,1.0698,0.8768,1.1625,1.6333,0.8846,0.8691,1.1972,0.5758,1.4442,1.1895,1.2435,0.9039,0.9232,0.9618,0.734,0.8768,0.8691,1.0312,0.7225,0.8653,0.8691,0.8884,0.9849,0.8653,0.626,1.367,0.7186,1.174,0.8961,0.5758,0.5218,0.7263,0.5102,0.7379,0.8112,0.7495,1.0698,4.1359,0.6824,1.0814,0.8151,0.707,0.9039,1.0505,0.9154,0.707,0.6993
5/22/2021,46.1273,0.8644,1.1923,0.8034,1.2685,1.5392,1.6117,1.2114,1.6536,1.28,0.8873,1.2685,0.7348,0.8568,0.6051,0.7958,1.0893,0.8835,0.7081,0.9368,0.914,0.6128,0.5823,0.933,1.0627,0.7348,0.8682,1.0474,0.6089,1.2647,0.9711,0.5937,0.4488,0.6585,0.4984,0.4946,0.6776,0.7119,0.7691,4.3306,0.7076,0.6966,0.7119,0.9483,0.8949,0.9063,0.6051,0.8987,0.7843
5/21/2021,40.3758,0.6782,0.9858,0.9955,1.0182,1.8178,1.2286,0.8368,0.9016,0.8563,0.8822,1.2836,0.8822,0.539,0.6555,0.7009,0.6782,0.921,0.5552,0.798,0.8627,0.6717,0.6491,0.8692,0.7591,0.798,0.6135,1.0861,0.5681,0.6588,0.5973,0.6232,0.403,0.4321,0.5617,0.6782,0.6912,0.7138,0.8077,3.8085,0.6398,0.6102,0.8627,0.7009,0.5584,0.7073,0.9178,0.7009,0.6102
5/20/2021,28.2867,0.6475,0.7144,0.6576,0.7793,0.6312,0.684,0.9173,0.5927,0.7103,0.6556,0.4385,0.475,0.5318,0.4547,0.5663,0.5136,0.4791,0.5034,0.4649,0.5643,0.5623,0.5683,0.688,0.7124,0.3574,0.4649,0.5785,0.4466,0.5744,0.4527,0.4629,0.4913,0.406,0.475,0.329,0.4852,0.5156,0.5399,2.2386,0.4358,0.6495,0.615,0.4791,0.5095,0.5075,0.7185,0.5318,0.5095
5/19/2021,37.6762,0.5821,0.7543,0.8225,0.8937,1.6535,1.2142,0.9946,1.0451,0.6415,0.9234,1.3329,1.0035,0.7305,0.6385,0.8552,0.5139,0.6385,0.594,0.7216,0.778,0.5079,0.7097,0.8908,0.6088,0.594,0.5495,0.9026,0.505,1.1846,0.6059,0.5168,0.5406,0.6059,0.4397,0.6237,0.597,0.5406,0.683,2.0209,0.4076,0.9323,0.8047,0.7513,0.7216,0.8611,0.6326,0.7899,0.8166
5/18/2021,37.0895,0.5361,0.5885,0.8154,1.2255,0.9288,1.371,0.8881,0.7252,1.0219,0.7455,0.6205,0.9754,0.5419,0.571,0.5506,0.8299,0.5972,0.7426,0.7485,0.6263,0.6059,0.5361,0.9724,0.6932,0.7397,0.763,0.8619,0.5216,1.1295,0.6728,0.3877,0.5914,0.5186,0.4954,0.603,0.5856,0.8823,0.5216,2.5918,0.4817,0.5216,0.8648,0.7514,0.7106,0.8328,0.9375,0.8445,0.8212
5/17/2021,36.5028,0.9505,0.7253,0.9106,0.9476,1.4008,1.2441,1.1956,0.7111,0.5258,0.6341,1.0559,0.5229,0.6284,0.6797,0.7681,0.6854,0.6199,0.637,0.6484,0.694,0.6341,0.8279,0.845,0.808,0.6997,0.6227,0.7054,0.5201,0.8849,0.6142,0.426,0.5914,0.5429,0.4346,0.5115,0.6199,0.6455,0.4887,3.7058,0.6265,0.4973,0.5543,0.5543,0.6598,0.5315,0.6541,0.5144,0.5971
5/16/2021,29.5776,0.5421,0.7536,0.5615,0.9845,0.7622,0.6673,0.609,1.0341,0.5335,0.609,0.4752,0.6069,0.4191,0.5011,0.568,0.568,0.5119,0.4752,0.5184,0.6867,0.5313,0.5551,0.7169,0.4537,0.4515,0.5227,0.8183,0.4688,0.6716,0.5227,0.4083,0.4666,0.486,0.4731,0.3673,0.5313,0.691,0.6349,2.548,0.4761,0.6155,0.3889,0.5335,0.6953,0.4644,0.7514,0.527,0.4191
5/15/2021,21.3616,0.5087,0.4927,0.3938,0.494,0.6156,0.482,0.4539,0.4232,0.5034,0.3831,0.5528,0.4272,0.4125,0.3831,0.462,0.4286,0.486,0.3952,0.486,0.4352,0.3671,0.327,0.4526,0.4486,0.3511,0.3871,0.3283,0.3484,0.5194,0.4139,0.2602,0.2802,0.3537,0.319,0.3671,0.4032,0.462,0.4272,1.5077,0.3409,0.4927,0.4339,0.3577,0.49,0.3925,0.458,0.474,0.3791
5/14/2021,24.5307,0.4493,0.4973,0.451,0.5684,0.8081,0.7171,0.7403,0.7386,0.5055,0.6808,0.4741,0.5733,0.408,0.4477,0.4047,0.3865,0.4741,0.4774,0.4675,0.5022,0.4014,0.4741,0.375,0.4212,0.3733,0.4345,0.4808,0.365,0.6014,0.4064,0.4262,0.3518,0.3469,0.3766,0.3221,0.4163,0.4973,0.4196,2.13,0.4217,0.5022,0.5899,0.4262,0.3783,0.537,0.3882,0.4609,0.4345
5/13/2021,35.2112,0.5585,0.6837,0.5993,0.8714,1.1789,1.1817,1.0619,1.1272,0.8633,0.8932,0.9177,0.6782,0.6728,0.5612,0.7218,0.5803,0.6211,0.4932,0.8061,0.7735,0.6075,0.7299,0.7191,0.6755,0.4986,0.768,0.5993,0.5476,0.8116,0.681,0.5095,0.4633,0.5367,0.4197,0.417,0.564,0.7708,0.8252,2.9579,0.5293,0.4932,0.4959,0.7299,0.4361,0.6238,0.7,0.7245,0.5313
5/12/2021,42.1367,0.7538,1.0098,0.8221,1.0303,1.4673,1.2556,1.16,1.498,0.6548,1.0918,0.6821,1.0952,0.689,0.6685,0.9655,0.9177,0.9655,0.8938,0.8494,0.846,0.8426,0.9723,0.9279,1.0474,0.6446,0.7265,0.8972,0.6446,0.8869,0.7572,0.3851,0.6616,0.5251,0.5968,0.5661,0.6753,0.5729,0.6821,3.6047,0.6133,0.7163,0.7436,0.5149,0.5729,0.8187,0.6446,0.7743,0.805
5/11/2021,35.3291,0.839,0.5547,0.5247,1.2216,0.8636,0.7132,1.0658,0.9893,0.8062,0.9346,1.145,0.716,0.6504,0.5739,0.8007,0.8034,0.5793,0.6121,0.8089,0.787,0.6723,0.4564,0.6914,0.8499,0.6941,0.6422,1.0193,0.4427,0.6067,0.6203,0.4973,0.4208,0.5848,0.5903,0.3908,0.5575,0.5848,0.6723,2.774,0.5054,0.5192,0.6723,0.8171,0.6968,0.5793,0.6586,0.634,0.4891
5/10/2021,34.038,0.8827,0.6406,0.4869,0.8384,1.0363,0.9348,1.2264,0.7994,0.7499,0.9296,0.7317,0.7135,0.5807,0.5676,0.6536,0.5885,0.6718,0.7213,0.7551,0.6406,0.4817,0.4427,0.776,0.5104,0.4713,0.6432,0.5963,0.4635,0.677,0.5989,0.3932,0.4791,0.3958,0.5338,0.4947,0.5052,0.8228,0.7629,2.9066,0.5226,0.8437,0.6562,0.664,0.5911,0.526,0.8827,0.4973,0.7499
5/9/2021,24.296,0.5056,0.5985,0.5203,0.7941,0.8299,0.7745,0.8772,0.7517,0.6278,0.6604,0.7256,0.3541,0.4779,0.4274,0.4779,0.4356,0.4453,0.4144,0.5219,0.5301,0.5268,0.5073,0.4975,0.4567,0.3671,0.4991,0.4535,0.3492,0.6132,0.4877,0.3182,0.3052,0.3166,0.3883,0.429,0.3736,0.5659,0.3916,0.6152,0.2249,0.4111,0.5513,0.4502,0.517,0.4437,0.5822,0.5301,0.3736
5/8/2021,31.104,0.6542,0.5848,0.7905,0.8089,0.6588,0.9245,0.8759,0.9707,0.6403,0.7419,0.9892,0.6749,0.5733,0.5918,0.6518,0.437,0.6703,0.6149,0.7165,0.6149,0.4878,0.5225,0.4555,0.5594,0.5571,0.6611,0.8552,0.4555,0.8806,0.6472,0.504,0.3584,0.4647,0.4277,0.5225,0.5456,0.6819,0.5733,1.7738,0.3755,0.7674,0.7304,0.4324,0.3815,0.6796,0.5248,0.5502,0.5433
5/7/2021,34.1551,0.5171,0.6662,0.8545,0.9121,1.205,0.7709,0.7839,0.6584,0.7055,0.8258,0.5041,0.8572,0.5982,0.5904,0.7212,0.695,0.5825,0.5878,0.5668,0.7133,0.6192,0.6976,0.7133,0.8205,0.7028,0.5433,0.627,0.4675,0.6662,0.6819,0.3471,0.4884,0.4805,0.5511,0.491,0.6008,0.7264,0.6898,3.1203,0.5504,0.6872,0.7918,0.6218,0.5407,0.6139,0.4596,0.7735,0.7656
5/6/2021,26.1739,0.4138,0.6283,0.4829,0.8736,0.9627,0.641,0.7064,0.5447,0.5792,0.6465,0.7555,0.6337,0.5247,0.432,0.4593,0.4611,0.532,0.581,0.561,0.5847,0.561,0.5483,0.4156,0.4883,0.4702,0.4611,0.3557,0.3902,0.7301,0.5138,0.3629,0.4266,0.4556,0.3066,0.323,0.4193,0.5665,0.4611,1.4743,0.3366,0.4865,0.6301,0.4066,0.4556,0.5847,0.492,0.4992,0.5483
5/5/2021,29.6953,0.7568,0.5138,0.5572,0.7655,0.8414,0.8045,1.1082,0.5919,0.5355,0.7546,0.8392,0.4943,0.555,0.5225,0.6309,0.5572,0.5745,0.4986,0.6678,0.6049,0.4964,0.4661,0.7698,0.5897,0.5008,0.4292,0.8761,0.4791,0.7286,0.5854,0.5094,0.4509,0.4509,0.3619,0.4747,0.4422,0.7025,0.401,1.9677,0.4007,0.4552,0.644,0.5203,0.6939,0.5073,0.427,0.6309,0.5593
5/4/2021,38.8499,0.941,0.8454,0.6634,1.1693,1.3606,1.0212,1.2032,1.4346,1.1477,1.015,0.6418,0.9256,0.5214,0.5955,0.5615,0.867,0.7158,0.9102,0.7096,0.9163,0.5184,0.5523,0.7652,0.6819,0.4443,0.8022,0.7682,0.5523,1.2248,0.5924,0.5214,0.4597,0.5615,0.4351,0.6047,0.6726,0.9225,0.9102,2.3782,0.454,0.6047,0.9564,0.8083,0.7251,0.6232,0.6664,0.7898,0.688
5/3/2021,42.6063,1.0526,0.9384,0.8588,1.2118,1.2221,1.3779,1.2914,0.9626,1.2152,0.7827,0.9384,0.6131,0.8519,0.7446,0.9453,0.7965,0.973,0.5785,0.8761,0.9522,0.6304,0.9591,1.1322,1.0906,0.5023,0.6546,0.7169,0.6235,1.0768,0.7411,0.4816,0.7065,0.5681,0.6823,0.6027,0.6754,0.9799,0.7827,3.4897,0.5984,0.9661,0.5127,0.5612,0.8449,0.7204,0.6235,0.6858,0.8138
5/2/2021,50.1181,0.988,0.9838,1.2112,1.2238,1.148,1.0638,1.1775,1.8893,0.7437,1.3586,1.2112,0.9374,0.8111,0.8237,0.8026,1.009,0.6679,1.0764,1.1901,0.9332,0.8574,1.1733,1.2744,0.6258,0.6847,1.0806,0.7142,0.6047,1.5439,0.9838,0.6468,0.7479,0.7732,0.5836,0.8195,0.7184,1.1438,1.127,3.8904,0.6505,1.2912,1.0975,0.7774,1.0554,1.0343,1.0806,0.8658,1.0217
5/1/2021,52.3475,0.7476,1.1157,0.8807,1.6612,2.0337,1.7942,1.0181,1.4128,1.5503,0.8274,1.1911,1.1556,0.996,0.7432,1.0802,0.7787,0.7299,1.0314,1.1068,0.9117,1.0581,0.7831,0.8541,0.9206,0.7565,0.6722,1.2576,0.7742,1.231,0.9472,0.6013,0.8496,0.8363,0.8629,0.7166,0.7609,0.8984,0.6811,4.9707,0.7908,1.2709,1.2754,1.1512,1.0004,0.8053,0.9649,1.0137,0.8762
4/30/2021,50.7046,1.2813,1.1446,0.8286,1.1062,1.1916,1.7425,1.9218,1.4734,1.2343,1.4307,1.4563,1.0507,0.9097,1.072,0.7688,1.1361,1.1275,0.7133,0.8798,1.0336,0.6492,0.7645,0.9866,0.6962,0.6706,0.6749,1.2599,0.7645,1.2428,0.8072,0.4741,0.5467,0.6407,0.7261,0.7987,0.9311,1.166,0.9567,4.7625,0.7638,0.7987,1.0336,0.9524,1.0549,1.0464,0.7218,0.662,0.6492
4/29/2021,41.5498,0.6934,0.9484,0.69,1.512,0.9383,0.9182,1.4818,1.1463,1.1664,0.9249,1.1832,0.8511,0.5525,0.6565,0.5894,0.9618,0.5659,0.888,0.7873,0.7471,0.6263,0.8645,0.7303,0.8477,0.5022,0.8511,0.9886,0.6229,1.2906,0.6196,0.4049,0.6833,0.4787,0.5927,0.4619,0.7672,0.6498,0.5995,3.896,0.6512,0.7404,1.0054,0.9719,0.4955,0.6733,0.5558,0.8578,0.9182
4/28/2021,41.1971,0.9103,0.8771,0.5484,1.2423,1.1327,0.9734,1.2954,1.136,1.1858,1.0099,0.8373,0.5285,0.6845,0.6049,0.8738,0.6679,0.7974,0.6746,0.8339,0.9136,0.6248,0.8804,0.6978,1.0032,0.5318,0.6414,0.8373,0.6447,1.0132,0.6845,0.4256,0.5318,0.4256,0.5318,0.4621,0.6082,0.7974,0.5551,4.0478,0.6709,0.6679,0.8306,0.9136,0.9203,0.9003,1.0497,0.7343,0.8373
4/27/2021,35.4462,0.7677,0.7897,0.8391,0.8912,1.5307,0.8967,0.7238,1.1767,1.1575,0.7128,0.7815,0.6387,0.4905,0.529,0.6333,0.7677,0.765,0.5097,0.6305,0.5839,0.787,0.5839,0.5399,0.894,0.5043,0.4878,0.8062,0.5619,0.754,0.6662,0.4164,0.5619,0.4658,0.3945,0.5207,0.6195,0.4878,0.636,2.7998,0.5088,0.6909,0.8391,0.5866,0.8391,0.6552,0.7677,0.625,0.6305
4/26/2021,31.8078,0.6452,0.7285,0.7309,1.0523,1.2404,1.038,1.0595,0.619,0.4547,0.9166,0.7023,0.4524,0.4619,0.6738,0.5762,0.6547,0.6381,0.7666,0.5476,0.6976,0.4547,0.7047,0.4643,0.5809,0.4952,0.5524,0.5,0.4595,0.7166,0.5928,0.55,0.4357,0.5095,0.3857,0.3714,0.5904,0.5833,0.5857,2.4949,0.4692,0.4524,0.5047,0.5857,0.4,0.6881,0.7523,0.6762,0.5952
4/25/2021,27.4652,0.6299,0.665,0.7,0.8207,0.8616,0.9336,0.9336,0.6046,0.7214,0.7058,0.8246,0.482,0.4995,0.3788,0.4431,0.4041,0.6183,0.41,0.5579,0.4509,0.4061,0.5813,0.7097,0.6708,0.4411,0.5599,0.445,0.371,0.7195,0.4742,0.2912,0.4158,0.4139,0.3146,0.4606,0.4859,0.593,0.6105,0.904,0.2625,0.6397,0.7156,0.6397,0.408,0.517,0.593,0.5871,0.5891
4/24/2021,36.7373,0.5517,0.6897,0.8736,0.8219,0.8391,0.773,1.296,1.184,0.592,0.7759,1.1437,0.8104,0.5374,0.6954,0.6552,0.6839,0.6868,0.6897,0.7615,0.6609,0.638,0.4397,0.8334,0.6782,0.7127,0.7041,0.4943,0.4971,0.9512,0.6092,0.5374,0.5259,0.6063,0.4052,0.5776,0.5719,0.7041,0.6638,4.2283,0.6944,0.796,0.4828,0.569,0.5862,0.5747,0.7156,0.6408,0.5776
4/23/2021,32.2771,0.6498,0.7954,0.5333,0.8464,1.2737,0.8634,0.9314,0.6692,0.5235,0.6546,0.6158,0.492,0.509,0.5138,0.5818,0.5624,0.6692,0.6546,0.6619,0.7008,0.4507,0.6085,0.6619,0.5915,0.5502,0.6886,0.4968,0.4337,0.8149,0.5333,0.526,0.4167,0.4531,0.3852,0.3876,0.5988,0.475,0.4798,3.3595,0.5815,0.4944,0.7348,0.6959,0.6571,0.5842,0.6668,0.6449,0.6037
4/22/2021,37.911,0.7858,0.6722,0.7619,0.9174,1.6443,1.1866,1.3541,1.2076,0.9743,0.9204,1.1597,0.9802,0.5525,0.5585,0.7978,0.7858,0.6034,0.6871,0.7978,0.6811,0.6752,0.7709,0.6572,0.4628,0.6572,0.5525,0.7798,0.4688,0.714,0.6333,0.4119,0.5106,0.6333,0.5705,0.5525,0.6931,0.7021,0.8905,2.79,0.5075,0.5047,0.8427,0.5645,0.5106,0.7798,0.741,0.8068,0.4987
4/21/2021,38.1459,0.5495,0.9113,0.7153,1.068,1.7041,1.1916,1.053,1.3152,1.2278,0.8932,0.7756,0.8118,0.7756,0.7636,0.5465,0.8932,0.7997,0.7334,0.8058,0.6249,0.7967,0.5344,0.6008,0.6339,0.6128,0.7093,0.9866,0.4802,0.8178,0.7425,0.6309,0.4862,0.441,0.4259,0.5827,0.5797,0.7214,0.5525,2.0182,0.4072,0.8932,0.7786,0.7214,0.8269,0.6761,0.9957,0.8661,0.4681
4/20/2021,41.5495,0.68,0.888,0.8209,1.096,0.9953,1.2704,0.9048,1.3778,1.0859,1.1128,0.8511,0.8846,0.8444,0.5558,0.6162,0.9014,0.9081,0.8343,0.7404,0.6531,0.7169,0.586,0.8779,0.9651,0.4955,0.8578,1.2503,0.5558,0.9618,0.6431,0.6733,0.6129,0.4686,0.5391,0.4988,0.6297,0.8309,0.6632,4.2671,0.6994,0.6431,0.7169,0.8913,0.8175,0.6129,0.794,0.6431,0.6162
4/19/2021,52.3478,1.3241,1.3286,0.8718,1.4528,2.4151,1.0181,2.0648,1.9228,0.823,0.9871,0.9915,1.3907,0.9073,0.6944,1.0581,1.2177,0.8452,1.0403,1.1113,1.1734,0.823,1.129,1.0891,0.8008,0.5924,0.6722,1.1601,0.8008,0.7609,0.894,0.517,0.5348,0.7166,0.5214,0.7742,0.8541,0.8541,1.2399,3.9542,0.6587,1.333,0.721,0.8895,1.2488,0.9028,0.9694,1.1556,1.1423
4/18/2021,59.3905,0.9992,0.9992,1.5542,1.3075,2.6385,1.1945,2.176,1.4977,1.657,0.8399,1.1996,1.4052,1.0352,0.917,1.03,1.3024,1.0506,1.2304,1.1945,1.3795,0.9221,0.9581,1.0352,0.8142,1.066,0.8193,1.3229,0.7474,1.8677,1.0403,0.6138,0.6343,0.7988,0.9478,0.9581,1.0866,1.3641,1.4052,5.4925,0.8586,0.8604,0.7988,1.3486,1.4052,0.8193,0.8039,1.1482,0.845
4/17/2021,57.982,1.1813,1.4612,1.5612,1.6711,1.986,1.3912,1.1363,1.5512,1.5462,1.5762,1.6611,1.4012,0.7714,1.0663,0.9214,1.2213,0.7614,1.3462,1.3262,0.9564,0.7415,1.0813,1.2863,0.9264,0.9814,0.7465,1.5961,0.7315,1.4362,1.0763,0.8864,0.9864,0.8364,0.6965,0.6565,0.8214,1.1513,0.8514,4.5371,0.7345,0.9264,1.2063,0.7764,1.2813,1.2713,0.7265,1.2763,1.2613
4/16/2021,44.9535,0.6212,1.0535,0.8355,1.4416,1.3233,0.9575,1.3492,1.109,1.3566,1.4305,0.769,0.7062,0.7653,0.7986,0.6249,1.0572,1.0314,0.6101,0.9796,0.6951,0.7912,0.5695,0.891,0.7912,0.7357,0.6692,1.0425,0.5879,1.3159,0.6766,0.4845,0.6803,0.6766,0.4992,0.6508,0.8023,1.024,0.9205,3.4306,0.5907,1.1164,0.8946,1.0388,0.9907,1.0388,0.9316,0.8355,0.7616
4/15/2021,49.6485,1.1579,1.3078,1.1162,1.3953,1.7618,1.1371,0.9288,1.691,1.2329,0.9205,1.2703,1.1746,1.0205,0.8997,0.9746,0.9996,0.7039,0.6831,1.1621,1.0663,1.0954,1.1079,1.0996,0.9955,0.9955,0.9913,1.1287,0.6206,0.7123,0.7164,0.6873,0.4707,0.8122,0.654,0.7497,0.7706,0.9122,0.7331,4.1549,0.6848,0.9705,0.629,0.6456,0.958,1.1412,1.1121,0.8664,0.629
4/14/2021,59.5079,0.8466,1.202,0.8517,1.5265,2.1961,1.1093,1.1093,1.8819,1.5316,1.5574,1.9643,1.2174,1.0732,1.1556,0.7642,0.7848,1.0011,1.032,1.2998,1.4028,1.1196,0.9908,1.2277,0.8363,1.2329,1.2895,1.7222,0.7229,1.7634,0.8929,0.9805,0.6096,0.8054,0.7487,0.9702,1.0835,1.4389,1.4131,5.2084,0.8217,1.3925,0.929,0.9702,0.6714,1.0784,1.1041,1.1402,0.8363
4/13/2021,59.39,1.0454,1.4309,0.9581,1.7032,1.4668,1.2407,2.176,2.0321,1.251,1.2253,1.3846,1.5028,1.1174,0.8656,0.9786,1.1996,1.2099,1.2356,1.0095,1.4052,1.1225,1.0146,1.1996,1.1431,1.1379,0.7525,0.8861,0.7577,1.0917,1.0095,0.9427,0.5624,0.6703,0.8604,0.9684,1.0814,0.9015,1.2356,5.0513,0.8013,1.3127,1.0454,1.1225,1.4257,1.4052,0.9786,1.3589,1.1122
4/12/2021,51.1741,0.7279,0.9049,1.1251,1.4101,2.1959,1.069,1.0474,1.7641,1.423,1.4705,0.7452,0.9352,0.9395,0.9265,0.7495,0.7409,0.8359,0.9654,0.879,0.9308,0.9265,0.9179,1.2892,1.0517,1.0172,0.8272,1.0172,0.7236,0.9568,0.9783,0.443,0.8575,0.5984,0.7711,0.6243,0.81,0.9827,1.1079,5.26,0.8284,1.2633,1.0129,0.5898,0.8661,0.9611,0.9006,1.1122,0.6934
4/11/2021,44.3666,0.7885,1.0176,1.0031,1.374,1.6541,0.8358,1.1413,1.3631,0.9813,1.0904,1.3449,0.8213,0.5703,0.654,0.7922,0.6431,0.894,1.0358,0.8394,0.8394,0.7194,0.6067,0.7849,1.0395,0.6067,0.7231,1.3013,0.6103,1.1195,0.9231,0.7449,0.7376,0.5776,0.4503,0.5158,0.6431,0.9849,0.9522,3.9935,0.6639,0.7122,1.0431,0.7013,0.8467,0.6212,0.8031,0.7122,0.5449
4/10/2021,41.315,0.8829,0.6697,0.6264,0.9829,0.9329,0.7763,1.5925,1.5059,0.8596,0.6764,0.8463,0.9029,0.853,0.5831,0.5731,0.8863,0.5898,0.8763,0.9496,0.8863,0.6397,0.5798,0.7297,0.8496,0.7197,0.7463,1.1728,0.5531,0.7697,0.7164,0.5498,0.5131,0.6964,0.5165,0.6564,0.7264,0.9296,0.7797,4.3947,0.716,0.8829,0.4965,0.9762,0.8396,0.5831,1.0095,0.5598,0.5598
4/9/2021,33.6857,0.5006,0.7112,0.5699,1.0785,0.9629,1.1273,1.0759,1.2044,0.5597,1.0169,0.5905,0.5648,0.4877,0.4929,0.5134,0.7883,0.4826,0.5391,0.534,0.5802,0.7138,0.4441,0.7497,0.6804,0.4646,0.4389,0.855,0.4954,1.0246,0.534,0.4107,0.5648,0.3876,0.4826,0.5648,0.5776,0.6341,0.4415,3.8243,0.6419,0.6239,0.4672,0.5442,0.4492,0.534,0.7934,0.5057,0.4569
4/8/2021,50.1178,1.3333,0.7605,1.0638,1.7545,1.4428,1.7756,0.9795,1.0764,0.7016,0.7858,1.6661,0.651,1.009,0.6426,0.8532,0.7058,1.0174,1.1227,1.0596,0.9753,0.8658,0.988,1.2702,0.8111,0.6552,0.9248,0.7942,0.63,1.1059,0.929,0.6974,0.5036,0.7563,0.8111,0.8111,0.8448,1.009,0.7858,5.2994,0.8335,1.0385,1.2154,0.8869,0.9964,0.8321,0.6721,1.0174,0.7563
4/7/2021,50.9393,0.858,1.0727,1.034,1.2101,1.2917,1.4849,2.0259,1.4463,0.8108,0.9739,1.2659,0.9782,0.6905,0.712,1.0126,1.0297,0.7034,0.8537,0.8108,1.1027,1.107,0.9396,1.034,1.0469,0.7077,1.0555,0.8923,0.6648,1.3819,0.7936,0.712,0.8236,0.5317,0.5617,0.7206,0.8923,0.9267,1.1929,5.1677,0.8164,1.0985,0.6004,1.2015,0.6476,1.1156,0.8666,0.9396,1.1328
4/6/2021,45.0712,0.7413,1.0008,1.0638,1.2009,1.2862,1.2084,1.4493,1.1639,1.3715,1.39,0.6857,0.6338,0.6894,0.8191,0.7227,0.7857,0.7264,0.6078,1.0378,0.8562,0.6894,1.0675,1.0267,0.7413,0.6004,0.8191,1.3715,0.5967,0.9674,0.7153,0.6857,0.4484,0.6449,0.5893,0.4632,0.782,0.6968,0.9933,3.9987,0.6645,1.1009,0.9489,0.9971,0.6857,0.6597,0.7895,1.023,0.8636
4/5/2021,47.1838,0.9268,1.0483,1.0209,1.1541,1.1933,1.1149,1.7497,1.2599,0.8485,1.1384,1.5107,1.1737,0.9464,0.6094,0.9386,0.6996,0.8445,0.7309,0.7936,1.0326,0.6917,0.9582,0.9895,0.6761,0.727,0.7074,0.7818,0.6134,0.8093,0.8798,0.7936,0.7035,0.4801,0.727,0.6565,0.7427,0.5938,0.8485,5.2227,0.8236,0.9151,0.8681,1.0169,1.0836,0.8054,0.7074,0.8249,0.8014
4/4/2021,44.7187,0.8496,0.9304,0.6587,1.2976,1.1434,1.5803,1.6574,0.879,1.4555,0.9488,0.9598,0.7909,0.5963,0.5999,1.0149,0.633,0.9378,0.8166,0.9267,1.0002,0.7652,0.5522,0.6183,0.8349,0.7432,0.611,1.2352,0.5999,1.0626,0.7358,0.5596,0.4714,0.5926,0.5559,0.5082,0.6624,0.6183,0.9745,4.9794,0.7919,0.7101,0.9818,0.7395,0.5118,0.9708,0.9121,0.7358,1.0075
4/3/2021,30.5168,0.7003,0.4751,0.6665,0.7634,1.324,0.7003,1.1146,0.8242,0.5022,0.4932,0.8624,0.5089,0.572,0.5404,0.4526,0.5945,0.4414,0.4414,0.5067,0.617,0.6305,0.572,0.7251,0.4279,0.4684,0.4887,0.5945,0.4864,0.8219,0.5202,0.5179,0.3378,0.4571,0.4189,0.3626,0.5449,0.5967,0.5922,2.8768,0.5188,0.4864,0.4706,0.7228,0.5517,0.5089,0.563,0.6508,0.5022
4/2/2021,26.0565,0.5946,0.526,0.4736,0.6542,0.7174,0.5386,0.7968,0.8167,0.7607,0.7824,0.7896,0.6524,0.4267,0.4628,0.479,0.4863,0.4953,0.4953,0.4592,0.5296,0.405,0.4989,0.5946,0.6072,0.4285,0.4845,0.4899,0.3996,0.544,0.5061,0.3779,0.4303,0.4285,0.3436,0.3256,0.4285,0.5459,0.3743,1.4978,0.3396,0.5802,0.5152,0.396,0.4899,0.4845,0.6181,0.5097,0.4754
4/1/2021,28.8735,0.7052,0.6655,0.7031,0.6948,0.8325,0.5737,0.7929,0.9766,0.7177,0.532,0.9807,0.6635,0.5674,0.5153,0.6405,0.4631,0.5027,0.4526,0.5716,0.5758,0.4652,0.365,0.5445,0.5633,0.4234,0.5361,0.7803,0.4234,0.8534,0.534,0.3838,0.4485,0.4401,0.4881,0.4944,0.461,0.4171,0.6363,1.5873,0.3512,0.5466,0.7428,0.6676,0.5674,0.4923,0.4338,0.6614,0.438
3/31/2021,25.8218,0.4607,0.6193,0.6193,0.7031,0.9187,0.5338,0.6069,0.6639,0.4572,0.4465,0.5481,0.6389,0.5053,0.4572,0.4892,0.3984,0.4251,0.5338,0.4999,0.5053,0.4162,0.5659,0.589,0.4411,0.4465,0.3609,0.6532,0.3805,0.5677,0.5338,0.4483,0.3199,0.2968,0.3502,0.4215,0.4037,0.5534,0.4126,2.4048,0.4574,0.4215,0.4037,0.4857,0.4518,0.3894,0.598,0.4696,0.5481
3/30/2021,32.9816,0.5514,0.7712,0.7337,0.7387,1.3858,0.7013,1.0185,1.0185,0.6588,0.5214,0.7637,0.8587,0.5689,0.6688,0.6263,0.5539,0.5714,0.7038,0.5689,0.5839,0.5264,0.434,0.6838,0.4889,0.404,0.4215,0.7887,0.419,0.8537,0.5939,0.4165,0.349,0.5539,0.3565,0.419,0.4989,0.6388,0.7188,3.2243,0.5639,0.5639,0.4889,0.459,0.7462,0.7362,0.6488,0.7662,0.6513
3/29/2021,38.3803,0.5555,0.5981,0.9657,1.3242,1.1783,1.4335,0.835,1.2604,1.0659,1.2057,0.9657,0.6801,0.516,0.6041,0.7044,0.5738,0.5707,0.6801,0.8776,0.595,0.5221,0.8047,0.8988,0.9262,0.7378,0.674,1.0963,0.5403,0.7439,0.6923,0.513,0.5343,0.4006,0.4401,0.6254,0.6558,0.6436,0.6406,2.9011,0.5219,0.6163,0.6892,0.8563,0.5282,0.7773,0.8563,0.8107,0.5434
3/28/2021,51.9959,0.7342,1.2534,0.743,1.2226,1.1742,1.6009,1.6449,0.9718,0.765,1.5041,0.9322,1.0378,0.8574,1.1214,0.8926,0.8178,1.1654,1.1962,0.9498,1.1082,0.9322,0.8838,0.985,0.7562,0.9146,0.8266,0.699,0.7958,1.0554,0.7694,0.5934,0.677,0.5934,0.6066,0.589,0.9542,1.1962,0.6814,6.895,1.0408,1.3062,1.2402,0.985,0.7738,0.743,0.985,1.1522,0.6726
3/27/2021,54.3433,1.1723,1.214,1.0008,1.5616,1.4272,1.937,1.6728,1.5153,1.6775,1.5987,1.1677,1.2928,1.0843,0.9267,0.9221,1.0101,1.2882,1.0889,0.9221,1.1538,0.8386,0.9545,0.7969,0.7691,0.5884,0.9869,0.7228,0.8294,0.9916,0.9823,0.644,0.7321,0.4957,0.8943,0.5699,0.9267,0.7042,1.1769,5.3673,0.8423,0.8711,1.0518,1.2372,0.9916,0.783,0.7413,1.1028,1.1167
3/26/2021,56.6903,0.7753,1.3937,1.3742,1.6858,2.6596,2.1679,1.3645,2.0364,1.3401,1.6274,1.3304,1.4472,0.8873,0.8532,1.1989,1.1502,0.8386,1.3888,1.0577,1.0285,0.7461,1.2281,0.897,0.897,0.6633,0.7996,1.2963,0.7704,1.0528,1.1405,0.9262,0.6633,0.7802,0.5708,0.6584,0.785,1.3791,1.306,3.2822,0.5714,1.4813,1.3498,0.8678,1.2379,1.3547,0.9165,0.785,0.6779
3/25/2021,49.2964,1.0091,1.2073,0.6664,1.4964,1.1,1.484,1.3353,1.8639,0.6705,1.5418,1.0752,0.6994,0.9554,0.6457,0.9224,0.7985,0.6994,0.9513,0.9183,1.0256,0.9183,0.72,0.8481,0.5796,0.91,0.8274,0.6251,0.7572,1.1454,0.8563,0.4888,0.6085,0.5961,0.8109,0.5838,0.8233,1.1,1.0587,4.7315,0.7597,1.0711,1.228,1.0132,1.0917,1.0174,1.1289,0.8357,1.0958
3/24/2021,58.3336,1.1381,1.3847,1.3294,1.8931,1.3797,1.1935,1.9233,1.1733,1.3193,1.5357,1.6465,1.3243,0.7556,1.0425,1.1431,1.0274,1.2639,0.7707,0.9519,1.2237,1.1381,0.9972,0.9368,0.7757,0.8814,0.826,1.425,0.7656,1.4653,0.8462,0.4838,0.5291,0.6348,0.7354,0.6247,0.9619,1.0223,1.0576,7.4678,1.1152,0.7254,1.123,0.9519,0.6549,0.8814,1.3394,1.3545,1.1935
3/23/2021,56.9254,1.1941,0.9446,1.3507,1.6295,1.5904,2.0503,1.791,1.7225,1.2332,1.2186,1.561,1.3164,1.0914,0.8223,1.2528,0.7978,1.0767,0.9935,1.0571,1.106,0.744,1.3507,0.8712,1.3458,0.9739,0.8761,0.7978,0.6853,1.4338,1.0326,0.6706,0.9348,0.7195,0.5581,0.8565,0.9054,1.0816,0.8418,4.895,0.781,1.4485,0.7244,1.0962,1.3409,0.9593,1.336,1.0375,0.8272
3/22/2021,66.6671,1.2109,1.0819,1.7331,1.6744,3.0179,2.0734,2.6307,2.0264,1.2051,1.2168,1.4045,1.604,0.8824,1.164,1.1816,1.2637,1.1523,1.1405,1.5336,1.3459,1.3752,1.5043,0.9528,1.604,0.9469,0.8707,2.0968,0.8296,1.0643,1.2227,0.8355,0.9939,0.8003,0.7005,0.8824,1.0995,0.9821,1.1229,5.8365,0.9033,1.1112,1.4339,0.7592,0.8824,1.3811,1.4515,1.428,1.0525
3/21/2021,71.8317,1.3348,1.239,1.1433,2.4199,2.5923,1.4752,2.8029,2.4455,2.254,2.3242,1.7752,1.7305,1.2582,1.3093,1.2582,1.5454,1.6539,0.9773,1.0986,1.2071,1.6093,1.2518,1.5454,1.4178,0.7412,1.2582,2.2731,0.8433,2.3306,1.4816,0.6837,0.7284,0.9454,0.8369,1.1241,1.2965,1.1752,1.1305,4.2115,0.6922,1.4433,1.8263,1.6859,0.9709,1.3412,1.1305,0.9709,1.0412
3/20/2021,70.8925,1.827,1.2924,1.1289,2.0723,2.4622,2.1352,1.8082,2.3994,1.0597,2.1352,1.783,1.8585,1.4245,1.2862,1.5251,1.0472,1.5063,1.261,1.349,1.1541,1.0723,1.3931,1.0597,1.8145,1.3302,1.3742,1.0723,0.8774,2.1415,1.1918,0.8396,0.7893,0.6258,0.9528,0.9402,1.0346,0.8522,1.1918,7.2134,1.0822,0.9214,0.9717,0.8019,1.1729,1.7075,1.4811,1.6006,0.8711
3/19/2021,69.4841,1.8083,1.7898,1.7222,2.1649,1.962,2.6691,1.9067,1.3656,2.005,1.5931,1.673,1.6115,0.8983,1.0766,1.4578,1.4701,1.1074,0.9291,1.3349,1.1012,1.4271,0.8184,1.2426,1.341,1.3287,0.9783,1.5624,1.0213,1.9559,1.1566,0.6401,0.6585,0.6708,0.7631,1.0766,1.1873,1.0643,1.2611,7.6215,1.1352,1.4517,0.9106,0.9598,1.3041,0.9537,0.966,1.4025,0.9783
3/18/2021,51.2917,1.1234,1.2533,1.0671,1.8291,2.1321,1.6386,1.5174,1.8334,1.6689,0.9892,1.5477,1.1364,0.8334,0.9459,0.855,0.7338,1.1927,0.8983,1.0758,0.8334,0.9849,1.0498,0.7035,1.3225,1.0455,0.6429,1.3485,0.7165,0.8766,0.868,0.7814,0.526,0.7814,0.7771,0.5173,0.9199,1.0541,0.7771,2.1245,0.421,1.0109,1.3745,0.6385,0.6039,0.9979,1.0801,1.1754,1.0671
3/17/2021,53.2868,1.1766,1.3622,1.172,1.7472,1.806,1.0407,1.8332,1.4755,1.5389,1.4166,0.8143,1.009,0.9773,0.9547,0.8097,1.1584,0.9456,1.0181,0.9456,1.1403,1.0226,0.8414,0.8596,0.9909,0.8777,0.6965,0.9003,0.769,0.9682,0.9547,0.7463,0.7645,0.5425,0.6467,0.8188,0.9184,1.0045,0.8731,5.0323,0.7988,1.2988,1.326,0.7011,0.7554,0.8822,1.1177,1.1313,0.7056
3/16/2021,52.6999,1.159,1.1635,0.7031,2.0083,1.7267,1.0964,1.302,1.2931,0.8774,0.7656,1.6284,0.9087,1.0026,0.9444,1.0338,0.6941,0.6941,0.8997,1.2082,0.8506,0.8729,0.8729,1.4049,0.6718,1.0026,0.7969,1.0428,0.6941,1.4227,0.94,0.7925,0.56,0.5243,0.5377,0.8729,0.7656,1.2886,0.8327,5.717,0.8878,1.3155,1.387,0.6315,0.9981,0.7388,1.3423,0.8372,0.9891
3/15/2021,69.4841,1.3164,1.3472,1.3164,1.9927,2.6199,2.1956,2.5707,2.4662,2.1895,1.3226,1.1812,0.9106,0.886,1.464,1.4517,1.587,1.009,1.2426,1.63,1.6669,1.4332,1.3718,0.886,1.175,1.3718,1.4025,1.0397,0.8245,1.2057,1.4824,0.6155,0.8,0.7323,1.0828,1.1627,1.0459,1.1012,1.6238,4.4872,0.728,1.7591,1.8759,1.5624,1.2549,1.5562,1.6177,1.0029,0.9168
3/14/2021,59.7424,1.5999,1.0204,1.5844,1.8586,1.5844,2.0139,1.6775,1.1084,1.9,1.5534,1.8328,1.455,0.9738,1.2222,0.8652,1.2326,1.0101,1.1446,1.3257,1.2222,0.7721,1.2067,1.424,1.1342,1.1291,1.2843,1.4344,0.8134,1.393,1.2377,0.9997,0.741,0.7048,0.5651,0.6168,1.0101,1.2998,1.0308,2.8181,0.5111,0.9842,1.6103,1.0929,1.0773,0.9118,1.186,1.2429,1.3257
3/13/2021,64.085,1.552,1.3837,0.935,2.3259,1.4791,1.3893,1.7875,2.1857,1.0752,1.2267,1.0192,1.2884,1.2828,1.064,1.0809,1.2996,0.8397,1.4678,1.3108,1.0809,1.3445,0.8677,1.6529,1.6305,1.2603,1.1706,1.7819,0.8733,0.9406,1.1818,1.0528,0.7556,0.6714,0.6826,0.8341,0.9182,0.9294,1.2828,7.2547,1.0876,1.0023,0.9631,1.2435,0.9406,1.5071,0.8116,1.0865,1.2828
3/12/2021,57.6297,1.3876,1.4124,1.3528,2.1568,2.5439,1.2982,1.7697,1.1295,0.8069,0.8913,1.2635,1.0302,0.7672,0.7672,0.9955,1.0203,0.8516,1.2139,0.9756,1.0401,0.8615,0.7225,1.5513,1.3131,1.1344,0.9409,0.9012,0.792,1.7995,1.1344,0.8119,0.8069,0.787,0.5587,0.8516,0.8416,0.8317,0.8615,6.25,0.957,1.1642,1.0451,1.0104,1.0947,1.3776,0.8516,0.7573,0.9459
3/11/2021,58.8035,1.1675,1.1421,0.9846,1.4926,1.9651,2.0464,1.9651,1.5079,0.9592,1.9041,1.7416,0.883,0.9084,0.7661,1.1472,0.9846,1.3402,1.01,1.3402,0.9897,0.883,1.3504,1.3809,1.1675,0.7814,0.8271,1.1827,0.8728,1.1116,1.2539,0.5223,0.7204,0.8576,0.8881,0.9389,0.8576,1.0405,1.0913,5.054,0.8016,0.9948,1.5028,1.2234,1.2894,1.2691,0.7306,1.2539,0.7103
3/10/2021,62.4418,0.9615,1.3971,1.3372,1.7564,1.3698,2.2627,1.9251,1.7618,1.065,1.9524,2.2627,1.4243,1.2446,0.9942,1.2882,1.3698,1.3263,0.9397,1.4025,1.3916,0.7982,1.0595,1.6475,0.7873,0.8036,0.9452,1.4733,0.7274,1.7128,1.1847,0.9833,0.8635,1.0051,0.6784,0.6566,1.0051,1.5277,0.9833,3.5009,0.5998,1.4188,1.6475,0.8907,1.1194,1.2555,1.544,0.9833,1.2065
3/9/2021,73.8269,1.187,1.2989,1.8453,2.3455,2.5496,2.8195,2.5693,2.9248,2.4969,1.9901,2.5628,1.3121,1.029,1.345,1.0158,1.4898,1.3647,1.5293,1.6741,1.391,1.424,1.3713,1.628,0.9961,1.345,1.5095,1.3647,0.8644,2.2139,1.187,1.0882,0.7657,1.1936,1.0685,0.6999,1.2594,1.7333,1.3713,1.8445,0.3847,1.9374,1.8913,1.4371,1.3647,1.4964,1.6873,1.1014,0.8578
3/8/2021,69.0149,1.8324,1.3626,1.3015,1.7958,1.448,1.7714,2.6134,1.6127,2.3205,1.1307,0.9965,1.2161,1.1673,1.2771,1.4602,1.3992,1.0087,0.9355,1.2405,1.2649,1.2527,1.271,0.8866,1.2161,0.7158,1.332,1.9239,1.0148,1.8995,1.1368,0.8622,0.9904,0.606,0.8744,0.8683,1.0636,1.0331,1.5883,8.0829,1.1952,1.3198,1.3015,1.0026,1.3565,1.5334,1.3931,1.0575,1.0819
3/7/2021,75.8221,1.5163,1.089,1.7266,1.713,1.6791,2.1539,2.2556,1.9504,2.0114,1.9165,1.1569,1.557,0.9738,1.5163,1.2586,1.4485,1.3807,1.7198,1.5909,1.4214,1.5231,1.4553,1.4892,1.3196,1.2993,0.8924,2.337,1.1365,1.0619,1.5977,0.7092,1.1501,0.8449,0.7771,0.8313,1.2722,1.808,1.1094,8.57,1.2584,1.0348,2.1335,1.184,1.2111,1.3671,1.6655,1.5909,1.1569
3/6/2021,70.8926,1.217,1.739,1.1226,2.4748,1.6761,1.7264,2.2799,1.8082,1.827,1.0157,1.9214,0.8836,1.456,1.5,1.2358,1.2484,1.0346,1.6446,1.5251,1.2547,1.3742,1.3616,1.1352,0.9843,1.4245,1.5503,1.0597,0.9717,1.8585,1.1415,0.695,0.7138,1.0409,0.7138,0.934,1.2484,1.5818,1.6069,7.2635,1.0887,1.3679,1.1478,0.9968,1.6321,1.4245,1.1541,1.3868,1.4434
3/5/2021,64.6717,1.0224,1.2718,1.6741,2.1955,2.3655,2.2692,2.4505,2.3089,1.2038,2.1105,1.2548,1.7138,1.0281,1.1754,1.2151,1.4928,1.5325,1.0224,1.3794,1.4645,1.2434,1.4134,0.9147,1.5608,1.1131,1.0054,0.9431,0.9771,1.0167,1.0451,0.7617,0.7731,1.0677,0.8864,1.0167,0.9601,1.2661,1.1924,3.6073,0.6137,1.0224,1.3284,0.9147,1.2264,1.2888,1.5948,0.9601,0.8071
3/4/2021,59.5075,0.9444,1.238,1.1041,1.4389,1.5419,1.5471,2.16,2.3145,1.1659,1.3101,1.4286,1.2277,0.7951,1.0011,1.2535,1.2535,1.3307,1.1556,1.135,1.3977,0.8105,0.8311,1.4801,1.4904,0.6972,0.929,1.4235,0.7539,1.7428,1.2689,0.7075,0.7126,0.5839,0.8002,0.7951,0.929,1.3153,0.759,5.7326,0.8898,1.1762,0.9238,0.9547,0.8002,1.2277,1.1711,1.0784,0.7796
3/3/2021,50.1175,1.0596,0.8532,0.6721,1.6703,1.2238,1.8303,1.6618,1.2996,1.5144,1.506,1.3839,1.1859,0.7437,0.7774,0.6763,0.9543,0.8658,0.8742,0.7942,1.1691,0.7647,0.988,1.0933,0.9964,0.5878,0.9669,1.148,0.6889,0.9753,0.9585,0.5457,0.4741,0.491,0.6426,0.651,0.8069,1.089,1.0722,3.7972,0.6384,1.1227,1.1438,0.9711,1.0511,0.9079,0.7479,1.0006,1.0806
3/2/2021,42.8407,0.6753,0.8983,1.0621,1.0098,1.4174,1.5603,1.407,1.1492,0.8948,1.0098,1.306,1.0516,0.6475,0.7381,0.7555,0.9366,0.9436,0.759,0.7903,0.9924,0.7868,0.6022,0.853,0.6997,0.6719,0.6405,0.6231,0.6544,0.867,0.853,0.529,0.6335,0.6266,0.7102,0.5813,0.7346,0.6126,0.86,3.5246,0.6029,0.8077,0.7067,1.0203,0.9436,0.853,0.5848,0.5952,0.6579
3/1/2021,65.6105,1.6645,1.0308,1.6588,1.4802,1.8086,1.6069,1.1115,2.2522,1.6069,1.4168,1.9238,1.7394,1.0654,1.1691,1.4744,1.5032,1.5608,1.4168,1.4341,1.0193,0.9271,1.486,1.0078,1.4341,1.3362,1.1979,1.3419,0.9329,1.774,1.0366,0.6276,0.9905,1.0366,1.0366,0.6909,1.0251,1.002,1.2901,5.8415,0.9039,1.002,1.1345,0.8177,0.7485,1.5032,1.002,1.4917,1.0481
2/28/2021,67.841,1.1062,1.3994,1.2857,1.9559,2.68,2.5783,1.92,1.5969,2.315,2.0337,1.4173,1.2977,0.8249,0.9326,1.0344,1.4173,1.3994,0.9925,1.5071,1.6328,1.184,1.555,1.1241,0.795,1.0284,0.9925,1.9619,0.8907,1.0762,1.2318,0.7471,0.6035,0.7112,0.8189,0.789,1.2139,1.166,1.4652,5.5686,0.8685,1.6627,1.5909,1.0224,1.3156,1.2558,0.9027,1.4772,1.4951
2/27/2021,57.3951,0.8928,0.8483,1.2138,1.7424,1.9103,1.8609,1.525,2.0437,1.3917,0.9916,1.5596,1.1842,1.1891,1.041,0.7841,1.2583,0.8187,0.9916,1.1842,0.9965,1.0755,1.2978,0.789,0.7742,1.1644,1.1299,1.0014,0.7347,1.1101,1.0558,0.6063,0.9026,0.6458,0.5421,0.8236,0.957,1.1348,1.3423,6.3174,0.9658,0.957,1.2435,1.0558,1.0163,0.8039,0.8681,0.8928,0.7594
2/26/2021,62.0898,1.5514,1.216,0.8049,2.2708,1.6595,1.3296,2.2275,1.2701,1.3729,0.9564,0.9996,1.0591,1.0105,1.2485,1.335,1.481,1.4053,0.8915,1.3729,1.2863,0.8374,1.1403,1.1024,0.7887,0.6859,1.3458,1.0483,0.8915,1.2485,1.1024,0.6589,1.0321,0.7617,1.0159,0.74,1.1295,0.9996,1.0213,6.5813,1.0001,1.4919,1.5784,1.3458,0.9672,1.3404,1.3783,1.3566,0.7508
2/25/2021,55.5169,1.3356,1.2405,1.1835,1.3166,2.3144,1.2073,1.3403,1.079,1.5732,0.8367,1.4591,0.965,0.8367,0.8652,0.7891,0.9697,1.2548,1.2548,0.9887,0.8604,0.9792,1.1313,1.0932,0.7606,0.7986,0.9032,0.8272,0.7131,1.6397,0.8272,0.9174,0.8414,0.5943,0.7606,0.8889,0.7986,0.7654,0.7369,6.87,1.0376,0.7131,0.8699,1.0077,0.9032,1.0932,1.1313,1.1503,1.0932
2/24/2021,59.8596,1.2661,1.5254,0.8305,1.6499,2.573,1.9558,2.0025,1.9506,1.8365,0.9342,1.0483,1.3957,1.1935,1.0846,1.0431,1.209,1.1935,1.1105,1.1779,1.1831,0.8875,1.3283,0.9653,0.8408,0.8979,0.9446,1.8936,0.8408,1.7069,1.1727,0.7631,0.5452,0.8357,0.6127,0.8045,0.8823,0.7527,1.0794,4.8435,0.7743,0.8979,1.0898,0.6801,1.3854,1.3335,0.7994,1.3283,0.8097
2/23/2021,67.7235,1.6836,1.7971,1.1163,1.8748,3.111,2.5795,2.5914,1.5403,2.0898,1.8927,0.9729,1.6299,1.0625,0.8535,1.2178,1.4029,1.397,1.17,1.0207,1.397,0.9371,0.8415,0.955,1.6956,1.2954,0.967,1.1402,1.0147,1.6239,1.2357,0.5549,1.0745,0.8475,0.6146,0.6863,1.182,1.2477,1.5164,6.4249,0.9797,0.8833,0.9132,0.8774,1.3134,0.9968,1.3432,1.0446,1.1163
2/22/2021,60.5639,0.8079,1.0708,0.7659,1.5176,2.4006,2.0905,2.4322,1.8802,1.8435,1.5491,1.7068,1.3546,1.1706,0.7606,0.9499,1.3283,1.2863,0.8763,1.2179,1.3914,0.9867,1.302,1.6122,0.9288,0.8342,0.7554,1.1759,0.8763,1.3756,0.9394,0.9394,0.7922,0.624,0.5714,0.9919,0.9814,1.0129,1.2232,3.8604,0.6466,1.3073,1.1128,1.4597,0.6818,1.2179,1.3073,1.3809,1.2653
2/21/2021,48.3577,0.8164,1.1352,1.2725,1.5227,2.1643,1.0586,1.5671,1.1998,1.3209,1.1352,1.6276,0.7922,0.8003,0.8689,0.8124,0.9738,0.659,1.1272,0.9012,0.8608,0.881,0.877,1.22,0.99,0.99,0.7922,1.0828,0.6388,0.7075,0.885,0.5137,0.5945,0.5057,0.6994,0.7478,0.6913,0.6994,0.6994,3.7026,0.6261,0.8205,1.0021,0.7438,1.1352,0.8447,0.9617,0.6631,1.0263
2/20/2021,48.0049,0.7947,0.9628,1.2508,1.0748,1.7709,1.0868,1.2868,1.2988,0.7827,1.4948,1.2708,1.2548,0.7467,0.7387,0.7907,0.6627,0.7067,0.9668,1.0308,1.0588,1.0428,0.5627,1.2708,0.6587,0.9388,0.8988,1.2788,0.6547,0.8668,0.8388,0.4947,0.6667,0.6107,0.5467,0.7467,0.8788,1.0668,0.6307,3.8063,0.6395,1.2388,0.7227,1.1108,0.7707,1.1468,0.8908,1.1028,0.8908
2/19/2021,53.5217,0.8495,0.7812,1.1363,1.6416,1.2774,0.9997,1.719,2.0695,1.7235,1.1955,1.9329,0.7994,0.7038,1.0316,0.9451,0.9587,1.1317,0.7858,0.8631,0.9087,0.9269,0.804,0.8723,1.1727,1.0179,0.8631,0.7721,0.6629,1.4504,0.8404,0.763,0.7949,0.6674,0.6401,0.6537,0.8859,1.0316,1.2273,4.9931,0.7937,1.068,1.373,1.1408,0.7311,1.2637,0.6856,0.7994,1.1727
2/18/2021,50.3524,0.8485,1.2001,0.9375,1.4034,1.9963,1.1027,1.3525,1.8099,1.4923,1.3779,0.8443,0.6961,0.8062,0.9375,0.8485,1.1789,1.1069,1.0815,0.8528,1.2085,0.785,0.802,0.7723,0.9248,0.8443,0.7257,1.0688,0.7765,1.1747,0.9671,0.8485,0.5902,0.6241,0.8231,0.5267,0.8443,0.7003,1.0391,4.8932,0.7807,0.6749,0.6834,1.1408,0.5987,1.1238,0.8909,0.7765,0.8697
2/17/2021,50.4699,0.9269,1.2666,1.2964,1.3049,1.1605,1.0373,1.3856,1.9037,1.4068,0.757,0.8122,1.1859,0.8844,0.6381,1.1392,0.7612,0.8589,1.1732,1.0415,1.1902,0.9311,0.706,1.2964,0.9141,0.7867,0.9141,0.7315,0.6084,0.8037,0.8462,0.6466,0.791,0.689,0.8165,0.8334,0.7315,0.6678,0.9821,5.4213,0.8494,1.0968,0.9226,0.5829,0.8589,1.0331,0.8759,1.1477,0.8547
2/16/2021,60.0946,1.219,1.4013,1.0158,1.3492,2.7505,1.4586,1.2138,2.0369,1.8493,0.922,1.7608,0.9064,0.896,1.1981,0.9793,1.2398,1.3492,1.4794,1.2086,1.2659,0.797,1.12,1.2346,1.5107,0.995,0.7501,1.6774,0.7137,1.8649,0.8908,0.7137,0.6459,0.9377,0.5678,0.7866,0.9481,1.0419,0.7866,5.1782,0.8178,1.3336,1.0106,0.8387,0.9898,1.146,1.318,1.2502,0.7293
2/15/2021,58.9206,1.4193,0.8999,0.8032,1.5364,1.6077,2.0558,1.4142,1.5466,1.455,1.8063,2.0507,1.3429,0.7726,0.8643,1.124,0.9203,1.1443,1.3378,0.9254,1.2818,1.0883,0.8897,1.3786,1.4499,1.124,1.2615,1.2615,0.8999,1.1291,1.0985,0.8032,0.5791,0.7726,0.6708,0.9101,0.9203,1.3939,0.7115,4.9797,0.792,0.7421,1.3328,0.7573,1.0069,1.017,1.1902,1.2818,1.1698
2/14/2021,61.5026,1.0174,1.5524,0.7552,1.654,2.0018,1.4989,1.0923,1.7985,1.0334,1.3705,2.0018,1.3865,0.7605,1.0655,1.4186,1.3758,1.2635,1.3651,0.9799,1.2421,1.21,1.3651,0.9211,0.9906,0.7177,0.9692,1.6647,0.8462,1.6005,0.9318,0.9585,0.798,0.6321,0.6963,0.8301,1.0495,1.0816,1.333,4.7076,0.7566,1.5952,1.4454,1.1404,1.44,1.4668,1.5898,1.2635,0.8676
2/13/2021,55.9865,0.8865,1.2416,1.0112,2.0045,2.5036,1.4143,1.2128,1.7166,1.5439,1.28,1.7982,0.7713,0.9728,0.9392,0.9297,1.0928,1.1024,1.136,1.3231,0.8673,1.2128,0.7233,1.3615,1.3519,1.0736,1.208,1.5871,0.7761,1.0496,0.9344,0.8961,0.7281,0.8481,0.8769,0.7425,0.8433,0.7809,1.0736,3.8615,0.6467,1.0688,1.2416,1.064,0.6657,1.064,0.7569,0.7329,1.0688
2/12/2021,57.9821,1.1763,1.4712,1.2763,2.096,1.2463,2.1709,1.5911,1.8511,1.2613,0.9964,1.921,1.4762,0.9214,0.8114,1.1463,1.3162,0.8864,1.2413,1.0014,1.2813,1.2713,0.7764,1.2613,1.4112,0.8064,0.9614,1.2913,0.8264,1.3262,0.9964,0.4915,0.9814,0.8564,0.7565,0.7365,0.8364,0.8964,0.9914,4.5017,0.7299,1.5312,0.7065,0.6565,0.8714,1.3662,1.1413,0.9714,0.8914
2/11/2021,60.6817,1.1571,1.51,1.136,2.1159,1.8525,2.3477,2.4267,1.5364,1.4942,1.2098,1.6944,1.1202,0.7462,1.2045,0.978,1.0939,0.9516,0.9622,0.978,1.3309,1.1255,0.704,1.6207,1.5627,1.1834,1.3099,1.4626,0.8831,1.136,0.8621,0.6408,0.6197,0.9622,0.7462,0.7146,1.0306,1.2888,1.2624,4.2229,0.6937,1.3678,1.1676,0.9463,0.7462,1.1992,1.2888,1.3099,0.7778
2/10/2021,68.5449,1.8074,1.7651,1.2383,1.874,2.9154,1.4563,1.3715,2.0557,1.1475,1.7348,1.0385,1.4866,0.8327,1.1596,1.202,0.9295,1.3836,1.6198,1.4442,1.087,1.5289,0.9174,1.8256,1.3655,1.093,1.1414,2.0254,0.9174,1.4442,1.4442,0.5965,1.093,0.7842,0.651,1.1293,0.9961,1.1596,1.0627,6.9396,1.0466,0.9053,0.9598,1.65,1.3412,1.0506,1.8317,1.2504,0.8448
2/9/2021,66.4326,0.8912,1.2477,1.7327,1.6918,2.9948,1.7502,2.1592,1.3937,1.7619,1.8554,1.0899,1.6742,1.0607,0.9964,1.2301,1.1717,0.8679,1.0841,1.0899,1.3645,1.2827,1.0665,1.0665,1.1542,1.2185,1.3645,1.1834,0.8854,2.1125,0.9497,0.973,0.9029,0.9789,0.938,0.9263,1.0607,0.8562,1.2535,7.2359,1.0851,0.938,1.2301,1.2769,1.5866,1.0548,0.8211,1.0315,0.8912
2/8/2021,69.8362,1.3045,1.156,1.4405,1.9599,2.3495,2.4917,1.626,1.6075,1.8672,2.0898,2.3557,1.7497,1.0571,1.4219,1.3972,1.5703,1.4034,1.5209,1.0324,1.2797,1.2426,1.0633,1.3168,0.7974,1.4467,1.4961,2.0032,1.0386,2.1269,1.4096,0.7479,0.7665,1.0818,1.0818,0.8345,1.1251,1.2117,0.9273,3.6144,0.6146,1.0076,0.8469,1.4961,1.6569,1.5271,1.7868,1.5394,1.3477
2/7/2021,75.3526,1.5945,1.5878,1.4329,2.9551,3.44,2.7732,1.608,1.635,1.9044,1.8033,1.8774,1.6417,1.4194,1.5137,1.0827,1.5945,1.6754,1.4194,1.6754,1.709,0.9682,1.6552,1.2241,1.2578,1.2174,1.2915,1.8909,1.0759,1.1298,1.3049,0.9816,1.2241,0.7796,1.1029,0.8065,1.15,1.709,1.1096,5.0784,0.8048,1.1096,1.4194,1.278,1.3453,1.8572,1.0153,1.6821,1.5407
2/6/2021,61.3854,1.1063,0.9247,0.9247,2.0352,1.7842,1.4105,1.0849,1.2397,1.3305,1.5867,1.165,1.0369,1.0208,0.802,1.0369,1.2717,1.3145,1.2611,1.3251,1.4105,1.1276,1.149,1.197,1.2557,1.181,1.1169,1.149,0.9301,1.4426,1.0849,0.6204,0.551,0.7966,0.834,0.5938,0.9514,0.9247,1.0422,8.331,1.2274,1.1329,1.6401,0.9674,0.7432,1.3572,0.7753,0.9674,1.2237
2/5/2021,66.3149,1.3621,1.4963,1.3796,1.9569,1.3913,1.3971,2.6626,1.298,2.1785,1.747,2.3418,0.9073,0.9539,1.123,1.2047,1.5662,1.0939,0.9481,1.1114,1.5721,0.9189,1.5604,0.9014,0.7556,0.8606,0.9131,1.193,0.7556,1.4379,1.0356,0.8723,0.8956,0.8256,0.8023,1.0531,1.0006,0.9423,0.8081,8.5223,1.2522,0.8198,1.0531,1.4029,1.3855,1.2921,1.1055,1.3738,0.8839
2/4/2021,53.5215,1.2956,0.895,0.8677,1.5232,2.2379,1.7736,1.1863,1.159,1.1545,1.2273,0.7949,1.3457,0.9815,1.1408,1.0634,0.9952,0.936,1.1818,1.2546,0.804,0.9952,0.9496,1.0953,1.0817,1.0817,0.6947,0.9633,0.7266,0.8677,1.0908,0.6674,0.8996,0.8586,0.5627,0.8723,0.895,0.9496,1.2228,4.9447,0.7874,1.2819,0.854,0.7812,0.6355,1.0043,1.3593,0.763,0.8176
2/3/2021,55.3996,1.1241,1.1004,1.1478,1.9584,2.2807,1.29,1.9062,1.4559,1.4228,1.6408,1.2948,1.4559,1.0388,0.7734,0.9914,1.2047,0.8445,0.9535,0.9488,1.1241,1.1147,1.0199,1.3754,1.1052,0.7544,0.9393,1.2426,0.6881,1.7546,0.8919,0.6691,0.7544,0.6881,0.7592,0.7212,0.9582,1.0151,1.2474,2.0963,0.4174,0.9108,1.3185,1.328,1.2,1.1526,1.2521,1.1952,0.8729
2/2/2021,51.0567,0.7436,0.8857,1.0536,1.5875,2.2937,1.876,1.3206,1.1225,0.8771,0.8943,1.3766,1.2345,0.7738,0.8814,0.6833,1.1182,0.9029,0.9977,1.2086,0.89,0.7781,0.5972,0.6963,1.0967,0.6618,1.1182,1.0106,0.692,1.157,1.0149,0.6231,0.8297,0.735,0.6833,0.7092,0.7781,0.9546,0.89,5.3605,0.8415,0.7006,1.3938,0.9546,0.7609,0.9847,0.8599,0.7178,0.735
2/1/2021,64.2024,1.5717,1.6392,0.8917,1.7122,2.7632,2.3473,1.9989,2.4991,1.9932,1.982,1.1558,1.5942,1.0659,1.2682,1.1671,1.5155,0.9535,1.3919,1.4425,1.538,0.813,0.7568,1.1502,0.7568,0.976,1.3301,0.7737,0.8411,2.0775,1.2795,0.8804,0.8242,0.9647,0.7399,0.8018,1.1109,1.3919,1.3525,3.9768,0.6617,0.8186,0.9142,1.1952,1.3188,1.0715,0.7905,1.4031,0.7399
1/31/2021,66.08,1.7232,1.1308,1.3747,2.4028,3.1171,1.5141,2.0136,2.5073,1.549,2.002,1.1134,1.7929,0.8869,0.852,1.3805,0.9333,1.003,1.0553,1.578,1.5954,1.276,1.3283,1.3225,1.4212,0.7939,0.8927,1.5141,0.9798,0.9449,1.4096,0.9391,0.8056,0.5907,0.672,0.8752,1.003,1.4444,1.3399,4.8031,0.769,0.9682,1.0669,1.1018,1.3631,1.4851,0.9798,1.4502,1.0146
1/30/2021,64.2026,1.6111,1.3132,1.0153,1.9146,1.3582,2.4148,1.3469,1.5268,1.7179,1.2289,1.2963,1.0209,1.1727,0.931,1.2963,1.4987,1.302,0.9591,1.4256,0.9872,1.2008,1.1446,1.1502,1.4762,1.0153,0.7793,1.9764,0.7343,1.0378,0.9591,0.5994,0.5882,0.7793,0.7568,1.0434,1.094,1.3694,1.4762,6.2598,0.9583,1.2851,1.7909,1.375,0.8861,1.3919,1.2233,1.1727,1.3413
1/29/2021,55.9863,1.3135,1.0448,1.3375,1.4863,1.28,1.9854,1.5055,1.2368,1.3759,1.4767,1.8558,0.7425,1.0064,1.0064,1.0592,0.9344,0.8961,1.0256,0.8385,1.1552,1.0592,0.6945,1.3663,1.3567,0.9249,1.1408,0.7185,0.7857,1.2512,1.04,0.469,0.6561,0.5841,0.7953,0.6129,0.8673,0.6993,0.6705,6.6686,1.0114,1.088,1.3903,0.7233,0.9249,0.8721,1.2416,0.8001,1.0112
1/28/2021,46.949,0.7275,0.8522,1.0119,1.0742,1.4676,1.378,1.0235,1.3624,1.3819,0.8288,1.3546,0.6185,0.7392,0.7626,0.6691,0.9807,0.6691,0.7976,1.0508,0.7587,0.8561,0.7587,1.1404,0.7743,0.5484,0.9534,1.3273,0.6457,0.8522,0.9223,0.5795,0.599,0.673,0.5133,0.7587,0.7665,0.5951,1.0781,5.1132,0.8093,0.7704,0.9573,0.5717,0.8638,1.0975,1.2261,0.6808,1.008
1/27/2021,55.0472,1.0747,1.0841,1.3523,2.0062,1.3334,1.3711,1.0229,1.7992,1.3146,0.8818,2.0203,0.6936,0.7453,0.9994,0.7783,1.1688,0.8677,1.0088,1.0606,1.0276,1.1735,0.8818,1.1358,1.2299,1.1358,0.863,0.8771,0.7642,1.4793,0.8159,0.623,0.7453,0.7312,0.5901,0.8112,0.9288,0.8489,0.9571,5.8627,0.9067,0.7736,0.8959,0.7689,0.9806,1.0417,1.3852,1.2252,1.0041
1/26/2021,70.3056,1.3629,1.3505,1.7181,2.6838,2.4159,2.5592,2.1293,2.4346,1.3879,1.1386,2.1044,0.9891,1.014,1.5,1.2695,1.0203,1.3442,0.9953,1.4626,1.2695,1.1386,1.5935,1.3256,1.1013,1.2757,1.5187,1.8801,0.8209,0.9953,1.2321,0.6713,1.0389,0.6776,1.1511,0.771,1.1075,1.3567,0.9517,5.5264,0.863,1.0452,0.9517,1.4626,1.4751,1.7243,1.8614,1.2819,1.3567
1/25/2021,73.2401,1.8825,1.6607,1.7455,2.4305,2.7436,1.4062,2.6393,1.9151,2.3587,1.341,2.0717,1.6802,0.9822,0.9039,1.204,1.5302,1.0148,1.6346,1.5171,1.478,1.5889,1.2236,1.628,1.889,0.7473,0.9822,2.1826,1.0278,1.0539,1.5498,0.9104,1.1518,0.7147,0.8386,0.7212,1.3018,1.0866,1.1714,5.9405,0.9168,1.1909,1.2431,1.7259,1.217,1.3606,1.2692,1.3475,1.1192
1/24/2021,69.8362,1.8733,1.5209,1.3106,2.6154,3.0297,2.1331,2.5783,2.1269,1.8795,1.6817,1.5951,0.952,1.323,0.9705,1.2859,0.8902,1.1189,1.5332,1.0447,1.49,1.2426,1.6198,1.4158,1.0509,1.0324,1.49,2.1392,0.9458,2.2134,1.0942,1.0942,1.088,0.7108,0.717,0.6737,1.0015,1.558,0.8407,4.4244,0.7198,1.0571,1.1066,0.9644,1.2797,1.3601,1.7991,1.3972,0.8469
1/23/2021,75.3525,1.4935,1.8033,1.965,2.8675,2.551,1.7966,3.0224,2.6048,1.3453,1.2982,2.1805,1.2308,0.9951,1.0355,0.9614,1.7831,1.3655,1.6417,1.7629,1.6888,1.1365,1.1635,1.2982,1.4127,1.1096,1.608,1.1837,0.9278,1.1904,1.4329,1.0153,0.7796,1.0355,1.0355,0.8806,1.3453,1.0423,1.2713,6.503,0.9899,1.7427,1.8101,1.3858,1.1837,1.15,1.864,1.0894,1.3723
1/22/2021,62.5592,1.1215,1.0014,1.1978,1.6889,2.5182,1.3288,1.3779,2.1472,0.8159,0.9687,2.2399,1.0942,1.2142,1.236,1.296,1.4324,1.2579,1.4761,1.3124,1.2251,1.367,0.7559,1.4488,1.1596,0.8159,1.1378,0.7832,0.7505,1.487,0.9796,0.5158,0.8105,0.6086,0.7232,0.9632,1.1269,1.3342,1.1978,6.8446,1.0343,1.0014,1.0723,1.0778,0.9578,1.1542,0.8923,1.2688,1.3397
1/21/2021,61.2682,0.9284,1.2427,1.3013,1.541,1.9884,1.2427,1.0403,2.3453,1.5889,1.7274,2.111,1.0403,0.7899,0.8325,1.0776,1.248,0.8006,1.3279,1.1468,1.4717,1.2853,1.1042,1.3332,0.8112,0.9444,1.3439,1.6635,0.7313,1.9192,1.0829,0.6461,0.8272,0.9018,1.0083,0.9444,1.1095,1.509,1.1148,4.5557,0.7369,0.8165,1.2746,1.3545,0.6621,1.3066,0.9391,1.2427,1.3066
1/20/2021,60.564,1.1181,1.1759,1.2915,2.1115,1.4703,1.7331,1.9065,2.3008,1.5228,1.0287,1.4282,0.85,1.1759,1.1549,0.8395,1.281,1.0813,0.8132,1.1338,1.3388,0.8658,1.2653,0.9604,1.4335,0.6818,1.2758,0.9394,0.7396,1.4597,1.2179,0.6082,1.0392,0.8815,0.645,0.9288,1.1076,1.2285,1.0497,5.5676,0.8684,0.7869,1.3809,1.4703,0.8027,0.8395,1.6017,1.2074,0.9551
1/19/2021,75.0016,1.6005,1.0913,1.2119,1.8886,3.3492,2.639,1.3258,1.7546,1.3727,2.3844,1.031,1.0779,1.0109,1.4397,1.4062,1.0109,1.7144,1.2722,1.2588,1.7077,1.6474,1.3861,1.4598,1.835,1.3459,1.5201,0.9238,1.0779,2.3442,1.5938,1.0243,0.7898,0.7094,1.0846,0.8635,1.165,1.0109,1.1985,7.4364,1.1112,1.7278,2.0762,1.4263,1.6876,1.4799,0.9841,1.3459,1.1985
1/18/2021,74.1791,1.8013,1.4638,1.338,2.0726,2.5557,2.2182,2.0395,1.5366,1.9006,1.9866,2.7476,1.7881,1.2785,1.1726,1.3049,1.3645,1.3711,1.166,1.1263,1.3447,1.1263,1.7351,1.166,1.9006,1.1329,1.4572,0.9079,0.8417,1.6623,1.3645,1.1395,1.0402,0.7887,0.663,0.749,1.1924,1.7219,1.3777,6.7909,1.0273,1.6028,1.6689,1.0866,1.0733,1.0071,1.8807,1.4439,1.0535
1/17/2021,62.3244,1.1119,0.9435,1.5248,1.7855,2.4211,1.6823,1.6443,1.5302,1.226,1.7801,1.7584,0.987,0.786,1.0848,0.8457,1.0902,0.9598,1.226,1.0576,1.3292,1.0141,1.0304,1.2858,1.1445,1.101,0.7914,1.628,0.7479,1.7964,0.9544,0.5795,0.585,0.9435,0.6393,0.6719,1.1065,1.3401,1.3346,6.0562,0.9318,1.2966,1.5845,1.1119,1.1228,1.4107,1.0522,0.9761,1.3129
1/16/2021,75.1179,1.0325,1.6433,1.3278,1.9856,3.5964,2.2071,2.7104,1.4419,1.2875,1.697,1.0862,1.1869,1.5359,1.207,1.3681,1.207,1.4016,1.2406,1.6231,1.462,0.9989,1.2942,1.7104,1.7775,1.0124,1.1801,2.2876,1.0459,1.5493,1.2942,1.066,0.7573,1.1801,1.1332,0.764,1.0862,0.9385,1.462,6.9146,1.0434,1.7372,1.9386,1.254,1.8043,1.0996,1.8379,1.6835,1.0191
1/15/2021,76.2918,1.7374,1.1774,1.0749,1.8944,2.8369,2.7822,2.83,2.4544,0.8906,2.1062,2.591,0.9247,1.4232,0.952,1.7579,1.3754,1.4574,1.3823,1.2252,1.4164,1.2184,1.4437,1.6896,1.7852,0.993,0.9998,1.2388,0.9657,1.8262,1.1091,0.7267,1.1228,1.2525,0.6993,1.191,1.2867,0.9384,1.4847,8.1326,1.2016,1.3959,1.3481,1.6827,1.0681,1.2525,1.0886,1.6418,1.2184
1/14/2021,63.1458,1.0876,1.231,1.3744,1.821,2.8743,1.7273,1.7383,1.4516,1.4185,1.1538,1.9644,0.9277,1.0159,1.0325,1.049,1.5067,1.0325,1.2365,1.3192,1.2586,1.3964,1.1428,1.3523,1.5122,0.8891,1.3302,1.6611,0.9553,0.9442,0.9111,0.7953,0.8174,0.5858,0.6133,0.7678,0.9056,0.9497,1.1703,6.404,0.977,1.3137,0.9939,0.9828,0.7236,1.5398,1.0931,1.0269,1.1703
1/13/2021,73.2401,1.4193,1.3475,1.7259,2.0325,2.5349,1.8172,1.8042,1.8694,1.6607,2.2348,2.3326,1.7324,1.1975,1.478,0.9691,1.1714,1.2823,0.9822,1.4128,1.2757,1.1126,1.1322,1.739,1.0539,0.8191,0.8843,1.5367,1.0474,1.4454,1.0866,0.9952,0.8517,0.9169,0.8125,1.0474,1.0344,1.6933,1.6802,8.4233,1.2394,1.8172,1.3084,1.3997,1.0083,1.5367,1.5302,0.9495,0.8582
1/12/2021,96.1273,1.4974,1.5767,1.7882,2.1319,3.7887,2.1319,3.7799,2.2994,2.3346,2.1936,2.1495,1.7265,1.4357,1.1889,2.22,1.8852,1.938,1.3916,2.2553,1.9204,1.1713,2.3082,2.2817,2.3875,1.0832,1.4093,2.6871,1.1713,2.5373,1.612,0.9246,1.1096,1.4798,1.2506,1.3035,1.6031,1.1625,1.6736,9.643,1.3978,1.7442,1.5591,1.938,2.0085,2.2641,1.797,1.1978,1.7882
1/11/2021,98.8269,2.51,1.3928,2.3647,3.9087,3.1458,2.0831,2.6008,3.3002,3.0459,1.411,2.3011,2.6826,1.6653,1.5745,1.9015,1.956,1.7016,2.065,2.0286,2.065,1.3928,1.3747,2.6826,2.2829,1.1748,1.7289,2.5736,1.302,2.2284,1.5291,0.9114,0.9205,1.2838,1.0477,1.1839,1.5745,2.2375,1.7834,7.8835,1.1692,1.52,2.0105,2.4192,1.8742,1.5836,1.411,2.0195,2.0195
1/10/2021,94.3669,1.2808,2.2222,2.1445,2.5331,2.1272,2.4813,1.9199,1.8422,2.1099,2.4381,2.7404,1.7558,1.9026,1.9545,2.1099,1.3758,1.7299,1.4017,1.7213,1.8249,1.6954,1.5226,2.2395,2.1877,1.419,1.0649,2.7922,1.1513,2.3258,1.5226,1.4104,1.1167,1.0562,1.3931,1.3499,1.704,2.0322,2.2481,8.4982,1.2491,2.369,2.6713,2.0236,1.3585,1.8508,1.3758,1.5054,1.6176
1/9/2021,96.0106,2.4901,2.2613,1.1348,3.379,3.1414,3.5815,2.3493,2.3405,2.1381,1.4516,3.4758,2.6045,1.8741,1.7156,1.7861,1.2668,2.0061,1.7509,1.8301,1.9533,1.8213,1.0204,2.2349,1.6804,1.8477,1.0908,2.2789,1.3284,1.8037,1.5836,1.1524,1.302,1.0556,1.1876,0.9324,1.2932,1.7949,1.8125,7.4261,1.1098,1.4428,2.6486,2.3493,1.9797,1.7949,2.3141,2.0677,1.126
1/8/2021,12.0895,0.2448,0.246,0.2239,0.266,0.363,0.2505,0.3421,0.266,0.2403,0.2243,0.2505,0.2399,0.2153,0.2276,0.2345,0.2489,0.2599,0.2411,0.2558,0.2435,0.2321,0.264,0.2554,0.2673,0.2043,0.2198,0.2264,0.2108,0.2288,0.2227,0.2305,0.235,0.2223,0.2305,0.2051,0.2215,0.2693,0.2166,0.7218,0.2388,0.2448,0.2513,0.2423,0.2366,0.2223,0.217,0.2178,0.2505
1/7/2021,101.1742,1.5457,2.0674,1.9929,2.5053,2.6078,2.4029,4.1266,3.8191,1.8159,3.1669,2.4494,2.0767,1.2754,1.732,1.7506,2.114,1.8065,1.4804,2.291,1.7134,2.0674,2.1979,2.524,2.4774,1.6202,1.8624,2.9712,1.1823,2.1606,1.8531,1.4897,0.968,1.5177,1.3407,1.4245,1.4618,1.4991,1.7413,7.382,1.1041,2.1326,1.3779,1.3686,2.3749,2.496,2.3842,1.4804,1.9743
1/6/2021,85.2116,2.2128,2.0275,1.9503,2.3209,2.815,1.68,3.5331,2.3518,1.8267,2.7842,3.0003,1.1395,1.1627,1.2862,1.6337,1.68,1.0855,1.9271,1.3712,1.3866,1.5642,1.4484,1.5796,1.5024,1.07,1.0237,2.1742,1.1936,1.8113,1.7572,1.3943,1.4561,0.9465,0.9774,0.9002,1.2013,1.1936,1.6414,8.3599,1.2311,1.3017,1.7109,1.7032,0.9542,1.541,1.5333,1.6491,1.2167
1/5/2021,79.9303,1.1018,1.8283,1.5405,2.3318,2.8209,1.8139,1.3176,1.6484,2.6051,1.1665,1.2672,1.8067,1.5837,1.5693,1.2744,1.483,1.7635,1.7563,1.9002,1.5118,1.2168,1.1161,1.5333,1.5477,0.8068,1.0586,2.1016,0.9795,2.0081,1.4111,0.6486,1.0946,1.1881,1.1593,1.0874,1.26,1.7707,1.5909,8.7543,1.2824,1.0658,1.3751,1.4686,1.4254,1.2672,2.1088,1.8786,1.634
1/4/2021,82.5126,1.6271,1.1577,2.0667,1.8208,3.2217,1.5526,1.9699,3.1993,2.7821,1.6495,1.4036,2.0816,1.5228,1.5824,1.2322,1.8879,1.4036,1.3291,1.4483,1.2993,1.7538,1.1651,1.8581,2.1636,0.8969,1.56,2.5064,1.2396,2.104,1.4632,1.0534,1.0683,0.9416,1.2247,1.2173,1.18,1.8805,1.411,5.9302,0.9155,2.1934,1.4483,1.5451,1.113,1.9475,1.9401,1.5004,1.0534
1/3/2021,88.9678,2.118,1.7698,1.6484,2.4743,1.8994,2.7576,1.9803,1.697,1.9561,2.0613,2.6119,1.6322,1.3974,1.5917,1.4217,1.3812,1.6646,1.948,2.0046,2.0937,1.3974,1.5188,1.616,1.5431,1.786,1.0249,2.8062,1.3002,2.3609,1.2921,0.9763,1.0249,1.0492,0.8792,1.4055,1.5755,1.3002,1.0735,11.2808,1.6106,1.1059,1.7374,1.4136,1.9399,2.0451,1.2354,1.1869,1.3731
1/2/2021,82.9821,1.9812,1.3214,2.1837,3.016,2.2437,2.6411,3.106,2.0487,1.5463,1.9212,2.0037,1.6513,1.7038,1.0739,1.9212,1.7488,1.8313,1.8913,1.3889,1.8088,1.2689,0.9465,1.9737,1.8313,1.5238,1.7188,2.1762,1.1339,1.3739,1.3664,0.774,0.729,1.0515,1.1789,0.9015,1.4489,1.4339,1.3139,7.5791,1.1297,1.8013,1.3814,1.6588,0.924,1.2839,1.2089,1.9137,0.924
1/1/2021,66.3156,1.4963,0.9889,1.0939,2.4585,2.0094,1.4613,2.4235,2.3185,0.9656,1.7295,1.9744,1.5254,1.0064,1.2222,1.4088,1.5546,1.4963,1.0122,1.2572,1.228,1.3563,1.0531,1.3388,1.5604,1.0356,1.1464,1.2338,0.8081,1.368,1.2105,0.814,0.7906,1.0589,1.0006,0.6449,1.2047,1.2805,1.1347,5.3483,0.8399,1.2805,0.9248,1.2688,0.7382,1.1172,1.7353,1.1813,1.2105
12/31/2020,57.8206,1.198,1.4221,1.0286,1.3972,1.3723,1.746,1.3325,2.0598,1.8008,1.462,2.1196,1.5616,1.0834,0.7944,1.1631,0.7994,1.1332,1.2278,1.1382,1.0435,0.9588,1.1432,0.7894,0.9339,1.0634,1.1481,1.5218,0.7346,0.8592,1.198,0.8293,0.9538,0.6101,0.62,0.5702,0.8691,0.8094,0.7446,4.4612,0.7246,1.4969,1.1581,0.7795,1.0286,1.2627,1.1531,1.2677,1.2478
12/30/2020,70.9511,1.3816,1.1172,0.9913,2.5399,2.414,2.6847,2.691,1.9734,2.137,1.5831,2.307,1.2494,1.4509,1.3501,1.325,1.2557,1.1676,1.3061,1.4194,1.4257,1.1928,1.5012,1.3942,1.5075,0.9221,1.4886,1.3564,0.941,2.3007,1.4005,0.6577,1.1739,0.6829,0.771,0.6766,0.9661,1.6649,1.4194,4.1279,0.6813,0.8906,1.6901,1.0858,0.985,1.602,1.1865,1.2998,1.6145
12/29/2020,62.3129,1.4539,0.9976,1.3018,1.8504,2.2957,1.6277,2.3826,1.7037,1.405,1.6494,1.758,1.2964,1.1552,1.0846,1.329,1.4213,1.0194,1.5191,1.3615,1.5028,1.2909,1.3018,0.8782,0.7532,1.2529,0.8293,0.9759,0.8727,1.1823,0.9216,0.7098,0.8836,0.8401,0.8456,0.8727,0.9107,0.8076,0.7424,4.7235,0.7587,1.09,1.1823,1.5028,1.0683,1.2584,1.4376,1.3344,0.9705
12/28/2020,73.1393,1.5541,1.7756,0.9353,2.2772,2.5638,1.6974,2.3619,1.502,1.3066,1.2089,1.6388,0.9483,1.4434,0.9288,1.5151,1.274,1.7105,1.4173,1.4043,1.4695,1.6388,1.261,1.3066,1.502,1.2936,1.274,1.033,1.0591,1.6323,1.3196,0.9093,0.6357,0.9418,0.9288,1.033,0.9939,0.9874,1.6323,8.0704,1.1935,1.2936,1.5802,1.3262,1.0005,1.4043,1.8212,1.6193,1.5151
12/27/2020,80.8567,1.0628,1.3469,1.2449,2.6729,3.6929,3.0736,2.0974,2.2577,2.2212,1.2595,2.3305,0.9608,1.3397,1.3469,1.2814,1.4635,1.4854,1.1575,1.2668,1.7987,1.3761,1.1357,1.1648,1.8788,1.3178,0.9608,1.7914,1.0191,1.9298,1.4198,1.0337,0.8369,1.2377,1.1648,1.1429,1.3688,1.0628,1.4417,7.3884,1.1049,2.0537,1.4635,1.6092,1.9152,1.3761,2.0974,1.4708,1.7331
12/26/2020,62.0828,1.2267,1.0374,1.416,2.211,2.741,2.3408,2.0109,1.1942,1.416,1.1023,1.6702,1.4106,1.2105,0.9779,1.2591,0.8265,1.3078,1.4052,1.0374,1.2862,0.9563,0.767,1.2591,1.1131,1.0158,0.8806,0.7129,0.8481,1.059,0.9617,1.0212,0.9887,0.5885,0.913,0.7994,1.1239,0.8427,0.886,5.1924,0.8196,1.5998,1.4214,1.2375,1.1942,1.1672,1.1618,1.4106,1.0536
12/25/2020,67.6111,1.031,1.5198,1.8239,2.0742,2.5213,1.9013,2.0683,2.5571,1.347,1.9848,1.5079,1.8477,1.2218,0.888,1.0966,0.9476,1.0191,1.4006,1.1443,1.4721,1.2993,1.4066,1.496,0.9535,1.3231,0.882,1.4602,0.7687,1.0668,1.4125,0.7807,1.0668,0.9237,1.0966,0.876,1.0251,1.4543,0.9178,4.5033,0.7301,1.1085,1.1801,0.8105,1.4662,1.6271,1.7404,1.3529,1.5079
12/24/2020,61.3912,0.8714,1.1117,1.6082,2.2543,1.5815,1.3893,2.1795,1.715,1.117,1.416,1.5655,1.1437,0.8074,1.2612,0.9355,1.2345,1.4107,1.2292,1.1224,1.1544,1.3199,0.8928,1.3199,1.5228,0.8608,1.1864,1.1544,0.8287,1.0102,0.9996,0.7967,0.8501,0.5564,0.5671,0.7807,0.8768,1.2185,1.352,6.3,0.9635,1.1864,0.8501,0.8661,1.2452,1.432,1.5495,0.9515,0.8447
12/23/2020,58.9723,1.2371,1.2014,1.0332,1.3186,1.5225,1.9813,2.2973,2.0832,1.3849,1.4206,1.9762,1.0128,0.8599,1.232,1.074,1.0842,1.3186,1.2422,1.0689,1.3441,1.2983,0.9313,1.2626,0.7528,0.7681,0.9771,1.0638,0.8395,0.9007,1.1759,0.7732,0.8548,0.6713,0.6101,0.7223,0.8701,0.7987,1.39,5.756,0.8928,0.8242,0.9414,0.6611,0.9211,1.4461,0.9975,1.13,1.0485
12/22/2020,50.3338,0.8779,0.7551,1.153,1.3732,2.0251,1.6738,1.4494,1.7161,1.2208,0.8482,1.2377,1.2292,0.6916,0.899,0.789,1.098,1.1615,0.9329,1.0472,1.1446,0.7805,0.789,0.8694,0.7593,0.789,0.6154,1.0049,0.662,0.9329,0.9329,0.5138,0.4969,0.5519,0.5434,0.6408,0.7763,0.7001,0.7932,5.0448,0.8004,0.916,1.3224,0.9879,1.1573,1.2165,0.8779,0.8821,0.6535
12/21/2020,58.3965,1.5526,0.9176,0.847,1.4165,2.5403,1.8398,2.3589,1.1242,0.9982,1.3107,1.6282,0.842,0.9629,0.8319,1.3006,1.1444,0.9428,1.2149,0.9176,1.1595,1.1595,0.9831,1.2351,1.099,0.7563,0.968,1.0284,0.6958,1.2703,1.0385,0.8168,0.7664,0.7059,0.8571,0.9377,0.9377,1.094,1.0688,5.6527,0.8794,1.5425,0.8621,1.0385,1.1998,0.9075,1.0637,0.9478,1.0335
12/20/2020,51.6009,1.1041,1.1215,1.091,1.8758,1.7101,1.6491,1.0866,1.2087,1.4049,1.5357,1.0474,1.1346,0.9471,0.8207,1.0474,0.7378,0.7248,0.7466,1.0605,1.1302,0.8076,0.6419,1.3221,1.0082,0.8338,0.8992,1.5314,0.6114,1.2654,0.8338,0.6681,0.7117,0.5024,0.498,0.6158,0.7858,0.9602,0.7335,4.9361,0.7863,1.3221,0.9907,0.764,0.7727,1.0474,0.9515,0.8076,0.8076
12/19/2020,63.0033,1.3877,1.4373,1.0082,1.5088,2.0533,1.3932,1.5803,2.3833,2.1303,1.5253,1.7563,1.4263,0.9202,1.0192,1.3987,1.1842,1.0632,1.4923,1.1677,1.0907,1.2557,1.0467,0.9092,1.2227,0.7057,0.9752,0.9862,0.8102,1.7398,1.2722,0.9807,1.0027,0.7607,0.8707,0.7662,1.0247,1.4428,1.1567,5.2244,0.8238,1.4538,1.5473,1.0907,1.1787,1.3327,0.7937,0.8597,0.8432
12/18/2020,58.7423,1.5621,1.1561,1.3794,1.9782,1.6433,1.5063,1.8209,1.7955,1.1155,1.6839,0.9532,1.0851,1.1257,0.9075,0.8365,1.1358,1.2627,1.3946,0.9278,1.212,0.8466,1.0394,0.8314,0.7705,0.9938,0.8365,1.8259,0.7908,1.7701,0.9887,0.9582,0.6893,0.8111,0.669,0.6741,0.8974,1.212,1.2982,5.1155,0.8096,0.8212,1.4606,1.2322,1.1967,1.0496,0.9532,0.7705,0.9481
12/17/2020,51.14,0.6973,0.9432,1.3315,1.6205,2.2201,1.435,1.3875,1.6723,0.7145,1.0942,1.2236,1.0165,0.7879,0.9173,1.133,0.8397,0.8569,0.693,0.8224,0.9863,0.7232,1.0381,0.8267,1.1589,0.8655,0.831,1.5903,0.611,1.4781,0.982,0.8699,0.8483,0.6369,0.6153,0.5549,0.8785,1.0812,0.8353,3.557,0.6071,0.8397,1.1244,1.1761,0.9648,1.2365,0.7879,0.9906,1.0381
12/16/2020,54.7111,1.3952,1.199,0.8486,1.5633,2.2453,1.1102,2.0491,1.0448,1.4559,1.1476,1.7735,1.4606,0.9374,0.6898,1.0729,1.199,1.0448,1.2363,1.1803,1.213,0.6945,0.7179,0.9561,1.1289,0.6758,0.7739,0.7412,0.6525,0.7973,0.9234,0.6291,0.5544,0.6151,0.886,0.8767,0.8113,0.7319,0.7459,6.1072,0.9385,0.8393,1.3204,0.9888,1.1196,1.241,0.7412,0.9234,0.7132
12/15/2020,53.444,1.171,1.1982,1.3209,1.6981,1.53,1.7936,1.0665,1.0846,0.9983,1.0892,1.5709,1.171,0.9847,1.0801,0.7756,0.871,1.021,0.7847,1.1801,0.9619,0.9847,1.1982,1.3982,0.6847,0.8347,0.8074,0.8301,0.6438,1.43,0.8211,0.5575,0.7438,0.5666,0.4984,0.6575,0.8165,0.7393,1.1074,5.9903,0.9233,1.3664,1.0074,1.2119,0.7393,0.7347,0.9528,1.1528,0.6938
12/14/2020,54.3655,0.7509,1.3861,0.8436,1.2887,1.2748,1.8961,1.0662,1.1542,0.8807,1.4,1.4371,1.0708,1.0291,0.7555,1.0198,0.9549,1.1867,0.8807,0.9271,1.2609,0.8158,1.0151,1.0244,1.0012,0.9641,0.6767,0.7741,0.6906,1.5344,1.1125,0.5376,0.6999,0.839,0.6025,0.8714,0.9966,0.7926,0.992,6.7485,1.0218,1.1218,1.3212,0.686,0.8621,1.0198,1.1821,0.8204,1.1774
12/13/2020,55.1714,1.4497,1.1903,1.3365,1.9969,1.7422,1.7328,1.1054,1.3176,1.6007,1.3884,1.3507,1.0252,0.8271,0.8837,1.0535,1.0535,1.1195,1.1007,1.2327,0.9167,1.1195,1.011,1.1525,0.7422,0.761,0.9639,1.5629,0.7516,1.4592,1.1148,0.7091,0.6761,0.8884,0.5346,0.6054,0.7988,1.162,1.0016,4.3623,0.7118,0.8223,0.9167,0.9308,1.1714,1.0393,0.7657,0.9073,1.1054
12/12/2020,54.7109,1.2924,0.844,1.1382,1.4185,2.264,1.6381,1.965,1.582,1.2971,1.3578,1.0075,0.7599,0.9607,0.7365,0.7552,1.1943,1.1523,1.2644,1.0682,1.0542,0.8346,0.9094,1.3625,0.886,0.9187,1.1196,1.5913,0.6478,0.7646,1.0075,0.5123,0.8066,0.8253,0.8486,0.6805,0.83,0.844,0.7879,4.7223,0.7585,1.2457,1.2924,0.9094,1.0355,1.0028,1.1569,0.7599,0.9
12/11/2020,51.7158,1.2727,1.1066,1.1546,1.124,1.0934,1.5831,2.0115,1.3383,1.347,1.0366,1.2552,0.9098,1.0104,0.9098,1.0541,1.0366,0.9317,1.1372,0.8486,1.2202,0.6694,0.9492,1.0934,0.6825,1.0716,0.9929,0.6344,0.665,1.1197,0.8574,0.4421,0.5208,0.6781,0.8399,0.8093,0.9448,0.9055,0.9623,5.2272,0.8241,0.7918,1.2945,0.9536,1.1328,0.8049,0.6956,0.853,0.9186
12/10/2020,62.4276,1.3314,1.3586,0.8252,1.941,2.1315,1.8322,1.892,1.7941,2.1097,1.7832,1.1518,1.277,1.2552,1.3042,0.8361,0.847,0.8797,1.1899,1.2661,0.9994,0.9504,0.7817,1.2008,0.7382,0.8144,1.0919,1.8703,0.9395,1.4348,0.9668,0.9613,0.8144,0.8742,0.7545,0.7001,1.0266,0.8688,0.9178,6.6503,1.009,0.896,1.4403,1.179,1.0538,0.9341,0.8633,1.4457,1.2443
12/9/2020,75.5586,1.6394,1.4908,1.4638,2.7947,3.5649,2.1867,1.8286,1.6057,1.1328,1.9029,1.7273,1.1733,1.0449,1.5246,1.5516,1.1733,1.8016,1.7948,1.6665,1.8016,1.1125,1.3152,1.0584,1.43,0.8423,1.3625,1.6124,0.8625,2.0515,1.2071,0.9976,0.7544,0.8895,0.795,0.8963,1.1936,1.4773,1.2003,5.5956,0.872,1.5854,2.0651,1.6124,1.4368,1.7813,2.011,1.4435,1.2273
12/8/2020,67.2654,0.9075,1.7076,1.7372,2.6143,3.0292,2.241,2.3061,2.5728,1.4053,2.1106,1.4231,1.6187,1.1327,1.0734,1.3579,1.4409,1.5061,1.429,1.0023,1.3816,1.1208,1.5416,1.0734,1.672,0.8838,1.1742,1.5653,0.8423,2.0572,1.3757,1.0556,0.9253,0.8186,1.0912,0.8364,1.0201,1.4172,1.0556,0.7279,0.2396,1.6187,1.2512,1.4942,0.8779,0.9134,1.6009,1.589,1.429
12/7/2020,64.3859,1.7286,1.6383,1.6101,1.9767,3.0649,1.2436,1.5876,2.4898,0.973,1.6947,1.9879,1.5989,1.2098,1.0688,1.4297,1.035,0.9053,1.4297,1.1591,1.5538,1.2493,1.1929,1.7004,0.9504,0.8377,1.1421,1.0632,0.973,0.9843,1.2098,0.9053,0.7813,0.6911,0.8489,0.6854,1.176,1.3959,1.5312,4.8375,0.7735,1.2098,0.7136,0.7192,0.8546,1.4241,0.9899,1.0688,1.0914
12/6/2020,79.4746,1.6033,1.396,1.3674,1.782,2.0536,2.8827,2.7612,1.6748,1.0601,1.1816,2.9113,1.9964,1.1745,1.4889,1.203,1.0101,1.2316,1.2245,1.203,1.782,1.1316,1.0887,1.1387,1.4318,0.8028,1.4246,1.9607,1.1387,2.0893,1.6033,0.8671,1.2602,0.86,1.0172,1.1173,1.1602,1.7748,1.5819,9.0795,1.3246,2.0322,1.9607,1.2817,1.6319,1.103,1.0815,1.8249,1.7177
12/5/2020,75.4434,1.8595,1.4346,1.1985,2.1023,2.5272,2.6486,1.4144,2.5339,1.873,2.4462,2.5069,1.2323,1.5155,1.5493,1.7381,1.7381,1.1109,1.6437,1.4009,1.4818,1.6369,1.3199,1.61,1.3537,0.9355,1.6302,1.1918,0.9018,1.5358,1.3941,1.2458,1.0906,0.976,1.1109,1.0232,1.293,1.0637,1.4346,4.13,0.6816,1.3941,1.7988,1.5627,1.6369,1.4009,1.4953,1.6032,1.0367
12/4/2020,67.8412,1.0942,1.7525,1.2199,2.5124,2.8416,2.3509,1.3575,1.7345,1.3994,1.0164,1.5251,0.8369,0.9326,0.9267,1.2618,0.8907,1.0403,1.4173,1.0583,1.0583,1.2199,1.3695,1.172,1.6148,0.7352,1.172,0.9925,0.9685,1.4473,1.3276,1.1122,0.8189,0.789,0.6095,0.9326,1.2019,0.9506,0.8189,7.9519,1.1781,1.3575,1.8841,0.9865,1.561,1.6507,1.3515,1.2677,1.172
12/3/2020,56.0931,0.7534,1.2776,0.7678,2.0808,1.8643,1.2007,1.3498,1.7682,0.8881,1.1862,0.9794,0.9602,1.0612,0.7582,0.7871,1.0564,0.864,1.167,1.2247,1.1478,1.0949,0.6765,1.0083,0.9891,0.9121,0.7919,1.4796,0.7486,1.393,0.9602,0.8255,0.6235,0.5418,0.7582,0.84,0.9794,1.3353,0.7486,7.6705,1.1416,0.7101,1.3209,0.638,0.9746,1.0131,1.2488,0.7871,0.739
12/2/2020,64.2706,1.3315,1.6185,1.2808,2.0742,1.866,2.1699,1.5509,1.1908,1.6466,1.1345,1.5734,1.5678,1.2527,1.067,0.9657,1.0389,1.1008,1.2977,1.0501,1.1458,0.9263,1.157,1.112,1.399,1.2133,1.1401,1.1908,0.8532,1.0557,1.3033,1.0107,0.6787,0.8475,0.69,0.8082,1.1739,1.0164,0.9207,8.8668,1.297,0.8194,0.8138,0.9545,1.0332,1.3596,0.8588,1.1008,0.7463
12/1/2020,52.0618,0.7835,1.1052,1.114,1.7176,1.0964,1.0435,1.678,1.3916,1.3035,1.515,0.9289,1.3519,0.6822,0.81,0.9774,0.7747,0.7879,1.2682,1.2021,0.973,0.7879,1.2021,0.7483,0.713,1.0171,1.0699,1.6075,0.6602,1.6295,0.8408,0.6778,0.7527,0.691,0.5853,0.5588,0.8893,0.8496,0.8364,5.1269,0.8111,1.0876,0.8849,0.6381,0.9554,1.2153,0.7086,1.1052,0.9069
11/30/2020,48.4913,1.1344,1.1223,0.7173,1.5474,1.2964,1.0656,1.6486,1.2397,1.4543,1.4907,0.7376,1.1951,0.6161,0.7538,1.0737,0.6607,1.0899,0.9562,1.0008,0.774,0.6566,0.6809,0.8834,0.8186,0.6526,0.7376,0.6445,0.6971,1.4624,0.855,0.4703,0.5999,0.4582,0.6647,0.6769,0.7133,1.1425,0.9238,5.1334,0.812,0.8429,0.8793,0.851,1.1546,1.0494,0.851,0.8186,0.7862
11/29/2020,56.4383,1.2275,1.334,0.9223,1.9686,2.6273,1.6779,1.0918,1.5472,0.8545,1.0773,1.5617,1.087,0.8157,1.0337,1.3001,0.995,0.9368,1.3195,1.0337,1.3292,0.9611,0.8303,0.7673,0.9998,1.0386,1.1064,1.2565,0.6607,1.1451,0.8496,0.932,0.6414,0.5784,0.8351,0.9271,0.8884,0.8787,1.2614,4.9808,0.7921,1.4551,1.3728,0.6656,0.995,1.1354,0.7092,0.8739,1.1597
11/28/2020,57.9358,1.5199,1.0655,0.8708,1.8944,1.435,2.0542,1.6997,1.3052,0.8358,0.8558,1.3252,1.3202,0.8458,0.9606,1.3002,1.2353,1.1604,1.3202,1.1754,1.2353,1.2603,1.1454,0.8957,0.9307,0.8907,0.9606,1.7396,0.8708,0.9806,1.1754,0.4962,0.7409,0.5212,0.6411,0.7959,1.0306,0.8857,1.3202,5.7351,0.8901,1.5,1.4151,0.8009,1.2403,0.9956,0.7609,1.1604,0.7409
11/27/2020,52.2917,1.1898,1.1942,1.1189,1.8453,1.9029,1.8365,1.9383,1.7479,1.7257,1.6062,1.7346,1.0525,0.7469,0.9373,0.7026,1.1189,1.181,0.9905,1.212,0.8355,1.1322,0.9994,1.0259,0.8886,1.0259,1.1101,0.8089,0.6583,1.6017,0.7912,0.8222,0.769,0.5033,0.6052,0.6362,0.8665,0.7203,0.7336,1.9149,0.3938,0.7425,1.336,0.9506,0.9063,0.8975,1.1411,1.0436,0.6494
11/26/2020,56.4384,0.9659,1.4939,1.4842,1.4987,2.4433,1.1451,1.2468,1.5956,1.6489,1.5326,0.9901,1.0676,0.7867,1.0434,1.0676,1.2759,0.7964,1.2953,1.242,1.3534,0.9271,1.1597,0.7576,1.2808,0.7528,0.6898,1.0676,0.7043,1.4697,0.9223,0.5396,0.8303,0.6075,0.777,0.8884,0.8012,0.7043,0.8787,5.6153,0.8746,1.0773,1.3776,1.0725,1.0579,0.9998,0.9271,1.0289,0.6753
11/25/2020,58.3965,0.9226,0.8974,0.7916,2.1321,1.7038,2.1069,1.5475,1.3711,1.1897,1.1292,0.8571,1.4115,1.0587,1.094,1.0637,0.9629,0.9277,1.0184,1.2552,1.0436,0.9277,0.6706,1.5324,0.8269,1.1544,0.8117,1.3207,0.7513,1.1998,1.0587,0.8621,0.9831,0.8319,0.5598,0.6858,0.8269,0.8924,1.0486,7.1736,1.077,1.5123,1.2955,1.3409,1.1393,1.099,0.7412,0.8823,0.7059
11/24/2020,60.8154,1.5927,1.4818,1.4342,2.3374,1.4659,2.0205,1.0592,1.3022,1.429,1.2652,1.4395,0.7635,1.1068,1.1279,0.9008,0.8533,1.2124,0.8057,0.9219,1.1121,1.2071,1.0381,1.4976,0.7054,1.2441,1.0064,1.2599,0.8057,0.9114,1.2283,0.885,0.8216,0.7265,0.5786,0.6895,0.9378,1.4237,1.1913,8.169,1.2063,0.8216,0.7107,1.1913,0.9431,1.0909,0.7635,1.3814,0.7476
11/23/2020,61.7364,1.4778,1.4617,1.4563,1.8862,2.3215,1.5477,1.408,2.0797,1.3811,1.5799,1.7895,1.236,0.8599,0.9082,1.2145,0.8545,0.8223,1.2038,1.193,1.3865,0.9458,1.2038,1.6337,0.9781,1.2199,1.322,1.5961,0.833,1.279,1.279,0.6127,0.9082,0.9727,0.7255,1.0211,0.9781,1.0748,1.3274,4.6894,0.7543,0.9029,1.3811,0.6933,0.9405,1.3542,1.0909,0.8169,1.1339
11/22/2020,70.3747,1.2208,1.1522,1.7136,2.3124,2.0504,1.5327,1.8071,2.6492,1.5015,1.0462,1.5888,1.489,1.4142,0.9214,1.4391,1.2707,1.3268,1.6387,1.3955,1.6262,1.5763,1.1085,1.8009,1.3393,1.0274,1.5077,1.1584,0.8278,1.3767,1.4017,1.0649,0.8466,0.7717,0.7779,0.6781,0.9713,1.2832,1.1584,7.3762,1.1033,1.4079,0.8278,0.9027,0.8653,1.5763,1.4703,1.6512,1.4204
11/21/2020,73.1397,1.8603,1.9385,1.6388,2.2837,3.2673,2.7462,2.0883,2.4856,1.5867,2.2576,1.6844,1.1307,1.3913,1.3522,1.6779,1.7235,1.02,1.6453,1.2545,1.5151,1.0461,0.9288,1.5932,1.7365,0.7399,1.4695,1.8342,0.8767,1.4043,1.2806,0.8246,0.9614,0.6552,1.1633,0.7204,1.2024,1.5411,1.235,3.8735,0.6483,1.2415,1.0786,1.7235,1.4304,1.2806,1.3978,1.1112,1.5932
11/20/2020,59.2027,1.457,1.0474,0.9654,1.8615,2.4093,1.6208,2.1277,2.2916,1.5901,1.073,2.0202,0.7606,1.0934,0.8323,0.9296,1.3699,1.2061,1.2573,1.1139,0.9091,1.0678,1.0934,0.8272,1.4519,1.1344,0.6889,1.2266,0.7197,0.9449,1.1856,0.5558,0.8374,0.607,0.8425,0.735,0.9603,1.1037,1.2573,4.6937,0.7548,1.0013,1.6055,0.9705,0.648,1.3904,1.0064,1.2573,0.6992
11/19/2020,43.4231,0.7582,1.0877,1.0062,1.3037,1.8918,0.9141,1.0133,0.9035,0.7937,1.2435,0.659,0.9318,0.5634,0.8503,0.907,0.8149,0.5988,0.9956,0.9318,0.7193,0.5953,0.6307,0.9849,1.0735,0.528,0.6661,1.325,0.5847,1.1691,0.7405,0.6945,0.4713,0.7051,0.4253,0.6449,0.7547,0.8007,1.0097,3.8848,0.6497,1.0664,0.5492,0.6768,0.8007,0.6272,0.6945,0.8964,0.8858
11/18/2020,41.6954,0.8911,1.0293,0.7732,1.1034,1.8312,1.3089,0.9046,1.1034,1.0562,1.1169,0.6081,0.9214,0.6923,0.8305,0.8844,0.8204,0.8102,0.7631,0.8743,0.7159,0.6451,0.9821,0.9214,0.5171,0.5441,0.7159,0.5946,0.6485,1.0697,0.6249,0.4834,0.4935,0.635,0.507,0.5441,0.7563,0.9046,0.9484,3.5335,0.6041,0.5744,0.8406,0.6485,0.7631,0.9855,0.5676,0.9652,0.6384
11/17/2020,45.7267,0.9099,1.1325,0.9174,1.0117,1.8002,0.9778,1.3777,0.9552,1.4984,0.6948,0.8722,1.0532,0.7929,0.593,0.7137,0.9665,0.8835,0.9363,1.0872,0.8495,0.593,0.7665,0.7665,0.8684,0.6986,0.9174,0.9816,0.6458,0.9061,0.6911,0.7288,0.4383,0.6232,0.5062,0.5477,0.7288,1.1061,0.9778,4.8044,0.7692,1.0985,0.6118,0.9702,0.6005,0.7137,0.5854,1.0382,1.0193
11/16/2020,39.1614,0.5967,0.7276,0.9239,1.1233,1.4536,1.1545,0.9426,1.4194,0.5281,1.0174,0.8086,0.8803,0.7494,0.7338,0.631,0.6902,0.5686,0.9488,0.6497,0.8896,0.6403,0.8584,0.9893,0.9924,0.7058,0.74,0.4907,0.606,0.8242,0.5873,0.4004,0.5655,0.659,0.6559,0.5905,0.5624,0.5624,0.7494,3.4402,0.592,0.8771,0.5188,0.899,0.6123,0.6684,0.5655,0.6466,0.7245
11/15/2020,38.7006,0.5504,0.6886,1.0109,0.928,1.496,1.2136,1.4714,1.1215,0.4982,1.0877,0.968,0.839,0.7837,0.5873,0.575,0.8881,0.6763,0.8114,0.7438,0.6088,0.7039,0.6548,0.7438,0.7316,0.5566,0.8175,1.0079,0.5965,1.1767,0.6241,0.4829,0.5259,0.4952,0.5535,0.5351,0.6272,0.6026,0.882,2.411,0.4582,0.9864,0.8052,0.6517,0.575,0.6026,0.753,0.8666,0.7254
11/14/2020,45.6112,0.8963,0.7985,0.7007,1.6862,1.893,1.0957,1.7275,1.0581,0.7797,1.4041,1.5846,1.1521,0.7609,0.5879,0.87,1.0656,0.6707,0.8738,0.7271,1.0919,0.8888,0.7083,0.6819,0.7948,0.603,0.7384,0.8173,0.5503,1.1521,0.712,0.6556,0.7007,0.4788,0.6932,0.5541,0.7835,1.1032,1.0731,3.3622,0.5818,0.7158,0.8023,0.8399,0.9264,0.9979,0.633,0.6255,1.0129
11/13/2020,40.1978,0.6335,0.933,0.6142,1.3516,0.9362,1.0489,1.2678,1.3483,0.6174,0.669,0.9459,1.0167,0.7784,0.6174,0.6013,0.6335,0.9104,0.9652,0.669,0.772,0.8847,0.5305,0.64,0.6174,0.5466,0.6786,0.7462,0.5949,1.2163,0.8332,0.6368,0.6174,0.5112,0.4243,0.5466,0.7205,0.6883,0.846,4.0335,0.6691,0.5756,0.4886,0.7977,0.6915,0.6754,0.9201,0.9233,0.8138
11/12/2020,33.0566,0.8532,0.4999,0.5425,0.8783,1.2416,0.9635,0.9033,0.8031,0.8056,0.5275,1.0712,0.8307,0.6377,0.4824,0.4949,0.5926,0.6503,0.7856,0.6553,0.6728,0.7279,0.5926,0.6377,0.4974,0.6152,0.6778,0.6102,0.4373,0.7981,0.6327,0.4974,0.545,0.555,0.5049,0.5651,0.5876,0.4949,0.6052,2.4286,0.4605,0.5626,0.6904,0.5525,0.6553,0.55,0.5676,0.53,0.5851
11/11/2020,44.8051,1.0095,1.1494,0.8733,1.0169,1.3886,0.9837,1.1604,1.1604,1.3996,1.0353,1.2119,0.7997,0.7629,0.6194,0.9543,0.9322,1.0132,1.0684,0.9874,0.7114,0.7114,0.601,1.0316,0.8034,0.6451,0.6341,1.1346,0.5642,1.2635,0.9249,0.6599,0.5862,0.7335,0.7003,0.5752,0.8108,0.6709,0.888,2.8865,0.52,1.1604,0.9101,0.958,0.7408,0.877,1.0905,0.9469,0.5384
11/10/2020,36.1664,0.73,0.8004,0.5216,0.9131,1.0173,1.1694,1.0426,1.2314,1.1384,0.9469,1.2116,0.8567,0.6427,0.4906,0.7779,0.5694,0.5694,0.7272,0.8229,0.7469,0.7046,0.7103,0.8708,0.7272,0.5638,0.6455,0.6596,0.5582,0.8089,0.6399,0.4427,0.5187,0.5244,0.6061,0.5751,0.6708,0.8652,0.637,1.767,0.3746,0.7976,0.7469,0.7948,0.5244,0.7356,0.5807,0.5272,0.6624
11/9/2020,37.4337,0.9349,0.8054,0.7053,1.1027,1.5854,0.8701,0.9378,1.3087,0.9172,1.1409,1.2027,0.5228,0.6494,0.514,0.5316,0.6876,0.8054,0.6082,0.6023,0.6641,0.7524,0.773,0.773,0.7642,0.564,0.8054,1.0585,0.4639,0.7053,0.6847,0.4728,0.6288,0.5964,0.514,0.564,0.6023,0.5581,0.7112,2.2298,0.4347,0.9231,0.5522,0.8701,0.8113,0.7141,0.6288,0.6612,0.5199
11/8/2020,38.1249,0.7902,0.9921,0.6065,1.0312,1.5916,1.0102,1.2662,1.0403,0.5221,0.6878,1.2271,0.6155,0.5975,0.6396,0.5312,0.5191,0.8716,0.7963,0.7993,0.73,0.8475,0.5462,0.6969,0.9499,0.739,0.6155,0.5493,0.5944,1.1939,0.5764,0.6396,0.4137,0.492,0.4077,0.4529,0.6848,0.7812,0.5854,3.1154,0.5498,0.965,1.0222,0.5101,0.6095,0.7089,0.721,0.5493,0.742
11/7/2020,35.4755,0.8755,0.6228,0.5074,1.153,1.0404,1.2272,0.7024,1.1997,1.153,1.0816,1.0404,0.5815,0.6063,0.7162,0.5074,0.5293,0.642,0.5788,0.8343,0.7327,0.5568,0.7519,0.6805,0.881,0.7107,0.6969,0.9854,0.5101,0.9964,0.5843,0.4771,0.5706,0.5706,0.5211,0.6008,0.6255,0.5376,0.8261,1.1807,0.2984,0.5733,0.8151,0.686,0.8316,0.7189,0.8068,0.6063,0.5431
11/6/2020,48.7211,0.7734,1.2213,1.087,1.2702,2.1457,1.5023,0.8508,1.8281,0.9892,1.4046,0.977,1.0381,0.7938,0.8711,0.9159,0.7734,0.7612,0.7286,1.0829,0.8019,0.8264,1.0625,1.2661,1.2621,0.7205,0.6146,1.4412,0.6594,1.1562,0.9526,0.6105,0.7531,0.7123,0.5291,0.5454,0.749,0.7245,0.6716,4.2715,0.7,0.6513,0.7571,1.1806,1.144,0.8019,0.6309,0.9037,0.6065
11/5/2020,44.8052,0.7335,0.7813,0.7114,1.2377,1.2708,1.6352,0.8365,1.4917,1.4806,1.3039,1.0537,0.9359,0.6488,0.8328,0.888,0.7224,0.6341,0.6267,0.785,0.7703,0.9727,0.5605,0.6967,0.7298,0.8807,0.5605,0.8181,0.6415,0.7335,0.7592,0.6562,0.4685,0.7114,0.4574,0.6083,0.796,0.8954,0.8108,5.3784,0.8438,0.704,0.8807,0.9985,0.5347,0.877,1.1199,0.6672,0.6635
11/4/2020,45.9572,0.8727,0.9106,0.6032,1.1232,1.2636,1.4496,1.1991,1.7077,0.7436,1.2295,1.3319,0.7019,0.6867,0.8043,0.922,0.8537,0.9979,1.1004,0.7892,1.0549,0.736,0.8727,1.1118,1.0625,0.6373,0.922,0.9941,0.5918,1.3282,0.96,0.6411,0.7626,0.4513,0.5918,0.7057,0.793,0.8916,0.569,3.4923,0.5987,0.7626,0.6449,0.6146,0.7057,1.0397,1.2105,1.0359,0.8841
11/3/2020,37.5486,0.8522,0.6365,0.8374,1.3161,1.4461,1.0886,1.2393,1.1447,1.0768,0.7547,0.7547,0.6513,0.666,0.5006,0.5951,0.5331,0.7399,0.5567,0.8817,0.7251,0.8138,0.5981,0.6749,0.5508,0.4326,0.5981,0.6808,0.5272,0.5774,0.7074,0.4031,0.6601,0.536,0.4503,0.4385,0.6276,0.5153,0.6897,4.3718,0.713,0.7281,0.6394,0.5331,0.5094,0.5597,0.6749,0.8108,0.5301
11/2/2020,22.2297,0.3716,0.4911,0.3431,0.7273,0.6334,0.6306,0.622,0.5551,0.4769,0.521,0.5708,0.4057,0.373,0.4726,0.3673,0.41,0.3488,0.346,0.4498,0.3687,0.4655,0.4698,0.4612,0.3972,0.3602,0.4385,0.5068,0.3175,0.4996,0.3602,0.373,0.3232,0.3445,0.3573,0.2805,0.363,0.3588,0.4811,1.6792,0.3632,0.4655,0.5395,0.3573,0.4655,0.494,0.3844,0.4996,0.3388
11/1/2020,36.3972,0.8226,0.8255,0.9476,1.1009,1.4417,1.1861,1.2458,1.0186,0.7289,0.9902,0.675,0.8397,0.7034,0.7715,0.6437,0.6068,0.5103,0.7318,0.7914,0.7176,0.7516,0.5245,0.9135,0.8482,0.6807,0.4705,1.0498,0.5018,1.1123,0.6153,0.4308,0.55,0.4364,0.5131,0.4336,0.5756,0.7886,0.6381,1.2348,0.3054,0.7374,0.5955,0.7999,0.851,0.8255,0.5273,0.6125,0.7744
10/31/2020,42.8469,0.8113,1.0239,0.5535,0.9472,1.0518,0.9019,0.9403,1.5118,0.7904,0.6266,0.7312,0.766,0.5848,0.7277,0.8427,0.8845,0.766,0.7486,0.8183,0.7939,0.8532,0.773,0.888,0.8288,0.672,0.6371,1.2434,0.5639,0.766,0.8497,0.5256,0.4315,0.5082,0.4664,0.5186,0.6685,0.6371,0.8601,5.7333,0.8899,0.8601,0.5744,0.8462,0.9856,0.7068,0.9298,0.9472,0.8601
10/30/2020,32.5961,0.5504,0.6512,0.7152,0.7324,1.1776,0.8258,1.2341,0.6832,0.7299,0.4889,0.4987,0.7865,0.6635,0.6586,0.5799,0.57,0.5086,0.6045,0.5184,0.6143,0.575,0.4667,0.6881,0.575,0.5553,0.634,0.6881,0.511,0.9857,0.5036,0.5012,0.5577,0.5135,0.4421,0.4126,0.5405,0.4421,0.7299,3.4275,0.5903,0.6094,0.543,0.7398,0.4471,0.5233,0.4471,0.4618,0.693
10/29/2020,35.2452,0.7197,0.8641,0.5508,0.856,0.935,1.1257,0.6789,1.1393,0.5781,0.5971,0.8914,0.4882,0.4664,0.6734,0.529,0.7497,0.7443,0.6762,0.6462,0.6598,0.6353,0.5072,0.5045,0.7061,0.4854,0.5781,0.9513,0.5018,0.777,0.7252,0.4146,0.5753,0.5753,0.5018,0.4664,0.5971,0.4664,0.6244,4.5117,0.7312,0.5999,0.5835,0.7252,0.4718,0.5699,0.7225,0.6189,0.5481
10/28/2020,34.8995,0.7719,0.7316,0.8203,0.8096,1.3745,1.1539,0.7665,0.9575,0.7181,0.7477,0.9279,0.7423,0.4868,0.6966,0.5755,0.6213,0.6831,0.5244,0.7181,0.7746,0.6993,0.6509,0.7692,0.702,0.4599,0.4814,0.8499,0.4437,0.8257,0.6643,0.5029,0.4922,0.4948,0.5029,0.3926,0.5298,0.71,0.7423,2.5854,0.4809,0.8687,0.7235,0.4841,0.589,0.6159,0.5244,0.8042,0.7074
10/27/2020,41.8108,0.9815,0.924,1.1032,1.3264,1.2317,1.1235,0.9984,0.8936,0.7922,0.5927,0.8598,0.7584,0.5792,0.5555,0.9004,0.6434,0.7651,0.9815,0.9206,0.6806,0.711,0.8463,1.0457,0.8598,0.853,0.8361,0.5555,0.6366,0.8091,0.7347,0.4912,0.5048,0.5961,0.5318,0.4541,0.6603,0.8192,0.853,3.9699,0.6608,0.5961,1.0085,0.9342,0.7786,0.613,1.0457,0.9342,0.8598
10/26/2020,51.4857,0.845,1.1016,1.1886,1.3147,1.8322,1.6539,2.0496,1.4538,0.645,1.6365,0.8972,1.0277,0.9407,0.8755,0.7711,0.9755,0.832,1.1755,0.819,1.0625,0.8929,0.8798,0.9625,1.319,0.7102,1.1016,0.8537,0.7407,1.3277,0.8233,0.7233,0.5841,0.6581,0.6668,0.745,0.7755,0.7537,1.0364,4.3962,0.7162,0.6754,1.393,0.9494,0.9755,1.106,1.0016,0.7189,0.9016
10/25/2020,44.8051,1.0978,1.0389,1.0537,0.9727,1.6057,1.4254,1.6536,1.4401,1.0758,1.1678,1.4328,1.0868,0.5752,0.9653,0.8328,0.6046,0.7335,0.612,0.7371,0.7813,0.6488,0.7887,1.1457,0.6525,0.6304,0.8549,0.958,0.6672,0.6488,0.8917,0.4133,0.7445,0.5016,0.4979,0.4979,0.8108,0.693,1.0574,3.9061,0.6525,0.8181,0.5678,0.6194,0.9396,0.877,0.6415,0.8328,0.9543
10/24/2020,29.8315,0.4723,0.5247,0.5051,0.7212,1.0705,0.9024,1.0356,0.6273,0.9002,0.9155,0.9024,0.433,0.5487,0.4963,0.5749,0.4701,0.6928,0.6753,0.481,0.6994,0.5007,0.4832,0.6208,0.5313,0.4396,0.6404,0.4505,0.4592,0.636,0.5356,0.4461,0.4417,0.3217,0.3959,0.3653,0.5116,0.457,0.6841,2.5722,0.4792,0.5225,0.3719,0.5072,0.3806,0.7015,0.4483,0.6186,0.6601
10/23/2020,29.6016,0.454,0.5447,0.5209,1.0394,1.0631,0.8536,0.5944,0.8946,0.4,0.819,0.7585,0.562,0.4172,0.5404,0.4432,0.4799,0.6181,0.4799,0.5144,0.5361,0.562,0.4172,0.657,0.3848,0.5685,0.508,0.4993,0.4626,0.4756,0.5296,0.3611,0.5101,0.3438,0.4432,0.4172,0.4691,0.6765,0.5382,2.9024,0.5221,0.67,0.6311,0.6181,0.6311,0.5728,0.5793,0.6657,0.4518
10/22/2020,27.6431,0.6086,0.6853,0.6597,0.864,0.8404,0.7717,0.4927,0.7108,0.8778,0.6754,0.5831,0.4063,0.5438,0.5104,0.4751,0.6204,0.6302,0.5085,0.5301,0.4986,0.5556,0.3729,0.6813,0.4967,0.4908,0.3945,0.7147,0.4299,0.5006,0.5654,0.4122,0.3356,0.4142,0.4731,0.4692,0.4692,0.4319,0.5811,1.7608,0.3738,0.6086,0.6067,0.4711,0.5988,0.4711,0.4063,0.4594,0.6047
10/21/2020,31.4443,0.455,0.7387,0.5043,0.9731,1.006,0.6567,0.8864,1.1443,0.9872,0.8653,0.6191,0.7739,0.5019,0.509,0.6754,0.6496,0.5652,0.6309,0.6707,0.6145,0.4855,0.6942,0.6684,0.5699,0.4011,0.5512,0.8934,0.4527,0.9661,0.5488,0.4105,0.3941,0.387,0.3847,0.5371,0.4738,0.6473,0.4597,1.9427,0.3974,0.4832,0.7035,0.5535,0.5113,0.6191,0.6637,0.6027,0.6145
10/20/2020,43.1927,0.9867,0.7614,0.9268,1.1697,1.8841,1.043,0.9057,0.8881,1.1169,0.6418,1.3562,1.1239,0.7297,0.6382,0.86,0.874,0.8283,0.6594,0.9022,0.7896,0.7825,0.5679,0.7051,1.043,0.4799,0.6312,0.6101,0.5186,0.9585,0.8811,0.4341,0.5397,0.5467,0.4482,0.6171,0.7473,0.6382,0.7509,4.2935,0.7028,1.0958,1.0817,0.5538,1.0007,0.7333,0.9409,0.9198,0.8846
10/19/2020,50.9097,0.8232,0.7717,0.6902,1.2995,1.6728,1.484,1.6213,1.3853,0.7545,1.1321,1.7672,0.7631,0.6773,1.0077,1.0764,0.7245,0.9305,0.8318,0.9176,0.9991,0.8403,0.8876,0.7245,1.1364,0.9562,0.6987,1.381,0.6945,1.3596,0.9948,0.8403,0.4799,0.5829,0.7374,0.7116,0.7159,1.175,1.0849,5.1491,0.814,0.8318,1.1493,0.8446,0.7116,1.0377,1.2566,1.042,0.7417
10/18/2020,54.0198,0.9858,1.331,1.4138,1.4782,2.0995,1.5887,2.0949,1.0364,1.3126,0.949,1.6025,1.0825,0.7465,0.7971,0.8616,1.0318,1.041,0.8662,1.1607,0.9076,0.9122,0.8017,0.88,0.857,1.0733,1.0871,1.4046,0.6361,1.2941,0.9536,0.7879,0.5118,0.498,0.6499,0.7557,0.8063,1.1331,1.1193,4.7038,0.7561,1.3218,1.5012,0.6361,0.6269,1.041,0.8063,1.0042,1.0733
10/17/2020,36.6274,0.785,0.9453,0.8852,0.8108,1.2287,1.3118,0.7965,1.1915,1.0656,0.8738,0.9625,0.765,0.7134,0.7736,0.536,0.5961,0.6705,0.8795,0.6133,0.6419,0.8051,0.8222,0.6304,0.7134,0.5245,0.4844,1.0971,0.5531,0.9625,0.7507,0.4014,0.5445,0.4844,0.5961,0.4329,0.5445,0.5732,0.6476,1.816,0.381,0.8566,0.7593,0.5646,0.6676,0.6562,0.9339,0.5989,0.7793
10/16/2020,43.1927,0.8776,0.8776,0.7368,1.3527,1.6729,1.5885,1.1415,1.3139,1.2541,0.779,1.2295,1.0289,0.6699,0.8142,0.6136,0.6523,0.6523,1.0183,0.7544,0.7438,0.6277,0.9691,0.7473,0.5151,0.6382,0.8811,0.9902,0.5784,0.6136,0.6875,0.5362,0.6277,0.494,0.7016,0.7051,0.6382,1.0148,0.9409,3.8108,0.6401,0.5573,0.9937,0.867,0.5608,1.0113,0.6101,0.6594,0.8037
10/15/2020,48.6063,1.2021,0.8245,1.1534,1.7138,1.2184,1.799,1.328,1.799,0.6418,0.8935,1.5554,1.2427,0.792,0.8164,0.9463,1.0641,0.7392,0.7027,0.8651,1.1534,0.6864,1.0559,1.2874,1.1656,0.8326,1.0194,1.0235,0.7311,0.7352,0.7676,0.4915,0.7027,0.7352,0.5687,0.8001,0.7352,1.1331,1.1128,2.3013,0.444,1.2143,1.2305,0.8042,0.8935,0.9788,0.6458,1.0722,0.9869
10/14/2020,48.9519,1.1659,0.8506,0.9775,1.559,2.2429,1.4403,1.2765,1.6532,0.8628,0.699,1.1167,0.7154,0.6908,0.9939,0.8547,1.0144,0.7441,0.8997,0.8014,1.1659,0.9243,1.0922,0.8792,1.0267,0.7441,1.0062,1.256,0.6458,1.0799,0.8055,0.6458,0.8383,0.5885,0.6622,0.4984,0.8588,0.613,0.8465,3.9251,0.655,0.9366,1.2969,0.6949,0.7809,1.0185,1.2068,0.6704,1.0307
10/13/2020,49.6428,0.9121,0.7663,0.9246,1.4035,1.4742,1.6825,0.9079,1.037,1.291,1.1619,1.0662,0.8205,0.6705,0.9829,0.9121,0.7413,0.8996,1.1078,1.0828,1.1494,1.0703,0.9787,0.9329,0.9121,0.5539,0.8829,1.2994,0.6122,1.5117,1.0495,0.7996,0.6747,0.7288,0.6997,0.8288,0.8246,0.7164,0.7288,3.771,0.635,1.2744,0.8579,0.7538,1.0079,1.087,1.2619,1.1661,1.0287
10/12/2020,42.0408,1.0381,0.8577,0.7862,1.3853,1.77,0.8271,1.0109,1.1436,1.1777,0.6637,0.7794,0.5615,0.6058,0.8951,0.7386,0.97,0.8475,0.7079,0.7386,0.6909,0.8951,0.9019,0.7045,1.0075,0.8066,0.9054,0.6569,0.6535,0.6909,0.742,0.633,0.6739,0.4594,0.6296,0.5479,0.7317,0.953,0.8271,4.1796,0.688,0.8032,0.6262,0.6943,0.6773,0.6364,0.9768,0.6194,0.5241
10/11/2020,44.1142,1.0117,0.777,0.9215,1.2862,1.1381,1.2826,1.4776,1.0226,0.7806,0.8312,0.8276,1.1526,0.6289,0.842,0.6289,0.6614,0.9323,0.9034,0.7481,0.7373,0.8492,0.9287,0.8203,1.037,0.6975,0.7951,0.9937,0.5459,0.6542,0.8203,0.5061,0.7156,0.6903,0.712,0.7012,0.6903,0.5748,0.6542,5.4659,0.8552,0.7806,0.6687,0.5784,0.7264,0.8564,0.8059,0.6578,0.7409
10/10/2020,30.9836,0.516,0.6884,0.6034,0.7527,0.7022,1.0102,1.1205,1.0331,0.4976,0.778,0.5252,0.7803,0.4655,0.454,0.6631,0.6976,0.6792,0.7206,0.5321,0.5505,0.6447,0.5045,0.4471,0.6332,0.5574,0.6332,0.4448,0.4769,0.87,0.5321,0.4356,0.4287,0.4999,0.4379,0.4563,0.5229,0.6631,0.5206,2.2374,0.4357,0.5022,0.8125,0.5413,0.7114,0.539,0.6332,0.6011,0.4907
10/9/2020,25.2247,0.6059,0.4595,0.5129,0.7644,0.7402,0.8505,0.7661,0.6662,0.4802,0.5129,0.7575,0.4233,0.4026,0.5387,0.5129,0.4336,0.5249,0.4681,0.4974,0.4061,0.5284,0.3906,0.3871,0.5783,0.3527,0.3734,0.649,0.4026,0.7575,0.4957,0.3062,0.3096,0.3854,0.2976,0.382,0.4319,0.3785,0.5835,1.842,0.3843,0.5249,0.332,0.4991,0.5456,0.4113,0.4147,0.4664,0.4905
10/8/2020,27.7587,0.5974,0.4453,0.4947,0.797,0.9432,0.8543,0.9234,0.6942,0.384,0.4334,0.7456,0.5006,0.4216,0.5263,0.5757,0.4255,0.4551,0.5164,0.4571,0.4453,0.3998,0.5875,0.5203,0.5618,0.4433,0.4571,0.463,0.4136,0.6053,0.5263,0.3741,0.3109,0.4097,0.386,0.3682,0.4334,0.4433,0.5915,2.9505,0.5284,0.4196,0.7377,0.5322,0.4275,0.552,0.5678,0.5282,0.5836
10/7/2020,38.9312,0.8874,0.7234,0.708,1.1534,0.8224,1.2585,1.2678,1.2029,0.8348,1.2183,0.6739,0.9802,0.7698,0.51,0.8781,0.8441,0.6492,0.7605,0.8441,0.7111,0.6183,0.8966,0.6121,0.5626,0.5595,0.5595,0.6183,0.578,1.0327,0.8069,0.6492,0.6523,0.5409,0.4512,0.6028,0.7141,0.5162,0.6647,3.2299,0.5646,0.6554,0.9616,0.575,0.7636,0.7234,0.609,0.7729,0.742
10/6/2020,39.0459,0.859,0.6386,0.6634,0.9583,1.0639,1.4054,1.4861,0.7907,1.2067,1.0577,1.1508,0.7131,0.71,0.7969,0.8031,0.5454,0.6262,0.8931,0.623,0.8217,0.5547,0.623,0.8714,0.5454,0.8093,0.623,1.1167,0.561,1.0235,0.6479,0.6727,0.4709,0.4306,0.4368,0.5454,0.7007,0.9304,0.6479,2.5379,0.4747,0.7534,0.7814,0.8,0.8373,0.8714,0.6634,0.6262,0.6758
10/5/2020,38.9309,0.8069,0.8812,0.6739,1.1162,1.5462,1.1626,1.24,1.2647,0.5162,1.0049,1.1812,0.9956,0.5378,0.7451,0.8626,0.8471,0.6214,0.8935,0.8193,0.7853,0.8193,0.9121,0.6616,0.4791,0.5997,0.6059,1.1657,0.5286,1.1348,0.7111,0.4079,0.4574,0.5564,0.5286,0.6554,0.5595,0.6244,0.609,2.4032,0.4572,0.5533,0.4853,0.8471,0.8843,0.9399,0.5966,0.6492,0.5966
10/4/2020,42.7321,1.094,0.6981,0.9516,1.0523,1.9241,1.1461,0.8474,1.5664,0.6147,0.7918,1.3024,0.6599,0.6182,0.7884,0.6251,0.7363,0.6599,0.8752,0.8092,0.8821,0.6738,0.9273,0.6355,0.9377,0.5696,0.6703,1.1669,0.6668,1.0732,0.7189,0.4133,0.6078,0.4272,0.5244,0.6425,0.7085,0.7953,0.7467,3.4372,0.5916,0.9342,0.8439,1.0107,0.7988,0.9759,0.9551,0.7571,0.8787
10/3/2020,55.8623,1.009,1.3776,1.2723,2.0237,1.4302,1.3249,1.0665,1.1622,1.8371,0.9995,1.4446,0.942,0.7458,0.7937,1.2244,0.832,0.875,0.9708,1.0521,1.2914,0.8798,0.8272,1.0904,1.0378,0.7314,0.9468,1.3345,0.7506,1.0186,1.0521,0.5639,0.6788,0.5352,0.6884,0.7649,0.875,1.0617,0.9373,7.8379,1.1633,1.0569,0.6932,0.9325,0.7793,1.0234,1.1335,0.7649,1.0282
10/2/2020,36.973,0.8417,0.6331,0.8186,0.8997,1.6298,1.2879,0.8794,0.9316,1.1749,0.5897,1.1315,0.5665,0.6882,0.61,0.5636,0.7722,0.7925,0.6824,0.7751,0.6563,0.7809,0.468,0.6128,0.5868,0.6013,0.6563,0.4564,0.4825,1.0735,0.7172,0.6186,0.5288,0.5433,0.4274,0.6244,0.6128,0.5259,0.8128,2.8385,0.5138,0.7693,0.5636,0.5984,0.8533,0.6766,0.6737,0.6157,0.8157
10/1/2020,34.9001,0.5917,0.7208,0.5998,0.8015,1.0113,1.1055,0.9037,1.2696,0.6966,0.6751,0.9629,0.8849,0.5325,0.7289,0.5137,0.7773,0.7504,0.589,0.7746,0.7289,0.7047,0.4733,0.5217,0.4626,0.6805,0.6293,0.7262,0.4679,0.7289,0.6697,0.4034,0.4922,0.5675,0.4464,0.4088,0.5217,0.4679,0.5191,3.7091,0.6269,0.6751,0.6105,0.6455,0.7235,0.6562,0.6455,0.5029,0.5944
9/30/2020,34.3235,0.5799,0.601,0.9011,0.83,1.2775,0.7984,0.8511,1.0222,0.6852,0.8511,0.8458,0.6537,0.6168,0.5905,0.7142,0.5931,0.6589,0.6826,0.8011,0.6879,0.5247,0.6142,0.7984,0.6537,0.5799,0.6326,0.988,0.5457,0.7511,0.651,0.4325,0.5062,0.4536,0.4325,0.5457,0.5668,0.4931,0.7721,2.0654,0.4133,0.551,0.88,0.5642,0.73,0.8116,0.7484,0.6852,0.6905
9/29/2020,35.7062,0.9341,0.718,0.6543,0.7956,0.8649,1.0477,1.2084,1.189,0.7319,1.0117,0.9341,0.7374,0.6072,0.7236,0.6127,0.4964,0.6294,0.7069,0.7208,0.8039,0.7097,0.585,0.4991,0.7873,0.6986,0.779,0.5241,0.5296,0.5989,0.6488,0.5712,0.4022,0.3966,0.4659,0.6044,0.646,0.8649,0.6737,2.3073,0.4448,0.6626,0.9701,0.4825,0.815,0.7901,0.9286,0.6654,0.5268
9/28/2020,38.7007,0.9096,0.8482,0.9526,1.2965,1.5666,1.1859,1.1921,0.7899,1.057,0.5965,1.2903,1.0201,0.5811,0.7745,0.6272,0.9127,0.7101,0.75,0.7039,0.7561,0.5412,0.6978,0.8175,0.707,0.5381,0.7009,0.971,0.6026,0.6026,0.793,0.4737,0.575,0.5658,0.5658,0.5811,0.5842,0.6333,0.9096,1.1991,0.3008,0.971,0.9403,0.8851,0.8943,0.8728,0.8452,0.7623,0.6487
9/27/2020,38.1249,0.9258,0.5944,0.5342,1.3445,1.1939,0.8023,1.3566,1.1819,0.6697,0.9559,1.0674,0.9077,0.6035,0.8053,0.8294,0.7752,0.5342,0.6908,0.7451,0.6276,0.733,0.8113,0.6216,0.7692,0.6155,0.6818,0.8204,0.5252,0.8475,0.7782,0.4619,0.4468,0.5824,0.5071,0.5252,0.5794,0.5493,0.5432,3.6912,0.6246,0.7029,0.9559,0.477,0.6246,0.6517,0.5884,0.5282,0.736
9/26/2020,28.1041,0.5748,0.4944,0.6391,0.8944,0.9387,0.5346,0.4903,0.8643,0.5889,0.4984,0.9045,0.4743,0.5346,0.5245,0.6351,0.4722,0.4843,0.5667,0.4924,0.5667,0.5929,0.5326,0.6069,0.6753,0.3496,0.5165,0.7215,0.3798,0.5828,0.4542,0.4883,0.4743,0.43,0.3456,0.4863,0.4783,0.6713,0.426,2.1203,0.4205,0.4944,0.3918,0.5205,0.5788,0.6451,0.5305,0.43,0.5868
9/25/2020,22.1147,0.3671,0.3614,0.3996,0.6635,0.7581,0.4758,0.5195,0.6875,0.3177,0.6,0.4687,0.3826,0.3262,0.3389,0.3798,0.4193,0.4052,0.4518,0.4221,0.4348,0.3826,0.4603,0.473,0.4617,0.3713,0.3939,0.5336,0.3699,0.4701,0.377,0.3629,0.3304,0.3078,0.3713,0.3742,0.4137,0.4179,0.3502,2.1366,0.4226,0.401,0.4786,0.3558,0.3572,0.4363,0.336,0.3318,0.4574
9/24/2020,23.8424,0.5722,0.5025,0.5627,0.5881,0.9366,0.6388,0.4518,0.6609,0.7307,0.558,0.7893,0.4883,0.3425,0.4788,0.4281,0.3869,0.3932,0.4851,0.4914,0.5136,0.5136,0.4011,0.3679,0.4487,0.4851,0.3742,0.6103,0.3758,0.493,0.4962,0.2665,0.2855,0.3615,0.3948,0.3188,0.4471,0.4867,0.3837,1.3318,0.318,0.3536,0.5025,0.3615,0.5405,0.5247,0.5136,0.4534,0.4328
9/23/2020,29.8319,0.5968,0.6099,0.54,0.9373,0.8565,0.636,0.9526,0.8478,0.8937,0.5553,0.8173,0.7256,0.5749,0.4155,0.4417,0.5247,0.6928,0.6033,0.4876,0.5487,0.4396,0.5182,0.4614,0.5575,0.4483,0.5444,0.8609,0.4701,0.4461,0.4767,0.4723,0.409,0.457,0.4024,0.4286,0.481,0.4396,0.5116,2.6186,0.4852,0.5924,0.5116,0.5182,0.647,0.6186,0.6579,0.5051,0.5946
9/22/2020,29.3708,0.6176,0.6689,0.6945,0.8527,0.8035,0.8399,0.5107,1.0279,0.5492,0.7458,0.5129,0.5065,0.5898,0.4317,0.4808,0.6539,0.5855,0.4552,0.4744,0.6176,0.5962,0.4488,0.6603,0.6283,0.4445,0.4936,0.4701,0.4509,0.4915,0.4701,0.4167,0.3547,0.4808,0.468,0.4424,0.4915,0.6667,0.4894,2.7333,0.5001,0.4402,0.5321,0.453,0.6582,0.5877,0.6432,0.6625,0.577
9/21/2020,33.7481,0.6945,0.8438,0.6095,0.9134,1.0241,0.8181,0.9211,1.1786,0.6327,0.8155,0.9211,0.5864,0.5967,0.7125,0.728,0.782,0.5168,0.7434,0.6379,0.5812,0.746,0.4319,0.849,0.6044,0.5889,0.5992,0.8258,0.4782,0.7511,0.679,0.3778,0.5812,0.4164,0.3675,0.4834,0.4988,0.7022,0.4834,2.5252,0.4731,0.8413,0.558,0.6765,0.7177,0.5555,0.4808,0.5555,0.643
9/20/2020,24.4185,0.5509,0.4737,0.3867,0.6756,0.6773,0.4819,0.4967,0.5706,0.6707,0.4113,0.697,0.5246,0.39,0.4064,0.3949,0.4392,0.4097,0.4688,0.4392,0.4638,0.4359,0.4934,0.5903,0.4409,0.344,0.3555,0.518,0.3932,0.5229,0.4474,0.3965,0.3489,0.3538,0.3095,0.3111,0.3867,0.5377,0.3522,2.615,0.4848,0.5673,0.6379,0.3473,0.3735,0.5016,0.5,0.4671,0.3571
9/19/2020,23.4971,0.3666,0.4518,0.4441,0.6068,0.5324,0.5587,0.7834,0.6998,0.4627,0.3945,0.396,0.3728,0.396,0.3464,0.348,0.4131,0.5246,0.3635,0.5045,0.5169,0.3495,0.4642,0.396,0.5262,0.472,0.4379,0.3557,0.365,0.6471,0.4751,0.3123,0.334,0.317,0.3836,0.379,0.4441,0.4751,0.3945,2.2445,0.4366,0.4441,0.3573,0.4534,0.5231,0.5401,0.5308,0.5262,0.4301
9/18/2020,21.3084,0.5193,0.3863,0.4701,0.5366,0.7602,0.5619,0.3956,0.4102,0.6085,0.5114,0.357,0.4355,0.3596,0.3703,0.3224,0.3277,0.3996,0.4954,0.4222,0.4661,0.3849,0.3716,0.5034,0.5074,0.3184,0.3077,0.3876,0.3317,0.4847,0.3463,0.3077,0.2745,0.3357,0.329,0.3144,0.3783,0.4248,0.3836,1.8839,0.3898,0.4994,0.4328,0.3969,0.3117,0.4754,0.365,0.4195,0.3264
9/17/2020,24.9947,0.4403,0.6255,0.3961,0.8192,0.5609,0.5983,0.7326,0.6663,0.7445,0.5898,0.7904,0.6391,0.4692,0.4573,0.5133,0.4964,0.4726,0.4641,0.4182,0.4828,0.4794,0.5354,0.6238,0.4607,0.3706,0.4913,0.7207,0.3961,0.3893,0.515,0.2924,0.3247,0.4046,0.2975,0.3196,0.4301,0.4675,0.4165,1.7414,0.3713,0.4726,0.3417,0.4063,0.583,0.4522,0.4369,0.442,0.4352
9/16/2020,24.7636,0.4181,0.6109,0.4533,0.5472,0.7148,0.5137,0.7903,0.859,0.3729,0.5807,0.6679,0.5455,0.4315,0.3611,0.4734,0.3645,0.4567,0.3963,0.5204,0.4349,0.46,0.4734,0.4667,0.393,0.4382,0.3745,0.4282,0.3611,0.4148,0.4466,0.3527,0.3108,0.3863,0.3796,0.3779,0.4399,0.3578,0.3611,3.0909,0.5466,0.4265,0.5154,0.3947,0.4114,0.4014,0.3511,0.3745,0.5154
9/15/2020,27.1827,0.5446,0.4275,0.3911,0.8822,0.6635,0.7959,0.5331,0.7843,0.5637,0.5062,0.5906,0.6827,0.5254,0.5503,0.4237,0.5753,0.487,0.6462,0.4487,0.4621,0.3949,0.4487,0.5407,0.3873,0.5465,0.5426,0.5964,0.4045,0.5235,0.4755,0.4487,0.4391,0.4582,0.4045,0.4717,0.4813,0.3892,0.4122,2.8134,0.5105,0.6136,0.5215,0.418,0.627,0.5426,0.4391,0.4582,0.3892
9/14/2020,28.1038,0.5386,0.615,0.43,0.7336,0.7135,0.7175,0.7517,0.7758,0.6291,0.6673,0.4662,0.4622,0.4521,0.5587,0.5667,0.4441,0.5889,0.4662,0.5185,0.5627,0.5466,0.4662,0.7014,0.4944,0.4381,0.3717,0.3838,0.4059,0.7336,0.5426,0.3737,0.3657,0.4461,0.3134,0.3657,0.422,0.418,0.4361,3.4529,0.5936,0.5104,0.5185,0.4501,0.4099,0.5406,0.6713,0.5868,0.4863
9/13/2020,25.455,0.3901,0.5664,0.5035,0.6118,0.6781,0.8631,0.4756,0.8579,0.3761,0.7374,0.3953,0.5437,0.4721,0.4791,0.4529,0.4634,0.4651,0.3971,0.5873,0.5402,0.5315,0.3552,0.4285,0.4285,0.3744,0.4128,0.5001,0.3604,0.4006,0.5193,0.3988,0.4564,0.3447,0.3325,0.3552,0.4721,0.4739,0.5018,2.3,0.4438,0.5577,0.5978,0.3988,0.5385,0.5926,0.528,0.5786,0.4163
9/12/2020,26.8371,0.4869,0.6357,0.4944,0.696,0.5773,0.6809,0.8693,0.583,0.5698,0.5189,0.907,0.4191,0.5434,0.3758,0.5321,0.4078,0.4379,0.4982,0.5265,0.4586,0.4662,0.5001,0.6414,0.3908,0.5001,0.5472,0.5434,0.4021,0.6602,0.4473,0.3513,0.4398,0.3098,0.421,0.3475,0.4605,0.4737,0.5754,2.0822,0.4155,0.5528,0.6414,0.534,0.6282,0.6037,0.647,0.5321,0.5038
9/11/2020,24.9942,0.6238,0.4454,0.5354,0.7309,1.0181,0.826,0.8515,0.8736,0.357,0.668,0.7819,0.3757,0.5133,0.5303,0.4947,0.4488,0.4709,0.5779,0.4046,0.476,0.549,0.5439,0.5864,0.391,0.4709,0.4114,0.7105,0.3876,0.6255,0.4505,0.3638,0.3604,0.306,0.4063,0.3213,0.3995,0.5541,0.5507,0.7412,0.2413,0.5252,0.408,0.3791,0.4624,0.4658,0.3859,0.4556,0.5371
9/10/2020,25.1098,0.5807,0.6184,0.5345,0.5807,0.5448,0.6184,0.7073,0.8767,0.425,0.4473,0.4011,0.4524,0.4781,0.5328,0.514,0.3857,0.49,0.4302,0.4148,0.5602,0.4746,0.4165,0.4353,0.5345,0.4421,0.5225,0.7005,0.3857,0.5431,0.5277,0.384,0.4524,0.425,0.3292,0.4182,0.3976,0.3532,0.4815,2.0095,0.4061,0.526,0.4883,0.4866,0.5089,0.5191,0.4267,0.5448,0.3771
9/9/2020,31.905,0.5252,0.6663,0.4487,0.8456,0.7643,0.7237,0.7691,0.7284,0.4727,0.8288,0.5491,0.7165,0.6567,0.5802,0.6663,0.7476,0.5993,0.738,0.6591,0.5252,0.5539,0.5157,0.6352,0.6065,0.6089,0.5157,0.7428,0.4272,0.5396,0.5659,0.5444,0.4583,0.3866,0.4177,0.4918,0.5252,0.6974,0.6161,3.3274,0.5773,0.6185,0.8121,0.4631,0.7404,0.6567,0.6663,0.5754,0.4081
9/8/2020,25.8007,0.528,0.5529,0.3749,0.8822,0.9018,0.6526,0.5974,0.795,0.8021,0.6758,0.5387,0.3767,0.4782,0.5245,0.4693,0.5921,0.4622,0.5957,0.569,0.5707,0.4372,0.3696,0.407,0.4034,0.4764,0.3838,0.3821,0.3981,0.4657,0.4159,0.4266,0.3447,0.3732,0.2984,0.3963,0.4835,0.4764,0.4817,1.7531,0.3728,0.4212,0.6651,0.4622,0.5476,0.6046,0.5618,0.5334,0.5191
9/7/2020,27.1826,0.6079,0.6002,0.5887,0.6443,0.6673,0.8189,0.535,0.6865,0.4602,0.7997,0.4602,0.6635,0.4909,0.4352,0.5311,0.5657,0.5753,0.4295,0.4563,0.6175,0.5235,0.3527,0.512,0.4506,0.4314,0.3949,0.6481,0.3642,0.5081,0.4544,0.3412,0.4352,0.3048,0.3144,0.4487,0.4199,0.6117,0.6002,2.8303,0.5127,0.5848,0.4544,0.6309,0.4064,0.5848,0.4793,0.4103,0.5388
9/6/2020,20.3867,0.3289,0.402,0.4825,0.5308,0.6708,0.6361,0.5953,0.5779,0.4206,0.3995,0.4404,0.4392,0.3983,0.3599,0.4231,0.4317,0.3946,0.4701,0.3549,0.402,0.3723,0.433,0.3426,0.3822,0.3698,0.3401,0.4169,0.3227,0.4194,0.3327,0.3686,0.3413,0.2633,0.3289,0.3215,0.3859,0.3252,0.464,1.1369,0.2927,0.4256,0.428,0.4602,0.4565,0.4107,0.3029,0.4553,0.3289
9/5/2020,33.402,0.8119,0.85,0.7636,0.7585,1.1802,0.9237,0.6696,0.9135,0.5985,0.7916,0.7128,0.6722,0.629,0.4842,0.7077,0.6874,0.7255,0.7204,0.6874,0.7484,0.535,0.6417,0.69,0.6214,0.5045,0.6188,0.8856,0.4994,0.5807,0.6188,0.5477,0.4385,0.5299,0.5375,0.5706,0.5198,0.6747,0.6976,2.1967,0.4304,0.6264,0.5731,0.789,0.5604,0.5502,0.7204,0.5807,0.6264
9/4/2020,17.2769,0.3671,0.3541,0.3095,0.4505,0.4014,0.3652,0.5572,0.4617,0.3949,0.3494,0.4663,0.4023,0.2845,0.2947,0.3012,0.2947,0.3726,0.3606,0.3401,0.3671,0.3364,0.2993,0.3754,0.3921,0.3225,0.2993,0.2845,0.2678,0.3531,0.3151,0.3151,0.2901,0.2789,0.2353,0.2576,0.2854,0.3262,0.3086,1.0961,0.2874,0.4004,0.4311,0.2594,0.3355,0.3754,0.4218,0.3661,0.2659
9/3/2020,21.7689,0.3966,0.431,0.5426,0.7105,0.5439,0.7216,0.7092,0.4379,0.3828,0.6362,0.5219,0.4861,0.3594,0.442,0.4834,0.3897,0.4902,0.4407,0.3677,0.4283,0.3663,0.4558,0.4434,0.3512,0.292,0.3333,0.3553,0.3291,0.6279,0.3994,0.2961,0.3773,0.3787,0.3223,0.3057,0.4049,0.3264,0.4269,1.579,0.3502,0.3319,0.3649,0.3181,0.4228,0.42,0.3608,0.4379,0.4696
9/2/2020,21.1932,0.4371,0.3566,0.3435,0.5875,0.5176,0.6997,0.4648,0.4727,0.4147,0.5625,0.4134,0.3566,0.4292,0.3144,0.4121,0.4187,0.3738,0.4292,0.4609,0.3514,0.4582,0.292,0.3316,0.4635,0.4041,0.321,0.5255,0.3052,0.3896,0.4266,0.259,0.3751,0.3118,0.2669,0.3369,0.3725,0.4002,0.4477,2.0454,0.4108,0.4068,0.4292,0.4596,0.4648,0.3474,0.3421,0.4121,0.3712
9/1/2020,25.8004,0.5903,0.496,0.5636,0.8057,0.6063,0.9054,0.795,0.8271,0.4266,0.4906,0.7078,0.4586,0.3838,0.5173,0.4924,0.5102,0.5191,0.5227,0.5868,0.4461,0.5512,0.3518,0.455,0.5084,0.4123,0.366,0.6028,0.4034,0.7452,0.4693,0.455,0.3482,0.4016,0.3821,0.3803,0.4853,0.4016,0.3696,1.7153,0.3679,0.6206,0.5618,0.4515,0.4995,0.3999,0.3767,0.5049,0.5618
8/31/2020,25.9156,0.4909,0.4909,0.4372,0.6163,0.8457,0.6826,0.8654,0.4945,0.7937,0.7041,0.7364,0.6378,0.4874,0.5106,0.4444,0.5716,0.4963,0.396,0.5913,0.5304,0.559,0.4229,0.6217,0.6181,0.4193,0.4103,0.6056,0.3799,0.7418,0.4981,0.4067,0.4569,0.4264,0.3082,0.3637,0.4712,0.4587,0.4372,1.4938,0.3391,0.5339,0.3494,0.3996,0.3817,0.4587,0.5734,0.4909,0.4659
8/30/2020,16.4711,0.381,0.3014,0.2971,0.3878,0.4318,0.5055,0.4225,0.5021,0.3166,0.2997,0.3903,0.2776,0.2641,0.3141,0.3115,0.2802,0.3141,0.32,0.3285,0.3115,0.2692,0.3446,0.37,0.3234,0.2471,0.2692,0.3039,0.2565,0.3285,0.2988,0.2505,0.2395,0.2378,0.2285,0.281,0.2819,0.3412,0.3462,1.3572,0.3213,0.3547,0.2759,0.375,0.2683,0.3573,0.3479,0.3556,0.2827
8/29/2020,17.277,0.2808,0.3791,0.3847,0.5313,0.5053,0.5331,0.547,0.4088,0.3086,0.3902,0.4728,0.3374,0.316,0.3401,0.3596,0.303,0.2771,0.3272,0.329,0.329,0.3578,0.3745,0.2928,0.3364,0.329,0.3504,0.3689,0.2901,0.432,0.3132,0.3077,0.304,0.3068,0.2381,0.2696,0.3132,0.2965,0.2901,1.0353,0.2795,0.3095,0.265,0.2891,0.2836,0.3494,0.406,0.3012,0.3272
8/28/2020,17.6227,0.3918,0.4226,0.2975,0.4236,0.6237,0.5025,0.4775,0.465,0.3408,0.4409,0.4804,0.3033,0.3303,0.3659,0.285,0.3909,0.3264,0.3995,0.3745,0.3168,0.3158,0.2918,0.3841,0.3177,0.3389,0.2841,0.4294,0.2629,0.4332,0.3043,0.2273,0.2398,0.2706,0.2841,0.2562,0.3062,0.361,0.3784,1.1137,0.2897,0.285,0.3062,0.2821,0.3437,0.3784,0.3591,0.2956,0.3245
8/27/2020,17.9684,0.2992,0.386,0.3291,0.5465,0.4508,0.4388,0.5205,0.4966,0.4617,0.3491,0.3122,0.3262,0.3481,0.3481,0.391,0.2883,0.2992,0.386,0.385,0.389,0.3202,0.382,0.4458,0.3142,0.2813,0.2883,0.3042,0.2853,0.4827,0.3521,0.3092,0.3252,0.3062,0.3012,0.2624,0.3252,0.4129,0.3301,1.1971,0.3005,0.3262,0.363,0.2933,0.2773,0.4009,0.3949,0.3022,0.3331
8/26/2020,22.5752,0.5515,0.4815,0.3911,0.5835,0.5689,0.7293,0.4844,0.6943,0.5733,0.5238,0.4042,0.5471,0.4247,0.3547,0.4917,0.4596,0.4844,0.3853,0.3897,0.4611,0.4494,0.3795,0.4742,0.4582,0.3212,0.3678,0.5208,0.3707,0.3693,0.4669,0.2964,0.2978,0.2716,0.3663,0.3853,0.3736,0.3314,0.3212,1.8642,0.3872,0.5485,0.429,0.3314,0.4523,0.3838,0.4611,0.4553,0.4567
8/25/2020,26.2611,0.4698,0.4771,0.4004,0.7839,1.0542,0.6835,0.8478,0.7382,0.4881,0.4168,0.7711,0.4241,0.4881,0.3712,0.415,0.4041,0.4424,0.5538,0.5794,0.541,0.4753,0.6104,0.6469,0.5337,0.3511,0.5556,0.5502,0.3767,0.6122,0.5392,0.2835,0.3931,0.3036,0.3876,0.3602,0.4278,0.4479,0.4223,2.1303,0.4218,0.4205,0.5885,0.5264,0.4205,0.5593,0.4753,0.5721,0.5191
8/24/2020,20.0417,0.4388,0.4894,0.4376,0.5327,0.6134,0.5592,0.5231,0.4424,0.3497,0.5183,0.3702,0.4063,0.3581,0.4159,0.3112,0.3124,0.3882,0.3328,0.434,0.4448,0.3569,0.4063,0.3437,0.4545,0.2799,0.2907,0.4316,0.3208,0.3918,0.3702,0.3088,0.2859,0.322,0.3557,0.3473,0.3569,0.4003,0.3413,1.4199,0.3295,0.3918,0.4894,0.3389,0.3244,0.4581,0.4677,0.3401,0.4388
8/23/2020,22.345,0.4292,0.3675,0.4292,0.7233,0.7907,0.6716,0.6573,0.7319,0.3259,0.4019,0.7132,0.3402,0.3589,0.4722,0.4593,0.465,0.4866,0.4536,0.4837,0.5081,0.4679,0.3431,0.5698,0.3431,0.4364,0.4794,0.6056,0.3345,0.5898,0.445,0.2986,0.3259,0.3804,0.3876,0.3187,0.4091,0.3431,0.3646,0.8395,0.2541,0.3474,0.5425,0.4722,0.3618,0.3517,0.5525,0.422,0.4894
8/22/2020,17.6226,0.2946,0.336,0.3851,0.5121,0.5516,0.5468,0.337,0.4294,0.4621,0.4505,0.4101,0.4371,0.3524,0.3428,0.3129,0.31,0.337,0.3072,0.3841,0.3957,0.3187,0.3495,0.3081,0.286,0.2619,0.3514,0.3543,0.3023,0.3226,0.2975,0.235,0.2995,0.2735,0.2427,0.2783,0.3341,0.3129,0.3033,1.3402,0.3191,0.387,0.3678,0.2735,0.3293,0.3052,0.3966,0.3139,0.2639
8/21/2020,14.3973,0.3439,0.2773,0.2492,0.3458,0.4949,0.3778,0.342,0.3867,0.3477,0.3292,0.2594,0.3208,0.2799,0.2965,0.3164,0.317,0.2518,0.3132,0.3029,0.2882,0.3049,0.3029,0.2562,0.3215,0.2409,0.2562,0.3509,0.2402,0.2805,0.2761,0.2345,0.239,0.2191,0.2313,0.2447,0.2626,0.2978,0.2358,0.6796,0.2333,0.2473,0.3285,0.3061,0.2364,0.2677,0.2805,0.2953,0.2869
8/20/2020,11.403,0.2109,0.2596,0.2439,0.2531,0.3144,0.2643,0.2817,0.2439,0.2027,0.2211,0.2272,0.2198,0.2116,0.2075,0.2194,0.215,0.2408,0.2436,0.2391,0.2453,0.2208,0.2024,0.2606,0.2235,0.2252,0.2208,0.2051,0.2051,0.264,0.2381,0.2191,0.2123,0.1997,0.2123,0.2123,0.2112,0.2102,0.2072,0.5555,0.2172,0.2572,0.25,0.2483,0.2272,0.2191,0.2541,0.2473,0.2123
8/19/2020,11.8634,0.2625,0.2296,0.2119,0.2752,0.259,0.3274,0.2327,0.2833,0.2397,0.293,0.276,0.2517,0.2204,0.2393,0.2273,0.2273,0.2528,0.2126,0.2215,0.2551,0.22,0.2038,0.2397,0.2262,0.22,0.2068,0.2378,0.2068,0.2845,0.2493,0.1929,0.2003,0.2204,0.213,0.2242,0.2308,0.2351,0.2351,0.7093,0.2372,0.2575,0.2161,0.2339,0.2115,0.2528,0.242,0.2312,0.2269
8/18/2020,12.6696,0.2787,0.2703,0.2759,0.2951,0.3605,0.2928,0.2731,0.2717,0.3212,0.303,0.2344,0.2447,0.2311,0.2204,0.2236,0.2306,0.2334,0.2428,0.2661,0.2801,0.2708,0.2241,0.254,0.2367,0.211,0.2414,0.2428,0.2208,0.2269,0.2521,0.2129,0.2068,0.219,0.2171,0.205,0.2465,0.2699,0.2703,0.8817,0.2596,0.2419,0.24,0.239,0.2311,0.2596,0.2661,0.2517,0.2213
8/17/2020,16.4708,0.3827,0.3302,0.3352,0.353,0.5343,0.3479,0.4216,0.4708,0.2963,0.2827,0.3962,0.3386,0.3378,0.2734,0.2937,0.3598,0.331,0.2886,0.3098,0.3285,0.3412,0.3005,0.2937,0.3793,0.2488,0.3014,0.2531,0.2853,0.3581,0.3335,0.3039,0.2294,0.2768,0.2963,0.2675,0.2819,0.2717,0.3217,1.184,0.2988,0.3674,0.3742,0.2641,0.2937,0.3352,0.3352,0.3496,0.3124
8/16/2020,26.3762,0.6628,0.5893,0.5856,0.7823,0.933,0.7363,0.751,0.7198,0.536,0.7841,0.6445,0.5379,0.5158,0.4184,0.5177,0.5838,0.5673,0.5397,0.5948,0.5801,0.5618,0.5875,0.615,0.4662,0.3468,0.4331,0.3559,0.4313,0.4147,0.536,0.3559,0.31,0.321,0.3394,0.3817,0.435,0.4203,0.514,1.3978,0.3266,0.6353,0.6775,0.4111,0.5544,0.4901,0.3706,0.5581,0.5489
8/15/2020,22.345,0.498,0.5267,0.4349,0.6587,0.6214,0.4952,0.4564,0.6501,0.3575,0.6501,0.4837,0.4823,0.3273,0.3976,0.4277,0.3345,0.4062,0.4679,0.5138,0.4507,0.4206,0.3704,0.5597,0.3575,0.3159,0.4794,0.3388,0.3603,0.554,0.455,0.3747,0.3718,0.3187,0.28,0.313,0.3861,0.4866,0.3302,1.7574,0.3733,0.4507,0.5569,0.4019,0.4062,0.4206,0.5339,0.3718,0.3589
8/14/2020,30.6376,0.6941,0.6126,0.5787,0.9137,1.2125,1.0722,0.882,0.6013,0.5628,0.8096,0.4813,0.6896,0.4293,0.6443,0.4949,0.6919,0.6692,0.4519,0.6081,0.5289,0.4361,0.5696,0.7122,0.7349,0.4813,0.5832,0.4768,0.4496,0.5651,0.5198,0.3795,0.3976,0.5085,0.4315,0.393,0.5017,0.4881,0.5221,2.9375,0.5267,0.6873,0.4089,0.5334,0.5809,0.4949,0.4587,0.624,0.6058
8/13/2020,29.256,0.747,0.5663,0.5599,0.9659,1.1381,1.0233,0.8107,0.7278,0.6024,0.8277,0.528,0.4834,0.4642,0.5939,0.5301,0.5599,0.6237,0.6917,0.6853,0.5748,0.5769,0.6109,0.6768,0.4366,0.4451,0.5153,0.4919,0.392,0.7406,0.4494,0.4175,0.4026,0.4919,0.3601,0.3941,0.5301,0.5429,0.4983,1.4177,0.3292,0.7193,0.7023,0.5344,0.6683,0.443,0.6683,0.4791,0.6173
8/12/2020,24.4184,0.5738,0.5788,0.3965,0.5443,0.7988,0.6855,0.4704,0.7446,0.7544,0.7068,0.6461,0.6182,0.477,0.3752,0.4819,0.4573,0.477,0.367,0.4901,0.5312,0.4409,0.4556,0.5229,0.5574,0.3834,0.4376,0.4211,0.3883,0.5738,0.5098,0.2865,0.4409,0.3276,0.362,0.3588,0.4113,0.5525,0.5065,1.3988,0.3268,0.3785,0.5164,0.3752,0.5591,0.4277,0.4589,0.472,0.3932
8/11/2020,21.8843,0.4138,0.536,0.5068,0.729,0.6124,0.4749,0.4791,0.5513,0.6235,0.3902,0.5263,0.5415,0.4083,0.4638,0.411,0.3777,0.4457,0.3944,0.4846,0.4527,0.4249,0.3624,0.3985,0.4805,0.3555,0.393,0.5915,0.3236,0.5193,0.4069,0.3735,0.2805,0.3083,0.3402,0.2847,0.3777,0.4555,0.4929,1.0489,0.2813,0.5138,0.536,0.3638,0.4332,0.4291,0.5415,0.3763,0.368
8/10/2020,26.0308,0.6409,0.6481,0.6553,0.8158,0.8158,0.8933,0.7689,0.8609,0.5345,0.5219,0.5435,0.6012,0.4209,0.3632,0.4065,0.5056,0.5489,0.4389,0.5796,0.6012,0.4425,0.6012,0.4245,0.5291,0.5345,0.3902,0.567,0.3704,0.6751,0.5255,0.374,0.3848,0.3001,0.4389,0.3957,0.466,0.4714,0.5796,1.1927,0.3,0.5471,0.4822,0.484,0.4516,0.5038,0.6589,0.4281,0.347
8/9/2020,24.8789,0.5464,0.4502,0.587,0.7237,0.8705,0.5549,0.673,0.5549,0.3895,0.7304,0.4063,0.5937,0.4452,0.4249,0.5161,0.403,0.4739,0.3962,0.5127,0.4249,0.3793,0.3591,0.5701,0.5802,0.4722,0.5279,0.6865,0.3692,0.5329,0.4857,0.2814,0.4266,0.3878,0.3439,0.3101,0.3996,0.4266,0.5616,1.8846,0.3899,0.3692,0.5785,0.5346,0.4519,0.4823,0.4148,0.5616,0.4334
8/8/2020,27.6435,0.6204,0.4554,0.7069,0.6204,1.1685,0.7756,0.972,0.9013,0.3985,0.6656,0.6106,0.6597,0.4319,0.5615,0.479,0.6302,0.5851,0.5183,0.4731,0.5969,0.5949,0.4515,0.6381,0.6224,0.4377,0.4869,0.7678,0.4044,0.8228,0.5713,0.4063,0.316,0.4024,0.4456,0.3945,0.4692,0.6342,0.5595,0.6013,0.2231,0.6774,0.5399,0.6342,0.6204,0.5183,0.6479,0.4102,0.5144
8/7/2020,24.4184,0.4474,0.5312,0.582,0.6789,0.6313,0.7315,0.6461,0.6773,0.6641,0.5312,0.6937,0.5262,0.4474,0.4261,0.5,0.5295,0.4655,0.3686,0.5574,0.5279,0.5164,0.5361,0.4737,0.3358,0.3982,0.3768,0.6756,0.3801,0.5509,0.4326,0.367,0.3243,0.3949,0.2964,0.3555,0.408,0.5229,0.4573,1.4904,0.3386,0.4195,0.3604,0.4244,0.5229,0.5344,0.3653,0.5279,0.4688
8/6/2020,12.6699,0.2587,0.2461,0.2563,0.3245,0.2647,0.2517,0.2871,0.3161,0.3058,0.31,0.2353,0.2759,0.24,0.2573,0.2708,0.2423,0.2334,0.2292,0.2769,0.2372,0.2423,0.2549,0.2531,0.239,0.219,0.2451,0.2769,0.2199,0.2848,0.2376,0.1961,0.2068,0.219,0.2367,0.2344,0.2475,0.2339,0.2792,0.6738,0.2326,0.2647,0.29,0.2517,0.2484,0.2475,0.2797,0.2657,0.2703
8/5/2020,12.0941,0.2248,0.2727,0.249,0.2768,0.339,0.3186,0.2416,0.2784,0.2637,0.2363,0.2215,0.269,0.2379,0.2395,0.2223,0.2608,0.2211,0.2629,0.2576,0.2346,0.2281,0.2404,0.2813,0.2473,0.2105,0.2334,0.2481,0.2244,0.2915,0.2408,0.2125,0.2346,0.2023,0.2035,0.2015,0.235,0.2395,0.2178,0.6185,0.2254,0.2383,0.2273,0.2543,0.2449,0.2408,0.2633,0.2359,0.2248
8/4/2020,11.8636,0.2262,0.2439,0.271,0.3197,0.3436,0.2401,0.2606,0.3297,0.2837,0.2358,0.2521,0.2455,0.2262,0.2262,0.2362,0.2246,0.2323,0.264,0.2474,0.2517,0.2381,0.2544,0.2571,0.264,0.2096,0.2505,0.2416,0.2134,0.2408,0.2432,0.1929,0.213,0.203,0.2281,0.2254,0.2254,0.2169,0.2393,0.473,0.2065,0.2354,0.2177,0.2192,0.2339,0.2308,0.2606,0.2358,0.2335
8/3/2020,11.5183,0.2212,0.2529,0.261,0.306,0.3021,0.269,0.3074,0.2894,0.205,0.2363,0.3,0.2493,0.2089,0.2124,0.2455,0.2159,0.2497,0.217,0.2367,0.2212,0.2328,0.2184,0.2335,0.2149,0.2349,0.2303,0.2592,0.2128,0.256,0.2233,0.223,0.2068,0.192,0.2124,0.2082,0.223,0.2138,0.2223,0.5045,0.2106,0.2057,0.2004,0.2261,0.2113,0.2388,0.2402,0.223,0.2332
8/2/2020,12.094,0.2616,0.2457,0.217,0.2621,0.3251,0.2956,0.2498,0.2924,0.2567,0.2211,0.2817,0.2195,0.2395,0.2293,0.2256,0.2514,0.2334,0.2522,0.2596,0.226,0.2133,0.2633,0.2285,0.2314,0.2367,0.2416,0.2752,0.217,0.3009,0.2268,0.1945,0.2256,0.2133,0.206,0.2154,0.2367,0.267,0.2223,0.6609,0.2309,0.2592,0.2752,0.217,0.233,0.2187,0.2408,0.2518,0.2457
8/1/2020,22.3449,0.5052,0.422,0.5253,0.4909,0.729,0.4607,0.7132,0.6357,0.3316,0.4435,0.4579,0.4579,0.4564,0.3847,0.4277,0.4206,0.4005,0.4765,0.3919,0.4966,0.4521,0.3503,0.5612,0.3116,0.2943,0.4507,0.5698,0.3431,0.3833,0.4607,0.3273,0.2986,0.3431,0.3876,0.3532,0.4019,0.3388,0.3675,1.7422,0.3714,0.4837,0.3589,0.5009,0.3847,0.5023,0.4263,0.4952,0.4564
7/31/2020,22.5751,0.5558,0.4232,0.534,0.7016,0.5631,0.6651,0.5077,0.6447,0.601,0.5821,0.6549,0.4902,0.3547,0.3795,0.4028,0.3736,0.4407,0.5208,0.3926,0.4174,0.448,0.3926,0.362,0.3693,0.3022,0.3576,0.4057,0.3401,0.4727,0.4611,0.3153,0.3795,0.3489,0.3153,0.3736,0.3576,0.5048,0.4902,1.9313,0.3959,0.3518,0.327,0.3139,0.4713,0.4188,0.3357,0.4115,0.4159
7/30/2020,20.2716,0.3532,0.3949,0.4796,0.5655,0.7459,0.4011,0.4391,0.6256,0.3679,0.4403,0.3299,0.3679,0.3311,0.3176,0.3593,0.4023,0.3372,0.3802,0.4342,0.4219,0.4379,0.3102,0.3164,0.4244,0.3544,0.3041,0.563,0.3213,0.4514,0.3446,0.3152,0.3176,0.2894,0.3544,0.363,0.3802,0.352,0.4366,1.6014,0.3531,0.4747,0.3863,0.4416,0.3925,0.3372,0.4771,0.3409,0.336
7/29/2020,20.1565,0.4256,0.4596,0.3186,0.4511,0.552,0.4414,0.5666,0.676,0.3393,0.3697,0.5265,0.3673,0.3466,0.394,0.3831,0.422,0.4378,0.4134,0.3673,0.3527,0.4025,0.4159,0.3782,0.4013,0.4086,0.3381,0.4584,0.3405,0.5642,0.3709,0.2505,0.3344,0.3186,0.2943,0.2736,0.3356,0.3563,0.3527,1.4696,0.3359,0.4523,0.4852,0.3198,0.3174,0.3818,0.4621,0.3101,0.4171
7/28/2020,22.2296,0.3417,0.3687,0.4883,0.548,0.7544,0.5167,0.595,0.4811,0.3417,0.4228,0.5964,0.3346,0.3573,0.3403,0.4043,0.4427,0.4612,0.42,0.4968,0.4299,0.4313,0.3033,0.4256,0.3702,0.3659,0.3388,0.3502,0.3346,0.4541,0.4698,0.3687,0.383,0.3616,0.2933,0.3659,0.3872,0.3246,0.4797,2.3076,0.4448,0.4954,0.3388,0.4811,0.3374,0.4712,0.4811,0.4769,0.4456
7/27/2020,26.0308,0.4173,0.5381,0.383,0.7833,0.6842,0.7689,0.6607,0.8356,0.6337,0.7707,0.713,0.4624,0.4534,0.5093,0.3884,0.5237,0.5002,0.3884,0.4281,0.5922,0.3794,0.3488,0.383,0.5129,0.5074,0.4534,0.4876,0.3993,0.7833,0.5129,0.2857,0.2965,0.365,0.3127,0.3939,0.475,0.4912,0.493,2.3832,0.4546,0.4966,0.4479,0.5111,0.5976,0.502,0.4606,0.3776,0.484
7/26/2020,19.4653,0.4132,0.4097,0.4499,0.5175,0.49,0.4235,0.5278,0.4843,0.373,0.3616,0.4292,0.4556,0.2928,0.2962,0.3616,0.4235,0.3146,0.3581,0.396,0.357,0.3306,0.326,0.2997,0.4051,0.3983,0.3971,0.4189,0.3295,0.4315,0.373,0.3375,0.271,0.3375,0.2561,0.3432,0.3581,0.3455,0.4029,1.4432,0.3325,0.4533,0.3673,0.3467,0.4155,0.4051,0.4739,0.4166,0.3146
7/25/2020,22.9214,0.4248,0.4561,0.4099,0.771,0.8799,0.4875,0.5263,0.5531,0.5845,0.5442,0.7486,0.5486,0.3338,0.3845,0.4248,0.3726,0.5009,0.4457,0.4994,0.3741,0.4323,0.4681,0.5233,0.3368,0.301,0.3621,0.5785,0.3741,0.4233,0.4069,0.3442,0.3935,0.3427,0.3577,0.4039,0.3815,0.3994,0.3681,1.7011,0.366,0.5278,0.3577,0.3681,0.4263,0.4636,0.3562,0.4218,0.4651
7/24/2020,21.6536,0.4862,0.4234,0.4288,0.6814,0.4848,0.6623,0.7183,0.605,0.6268,0.5435,0.4493,0.4056,0.4165,0.4507,0.4302,0.351,0.4903,0.3687,0.4411,0.407,0.3264,0.4343,0.4042,0.3933,0.4247,0.3715,0.3701,0.3346,0.366,0.4384,0.3892,0.3155,0.3496,0.2745,0.3442,0.3414,0.3537,0.3373,1.3533,0.3208,0.5312,0.4124,0.4998,0.3797,0.4807,0.4152,0.4083,0.4124
7/23/2020,20.2718,0.3593,0.4011,0.4084,0.5913,0.5778,0.525,0.698,0.471,0.4919,0.3225,0.3311,0.3876,0.3213,0.3053,0.3606,0.4624,0.3507,0.3777,0.46,0.4416,0.3716,0.4391,0.3716,0.4649,0.3164,0.379,0.4379,0.3017,0.5655,0.4047,0.2783,0.3262,0.2918,0.2894,0.3471,0.3446,0.4244,0.4538,1.5177,0.3422,0.4857,0.2906,0.2967,0.2857,0.3544,0.4109,0.46,0.3753
7/22/2020,22.2299,0.4712,0.4854,0.447,0.6021,0.8469,0.5608,0.4925,0.5452,0.4057,0.5566,0.4925,0.3445,0.4029,0.3289,0.4171,0.3815,0.3801,0.4641,0.4897,0.3773,0.3403,0.4982,0.4456,0.4228,0.3559,0.4655,0.6306,0.3431,0.4214,0.457,0.346,0.3317,0.3787,0.3161,0.3801,0.3545,0.4342,0.4072,1.7799,0.3763,0.3716,0.3474,0.4925,0.326,0.3915,0.4996,0.3616,0.4626
7/21/2020,19.4656,0.3902,0.3788,0.4522,0.4361,0.6551,0.3902,0.6024,0.5611,0.4407,0.3386,0.5393,0.4109,0.3054,0.3708,0.3857,0.3157,0.4395,0.3914,0.3788,0.3467,0.3444,0.4395,0.4705,0.4556,0.2985,0.3593,0.3948,0.3054,0.435,0.4006,0.3295,0.3501,0.3444,0.2848,0.271,0.3524,0.4086,0.3077,0.9236,0.265,0.4636,0.3444,0.4189,0.3432,0.4006,0.4659,0.357,0.4017
7/20/2020,25.9152,0.4981,0.6038,0.5805,0.5769,0.7704,0.8546,0.5286,0.731,0.6862,0.6128,0.8009,0.654,0.4659,0.4426,0.3781,0.5554,0.4497,0.4694,0.482,0.5357,0.4103,0.4551,0.602,0.4264,0.3727,0.4802,0.5124,0.3745,0.5357,0.4838,0.3494,0.4479,0.4139,0.3207,0.3924,0.4551,0.4927,0.4049,2.2485,0.4371,0.4497,0.4408,0.5644,0.4497,0.5787,0.3745,0.3799,0.3852
7/19/2020,22.5756,0.4349,0.4873,0.3911,0.7191,0.7963,0.4815,0.5719,0.5252,0.3547,0.3999,0.4625,0.5456,0.4465,0.4363,0.4057,0.4261,0.5194,0.4757,0.3955,0.4378,0.3459,0.3897,0.3693,0.394,0.3357,0.3853,0.6287,0.3241,0.3795,0.4276,0.3518,0.4028,0.3445,0.3634,0.3226,0.4247,0.4713,0.4247,1.7327,0.3701,0.5136,0.4713,0.3897,0.3226,0.5121,0.5165,0.4698,0.4786
7/18/2020,18.1984,0.4226,0.4155,0.4196,0.5124,0.6195,0.4859,0.4706,0.4267,0.4053,0.4155,0.5634,0.3645,0.3003,0.3533,0.3676,0.3982,0.3054,0.3105,0.3176,0.4033,0.3094,0.3747,0.2972,0.4379,0.3145,0.3411,0.4675,0.2921,0.5073,0.3757,0.3084,0.2411,0.2401,0.2962,0.3207,0.3339,0.3411,0.2931,0.682,0.2336,0.3788,0.4359,0.2901,0.3625,0.4135,0.3043,0.338,0.39
7/17/2020,22.46,0.346,0.4082,0.5571,0.5932,0.7133,0.7639,0.7494,0.5744,0.3894,0.6164,0.4183,0.3257,0.4472,0.4544,0.3951,0.3894,0.4544,0.4226,0.4588,0.4284,0.4183,0.3575,0.4833,0.4862,0.3633,0.3604,0.6077,0.3706,0.6439,0.4082,0.3416,0.3416,0.2795,0.3821,0.3431,0.3821,0.3489,0.3561,1.5616,0.3479,0.3734,0.3228,0.4298,0.518,0.5209,0.5209,0.3387,0.346
7/16/2020,23.4968,0.396,0.5758,0.41,0.5773,0.9167,0.7509,0.7277,0.7013,0.4813,0.4332,0.6455,0.4301,0.4859,0.3945,0.3728,0.5432,0.5215,0.472,0.5169,0.5076,0.4673,0.379,0.4069,0.582,0.4286,0.3929,0.3805,0.3309,0.5882,0.4425,0.3697,0.3402,0.3077,0.3278,0.3449,0.4069,0.4735,0.4208,1.2008,0.301,0.5153,0.5153,0.5308,0.4766,0.4069,0.4177,0.4115,0.4704
7/15/2020,18.7744,0.4177,0.4059,0.3865,0.4188,0.5729,0.436,0.3746,0.5287,0.5492,0.4974,0.3541,0.3089,0.2992,0.3649,0.311,0.2927,0.4253,0.3822,0.3531,0.4296,0.2906,0.3972,0.3865,0.2712,0.3218,0.3972,0.5222,0.2766,0.4651,0.3649,0.2895,0.3067,0.2442,0.2604,0.3369,0.3326,0.324,0.3714,1.3195,0.3164,0.4393,0.2679,0.4026,0.3488,0.4209,0.338,0.3013,0.352
7/14/2020,29.3711,0.4402,0.5428,0.4894,0.9104,0.904,0.5556,0.5428,0.7009,0.5257,0.8591,0.6176,0.6967,0.5984,0.577,0.6646,0.6625,0.4552,0.5684,0.6454,0.6261,0.6048,0.5941,0.4744,0.7309,0.3654,0.5535,0.6689,0.3868,0.8142,0.453,0.3996,0.4894,0.3911,0.359,0.3526,0.453,0.6005,0.5278,2.8638,0.5171,0.562,0.5492,0.5684,0.4274,0.4594,0.4701,0.5236,0.6283
7/13/2020,23.3818,0.5451,0.5743,0.5543,0.7035,0.9311,0.5681,0.6973,0.4712,0.6804,0.4743,0.7619,0.4466,0.4482,0.4912,0.4589,0.3682,0.4912,0.5235,0.4282,0.4712,0.4282,0.4881,0.3512,0.582,0.3774,0.4466,0.3974,0.382,0.5174,0.4143,0.3128,0.3636,0.2897,0.3313,0.3282,0.3805,0.3528,0.3528,1.4408,0.3322,0.4097,0.3359,0.4758,0.4205,0.4943,0.4928,0.362,0.4328
7/12/2020,26.2614,0.5045,0.4241,0.5556,0.6816,1.0596,0.5867,0.9355,0.8095,0.3657,0.7857,0.6579,0.4661,0.3748,0.5173,0.4899,0.4479,0.5739,0.6104,0.5666,0.5976,0.5063,0.5209,0.5867,0.3858,0.384,0.4187,0.5374,0.3548,0.4643,0.5246,0.3968,0.4534,0.4077,0.3164,0.3548,0.4862,0.4735,0.5995,1.7925,0.3779,0.4954,0.3767,0.4479,0.4954,0.5885,0.6561,0.3895,0.4588
7/11/2020,27.7581,0.6014,0.6942,0.5085,0.8226,1.1842,0.7693,0.6784,0.8266,0.7891,0.4374,0.7653,0.4038,0.5045,0.463,0.5697,0.6428,0.6409,0.463,0.6369,0.4749,0.5915,0.6191,0.633,0.4433,0.3623,0.388,0.5282,0.4057,0.467,0.552,0.4472,0.4433,0.3089,0.4334,0.4136,0.4334,0.5164,0.6369,1.4117,0.3284,0.5796,0.7278,0.5124,0.6349,0.6191,0.5263,0.4611,0.4571
7/10/2020,21.193,0.3712,0.4173,0.4912,0.5902,0.792,0.6297,0.6429,0.4741,0.3276,0.4556,0.5321,0.4015,0.4002,0.3184,0.3659,0.3883,0.4319,0.3474,0.4424,0.3791,0.4173,0.3329,0.511,0.5229,0.3461,0.4345,0.4319,0.3566,0.354,0.3448,0.2973,0.2814,0.3131,0.3355,0.3144,0.3632,0.4912,0.3131,1.6542,0.3599,0.3725,0.42,0.4226,0.3817,0.3989,0.4292,0.4437,0.3501
7/9/2020,26.4913,0.6604,0.5106,0.6105,0.9137,0.8546,0.542,0.947,0.7787,0.5217,0.6585,0.4145,0.5254,0.5383,0.5402,0.4348,0.4977,0.6068,0.5605,0.481,0.5661,0.4884,0.5291,0.6567,0.6031,0.5383,0.5457,0.7288,0.3534,0.7972,0.4829,0.3146,0.4551,0.3183,0.3516,0.4514,0.4403,0.518,0.3775,1.0651,0.2834,0.5642,0.4644,0.4829,0.5069,0.4348,0.494,0.518,0.5642
7/8/2020,21.1932,0.3857,0.3725,0.4569,0.5559,0.6416,0.6258,0.6443,0.4859,0.4187,0.5057,0.635,0.5308,0.4147,0.4279,0.3421,0.4081,0.3896,0.3408,0.3593,0.3712,0.3553,0.4345,0.5242,0.4332,0.387,0.4345,0.5677,0.3553,0.3817,0.4279,0.3369,0.2683,0.3092,0.3144,0.3408,0.4015,0.3751,0.325,1.1685,0.2968,0.449,0.3474,0.4727,0.3672,0.4319,0.5044,0.4807,0.3896
7/7/2020,23.2663,0.417,0.4598,0.3712,0.5361,0.6063,0.7911,0.4338,0.5453,0.6399,0.6018,0.6155,0.3483,0.4659,0.3682,0.4445,0.5102,0.5117,0.5178,0.3819,0.3972,0.446,0.3117,0.385,0.5422,0.3804,0.3544,0.6384,0.3529,0.472,0.475,0.3636,0.3789,0.388,0.3392,0.3621,0.3941,0.5239,0.4979,1.7826,0.3766,0.3712,0.5758,0.4018,0.3331,0.4934,0.5514,0.4873,0.3239
7/6/2020,18.7744,0.31,0.3423,0.4565,0.4091,0.4824,0.5718,0.3951,0.5158,0.3046,0.4888,0.4414,0.3854,0.3725,0.3197,0.2949,0.4231,0.3983,0.3617,0.4177,0.3681,0.3692,0.3229,0.3875,0.3121,0.3358,0.3121,0.3078,0.2981,0.4877,0.3628,0.241,0.3466,0.2626,0.3197,0.2798,0.3595,0.4026,0.3067,1.6704,0.362,0.3455,0.2949,0.3962,0.3304,0.3423,0.3132,0.3294,0.3164
7/5/2020,24.0724,0.5476,0.5203,0.5363,0.5765,0.6392,0.5074,0.5926,0.6119,0.4254,0.5604,0.7292,0.5653,0.4769,0.3804,0.4913,0.4769,0.4045,0.4512,0.5572,0.5508,0.366,0.5331,0.3933,0.329,0.4383,0.4029,0.4544,0.3901,0.4303,0.4656,0.3338,0.4319,0.3113,0.3113,0.337,0.4045,0.4238,0.3435,1.976,0.4017,0.5106,0.4688,0.5299,0.5235,0.5315,0.5669,0.4126,0.4495
7/4/2020,27.2979,0.5951,0.651,0.406,0.8363,0.7823,0.817,0.8749,0.6182,0.4619,0.7977,0.6993,0.5796,0.3905,0.4658,0.4523,0.4909,0.624,0.5642,0.5256,0.6356,0.5314,0.624,0.5546,0.57,0.4716,0.4079,0.3847,0.406,0.5333,0.5121,0.4484,0.3056,0.3056,0.3847,0.3346,0.4156,0.4735,0.5217,2.416,0.4589,0.4002,0.6607,0.4098,0.516,0.5372,0.4658,0.6086,0.3712
7/3/2020,23.0359,0.3576,0.4072,0.505,0.6162,0.6012,0.7937,0.5561,0.4508,0.5907,0.514,0.6358,0.4704,0.4253,0.4899,0.4945,0.4719,0.4072,0.4057,0.4087,0.4809,0.4975,0.5185,0.5275,0.4118,0.4328,0.4328,0.5802,0.3621,0.499,0.3682,0.3651,0.2779,0.3441,0.3155,0.3682,0.3757,0.4358,0.508,1.3284,0.3176,0.4524,0.5982,0.4869,0.4493,0.4268,0.4674,0.4824,0.323
7/2/2020,21.7686,0.5081,0.4379,0.3787,0.6541,0.6321,0.6568,0.7505,0.482,0.6334,0.5315,0.6458,0.5412,0.3966,0.3195,0.4806,0.3402,0.4021,0.3567,0.4957,0.4324,0.3319,0.3718,0.3567,0.4269,0.2947,0.3071,0.347,0.3622,0.4049,0.3677,0.3787,0.3167,0.3099,0.3167,0.3539,0.3801,0.3828,0.4765,1.4511,0.3335,0.5384,0.4365,0.4599,0.3044,0.4861,0.3649,0.4847,0.347
7/1/2020,28.6797,0.4831,0.7105,0.603,0.6216,1.0931,0.7747,0.7664,0.6382,0.5224,0.5968,0.5947,0.6816,0.4583,0.6134,0.4707,0.5885,0.4872,0.512,0.6464,0.6258,0.4913,0.5906,0.5348,0.5637,0.3755,0.5327,0.8388,0.3879,0.8677,0.5306,0.4789,0.3941,0.4107,0.328,0.3962,0.5306,0.4789,0.6216,1.9694,0.4009,0.7168,0.541,0.3941,0.5741,0.5761,0.5492,0.4893,0.6278
6/30/2020,25.2242,0.4061,0.3975,0.5749,0.7936,0.5525,0.7316,0.7334,0.5559,0.7695,0.7282,0.6782,0.4629,0.4767,0.4423,0.5249,0.4957,0.4164,0.4491,0.4405,0.4595,0.5508,0.4681,0.5232,0.5766,0.4836,0.5215,0.6558,0.4095,0.5439,0.4526,0.4147,0.4285,0.4078,0.4302,0.332,0.4509,0.5628,0.3716,1.5142,0.3417,0.5439,0.5594,0.4026,0.4199,0.5938,0.3647,0.4354,0.3751
6/29/2020,23.3815,0.5035,0.4866,0.3574,0.5327,0.9204,0.5527,0.7143,0.7958,0.7081,0.5004,0.6958,0.3789,0.3851,0.3928,0.4297,0.3466,0.4943,0.5174,0.462,0.4574,0.342,0.4251,0.5066,0.3497,0.382,0.3928,0.665,0.3497,0.3743,0.4712,0.3451,0.2913,0.3651,0.3912,0.2943,0.3774,0.3759,0.5266,1.2639,0.3092,0.502,0.5881,0.5389,0.502,0.462,0.4466,0.5081,0.4035
6/28/2020,31.7898,0.495,0.8019,0.7352,0.7281,1.2753,1.0659,0.5473,0.7567,0.721,0.947,0.9874,0.6496,0.5592,0.6044,0.7233,0.5259,0.6544,0.6758,0.671,0.7471,0.6567,0.4736,0.4426,0.79,0.4712,0.602,0.5354,0.5069,0.4831,0.6187,0.4759,0.3641,0.3641,0.3784,0.5116,0.4688,0.6781,0.4188,3.0806,0.5452,0.5901,0.4355,0.4807,0.5164,0.6353,0.514,0.4426,0.4379
6/27/2020,22.8056,0.5235,0.5664,0.3443,0.7411,0.8699,0.7693,0.4894,0.4391,0.5561,0.4435,0.4065,0.5531,0.4198,0.3843,0.408,0.5161,0.5057,0.4554,0.5235,0.4095,0.3503,0.4332,0.3695,0.3532,0.3784,0.371,0.4835,0.3295,0.3813,0.3769,0.2644,0.2777,0.297,0.3547,0.3103,0.4184,0.4702,0.4213,2.237,0.4356,0.4406,0.3177,0.3147,0.4376,0.3636,0.3754,0.519,0.3991
6/26/2020,21.5388,0.3535,0.5173,0.409,0.6351,0.5579,0.6067,0.52,0.5376,0.4347,0.5051,0.5918,0.3251,0.321,0.4239,0.4144,0.4158,0.386,0.3901,0.3955,0.4645,0.4009,0.4456,0.4726,0.3386,0.3982,0.4361,0.4957,0.3521,0.5769,0.3779,0.2777,0.2682,0.3278,0.3129,0.3765,0.367,0.3711,0.34,1.4811,0.3374,0.516,0.5146,0.4632,0.3752,0.497,0.4916,0.3305,0.3914
6/25/2020,22.345,0.3804,0.3933,0.4722,0.7146,0.6601,0.5669,0.5325,0.465,0.3345,0.6357,0.5554,0.5224,0.3675,0.4062,0.4794,0.356,0.3532,0.4851,0.4564,0.4636,0.3517,0.4751,0.4823,0.5325,0.4077,0.3747,0.5913,0.3517,0.5296,0.4708,0.2685,0.3689,0.3015,0.2929,0.313,0.3704,0.4034,0.3417,1.8222,0.3818,0.4091,0.5224,0.3431,0.356,0.4148,0.4507,0.3804,0.4364
6/24/2020,35.8209,0.5061,0.8733,0.865,1.3157,0.8538,0.7648,0.8232,0.7815,1.0263,0.9345,1.2294,0.929,0.6674,0.5005,0.5061,0.5923,0.5116,0.5116,0.5673,0.8093,0.6981,0.6786,0.9262,0.609,0.6229,0.6925,0.8066,0.495,0.5979,0.673,0.5061,0.3725,0.5116,0.495,0.5423,0.6591,0.6368,0.8093,3.3011,0.5739,0.5979,0.5534,0.7926,0.5701,0.6758,0.6285,0.6341,0.5923
6/23/2020,19.4654,0.4315,0.3375,0.3341,0.5118,0.7491,0.3902,0.6184,0.5576,0.5038,0.3341,0.5771,0.318,0.302,0.3685,0.4304,0.3203,0.3696,0.4029,0.388,0.412,0.326,0.326,0.4831,0.4143,0.326,0.3719,0.4567,0.3203,0.5232,0.3283,0.2561,0.3329,0.2653,0.2836,0.2859,0.3226,0.3203,0.3432,1.0424,0.2804,0.4223,0.443,0.3662,0.4292,0.4327,0.349,0.4201,0.3375
6/22/2020,22.5756,0.3853,0.413,0.4509,0.515,0.6914,0.5208,0.7774,0.7278,0.3474,0.6477,0.4611,0.3489,0.362,0.4349,0.4771,0.464,0.4086,0.534,0.3751,0.5136,0.4407,0.5136,0.3401,0.5019,0.3299,0.3897,0.4349,0.3255,0.6622,0.3999,0.2687,0.3416,0.3824,0.3634,0.3795,0.4072,0.4684,0.4844,1.2309,0.3049,0.5004,0.4392,0.5121,0.5136,0.4261,0.5281,0.4873,0.343
6/21/2020,24.1878,0.5924,0.4192,0.4742,0.6264,0.7332,0.8126,0.8692,0.6669,0.3982,0.4694,0.5325,0.4014,0.3464,0.3658,0.3706,0.3755,0.3998,0.3836,0.4532,0.5519,0.4661,0.3787,0.3706,0.5552,0.4726,0.5212,0.5843,0.3803,0.4305,0.4257,0.3755,0.3107,0.2897,0.348,0.4079,0.4483,0.3803,0.3544,2.4489,0.4632,0.5131,0.3949,0.5131,0.4953,0.4127,0.4338,0.4014,0.369
6/20/2020,23.7272,0.445,0.4906,0.4041,0.5127,0.8807,0.6055,0.7391,0.6463,0.7077,0.5488,0.6432,0.5536,0.4702,0.4592,0.4639,0.5394,0.4183,0.4152,0.3884,0.3979,0.4498,0.5001,0.4136,0.357,0.3554,0.4938,0.6196,0.3884,0.4828,0.4466,0.3334,0.3507,0.3098,0.2909,0.3334,0.4183,0.552,0.4403,1.4611,0.3348,0.5158,0.3758,0.4513,0.423,0.4891,0.5001,0.3931,0.5174
6/19/2020,31.0987,0.6633,0.5155,0.6356,0.8481,1.0144,0.7973,1.056,0.8573,0.4439,0.7141,1.049,0.7441,0.4231,0.5524,0.6725,0.49,0.5247,0.5293,0.7095,0.6286,0.4277,0.6517,0.691,0.527,0.49,0.4184,0.4323,0.4439,0.8411,0.5524,0.3122,0.4208,0.4485,0.3607,0.4023,0.5593,0.4577,0.6055,2.7609,0.5037,0.5593,0.594,0.6494,0.5016,0.6633,0.7534,0.5224,0.6795
6/18/2020,31.79,0.5711,0.6544,0.7947,0.7471,1.2658,0.9803,0.8994,1.0659,0.8375,0.602,0.5949,0.6448,0.6306,0.514,0.7091,0.495,0.4926,0.4569,0.514,0.6496,0.4402,0.495,0.4973,0.7233,0.564,0.6044,0.878,0.4046,0.7281,0.564,0.3998,0.4331,0.4093,0.4165,0.376,0.564,0.6663,0.4236,3.0048,0.5354,0.4402,0.8566,0.4236,0.5354,0.5283,0.7662,0.5854,0.4069
6/17/2020,35.9369,0.9349,0.5662,0.5466,1.0858,0.8316,0.8595,0.6248,1.3121,0.9852,0.6109,0.8343,0.8595,0.5745,0.5941,0.6891,0.6528,0.5354,0.7366,0.7813,0.7254,0.6416,0.5382,0.5857,0.6779,0.6053,0.5215,0.8288,0.474,0.6863,0.7422,0.3483,0.5745,0.5494,0.4628,0.4321,0.5801,0.5773,0.5047,4.8494,0.7751,0.5243,0.4823,0.5131,0.7338,0.6025,0.4935,0.7841,0.5075
6/16/2020,34.7844,0.5765,0.7184,0.5443,0.989,1.1068,0.6756,0.847,0.8925,0.997,0.5899,1.1148,0.8282,0.5042,0.6381,0.6408,0.7024,0.6086,0.7291,0.6675,0.7988,0.6783,0.5256,0.7318,0.6033,0.6381,0.5524,0.8925,0.5229,0.7452,0.6166,0.4425,0.539,0.5577,0.4559,0.4961,0.6086,0.8309,0.472,3.0539,0.5418,0.5256,0.78,0.5416,0.6488,0.622,0.78,0.7532,0.4586
6/15/2020,37.0883,0.7862,0.7746,0.6321,1.1906,0.8648,0.984,0.9317,1.1498,0.9084,0.987,0.6321,0.5245,0.6292,0.7484,0.8473,0.8735,0.539,0.8211,0.6699,0.795,0.507,0.7339,0.7688,0.5361,0.5041,0.4663,0.4575,0.5826,0.7426,0.6583,0.3848,0.6263,0.5972,0.571,0.6292,0.6641,0.5041,0.7455,4.0617,0.6727,0.7746,0.6583,0.5884,0.6903,0.8182,0.5274,0.5128,0.8153
6/14/2020,24.5333,0.4031,0.4114,0.4659,0.5585,0.5783,0.6445,0.6908,0.6627,0.3899,0.6313,0.7999,0.461,0.4064,0.5254,0.5519,0.5337,0.4825,0.5502,0.5668,0.5502,0.4543,0.499,0.5965,0.5238,0.5089,0.3568,0.6197,0.3948,0.5006,0.5039,0.3568,0.3568,0.4031,0.3882,0.4329,0.3948,0.3965,0.3518,1.7367,0.3707,0.3981,0.3799,0.4312,0.5056,0.5073,0.451,0.418,0.4312
6/13/2020,27.2977,0.5063,0.514,0.6144,0.9019,1.0602,0.8826,0.6453,0.5449,0.4407,0.5082,0.6645,0.404,0.5024,0.433,0.5121,0.4465,0.5796,0.6356,0.6028,0.4446,0.4291,0.3982,0.6742,0.4793,0.4561,0.5816,0.4986,0.4175,0.5179,0.4368,0.3172,0.3346,0.3037,0.4272,0.377,0.4156,0.3925,0.4098,2.6995,0.4957,0.6124,0.597,0.4658,0.5719,0.6375,0.4909,0.5758,0.4407
6/12/2020,37.6646,0.5849,0.6561,0.8994,1.2168,1.0121,0.7985,0.8994,0.8252,0.9973,1.0803,0.6265,0.9824,0.6502,0.5701,0.6443,0.6591,0.671,0.5434,0.6769,0.8697,0.7066,0.7036,0.9884,0.6858,0.582,0.5345,0.6027,0.4811,0.7451,0.6769,0.6472,0.582,0.582,0.4099,0.6146,0.5464,0.5493,0.7155,4.1624,0.6858,0.7303,0.9884,0.6532,0.7095,0.582,0.6413,0.6087,0.6858
6/11/2020,42.3869,1.0745,0.71,0.6274,1.102,1.5971,1.3152,0.7306,1.2292,1.3633,0.6997,1.3668,0.6687,0.6171,0.5965,0.8681,0.6653,0.8131,1.0229,0.6997,0.7959,0.8853,0.8888,0.6412,0.7994,0.7547,0.6859,1.0538,0.6481,0.655,0.8991,0.7272,0.5071,0.4968,0.5037,0.5931,0.6206,0.8647,0.6997,4.132,0.6819,0.5621,0.5071,0.8613,0.4865,0.8063,0.9816,0.9404,0.9404
6/10/2020,44.5749,1.1213,0.7263,0.7958,1.2383,1.8308,1.6223,0.8287,1.4212,1.0079,0.9421,1.1505,0.6714,0.6824,0.7628,0.6641,0.7116,1.0225,1.0335,0.6897,0.9421,0.5946,1.0371,1.0042,1.0006,0.6129,0.5836,1.3151,0.547,1.0884,0.8872,0.7226,0.5617,0.6312,0.6604,0.5763,0.6824,0.5763,0.5617,3.1867,0.559,0.8726,1.0335,0.9603,0.7555,0.8543,0.975,1.0298,0.8396
6/9/2020,37.7792,0.8992,0.8843,0.5181,1.0928,1.1136,1.1702,0.6789,1.2745,1.1226,1.1166,0.8814,0.5121,0.6521,0.5806,0.6521,0.7891,0.6342,0.7831,0.8784,0.7116,0.661,0.5032,0.9111,0.8784,0.5806,0.7414,1.0035,0.5449,0.801,0.6342,0.5866,0.661,0.4019,0.4942,0.4555,0.6253,0.6044,0.7384,2.8891,0.5204,0.5627,0.9737,0.524,0.6312,0.9022,0.7116,0.7384,0.5538
6/8/2020,34.2086,0.7275,0.8743,0.683,0.8219,0.9005,0.9765,0.6777,1.1809,0.835,0.9975,0.7695,0.7354,0.5834,0.5074,0.7695,0.5572,0.7197,0.5624,0.6777,0.5493,0.5414,0.759,0.5126,0.7013,0.7039,0.6489,0.7118,0.5074,0.8245,0.5257,0.5179,0.4602,0.5205,0.4497,0.4288,0.531,0.7144,0.4917,2.797,0.5084,0.5336,0.8088,0.4628,0.6541,0.7144,0.5991,0.7092,0.7642
6/7/2020,27.2976,0.6703,0.6356,0.6453,0.9251,0.8344,0.5526,0.7842,0.5256,0.5237,0.7205,0.4947,0.4291,0.5198,0.5063,0.5661,0.4137,0.406,0.6279,0.6337,0.6356,0.5102,0.3635,0.4426,0.6761,0.4928,0.4696,0.4677,0.4272,0.8035,0.5449,0.3616,0.4117,0.3809,0.4175,0.3519,0.4195,0.626,0.514,2.1751,0.4276,0.3828,0.5044,0.3982,0.6375,0.6182,0.406,0.5603,0.4561
6/6/2020,28.1044,0.4984,0.5024,0.6572,0.6291,0.5929,0.8402,0.9467,0.81,0.8603,0.5527,0.4783,0.5004,0.4582,0.5607,0.5185,0.613,0.5929,0.5728,0.5346,0.5004,0.4944,0.432,0.7175,0.5426,0.4602,0.4401,0.7959,0.424,0.5406,0.4361,0.4722,0.4863,0.3456,0.42,0.4461,0.4501,0.6552,0.4381,2.4459,0.4628,0.5366,0.4481,0.3737,0.5788,0.4903,0.5607,0.5748,0.416
6/5/2020,27.4128,0.6229,0.4559,0.6636,0.8015,0.9277,0.7685,0.485,0.9335,0.4443,0.4346,0.4384,0.5355,0.5258,0.5743,0.5627,0.6093,0.454,0.4035,0.5569,0.4676,0.5802,0.617,0.6733,0.6792,0.5607,0.4054,0.4307,0.386,0.5472,0.4326,0.4753,0.3394,0.452,0.4695,0.3589,0.4132,0.6539,0.4501,2.0634,0.4131,0.4909,0.3491,0.5142,0.5705,0.5413,0.6986,0.6073,0.5743
6/4/2020,27.2977,0.6858,0.5314,0.6472,0.8903,1.0795,0.7205,0.9019,0.8903,0.761,0.7089,0.7109,0.5082,0.4542,0.5777,0.404,0.6337,0.5372,0.5275,0.5719,0.5835,0.6009,0.4117,0.7089,0.4851,0.5507,0.5044,0.6433,0.431,0.6684,0.5237,0.3693,0.4503,0.3461,0.3944,0.4156,0.4967,0.6182,0.4465,0.7166,0.2381,0.4909,0.3944,0.6009,0.4889,0.4639,0.5102,0.6279,0.3751
6/3/2020,26.9525,0.4756,0.4396,0.6329,0.885,0.9665,0.8887,0.8186,0.6481,0.7921,0.4168,0.5571,0.487,0.4889,0.559,0.4889,0.523,0.5154,0.3998,0.5969,0.4377,0.4907,0.3467,0.5173,0.4377,0.5438,0.4093,0.7921,0.4339,0.7201,0.5628,0.3657,0.451,0.3657,0.3562,0.3581,0.4585,0.4775,0.6253,1.6628,0.361,0.4149,0.4528,0.6253,0.5779,0.5779,0.5362,0.4377,0.576
6/2/2020,26.7221,0.4906,0.6385,0.5392,0.6478,0.9586,0.8481,0.7789,0.8257,0.5561,0.6984,0.8931,0.455,0.5317,0.4681,0.5186,0.5055,0.6104,0.5917,0.6085,0.4868,0.5804,0.558,0.3838,0.6048,0.4569,0.4082,0.5299,0.367,0.5542,0.4831,0.4531,0.4512,0.4569,0.3464,0.3951,0.4662,0.4943,0.3632,1.1923,0.2999,0.6553,0.5692,0.5355,0.3876,0.6141,0.5561,0.5336,0.3745
6/1/2020,28.9105,0.6685,0.4887,0.449,0.7898,1.116,0.5849,0.8149,0.8525,0.4155,0.5451,0.9362,0.3967,0.428,0.5368,0.4845,0.4385,0.5263,0.6622,0.6121,0.5953,0.6204,0.5326,0.6748,0.5619,0.38,0.5012,0.8358,0.3904,0.8525,0.451,0.3256,0.3507,0.3423,0.3339,0.472,0.5054,0.6832,0.6288,2.5484,0.4761,0.4009,0.564,0.3904,0.6058,0.6016,0.5577,0.5577,0.4239
5/31/2020,28.3349,0.671,0.5388,0.4473,0.8702,0.9963,1.0044,0.7584,0.8601,0.5734,0.6832,0.6527,0.6872,0.4249,0.5429,0.5571,0.6466,0.4249,0.5124,0.4676,0.5124,0.5144,0.5673,0.488,0.5103,0.5307,0.4229,0.4391,0.4005,0.7645,0.5307,0.4961,0.4859,0.3761,0.4452,0.4066,0.5002,0.5551,0.4452,1.9825,0.4026,0.4676,0.6527,0.49,0.3863,0.61,0.5957,0.4534,0.5835
5/30/2020,30.0617,0.5152,0.6145,0.5726,1.0183,0.8881,0.9168,0.908,1.0381,0.6829,0.6498,0.7888,0.7888,0.502,0.4469,0.577,0.4513,0.5483,0.4557,0.5395,0.5108,0.5814,0.5726,0.4557,0.6498,0.5219,0.5682,0.491,0.3983,0.4777,0.5108,0.5086,0.4402,0.352,0.3718,0.3608,0.5616,0.652,0.5792,2.6073,0.4838,0.6167,0.7844,0.4711,0.6278,0.6278,0.5285,0.4446,0.4027
5/29/2020,26.6063,0.669,0.4886,0.6728,0.6728,1.1119,0.8049,0.5462,0.6579,0.7323,0.7267,0.416,0.3806,0.5314,0.5276,0.4569,0.5239,0.416,0.6244,0.5481,0.4383,0.5388,0.4104,0.6653,0.6151,0.4216,0.5239,0.5667,0.403,0.6877,0.442,0.3006,0.3825,0.3118,0.3081,0.4513,0.4941,0.5555,0.3974,1.5993,0.3528,0.5946,0.5276,0.5183,0.5686,0.5146,0.5797,0.4197,0.509
5/28/2020,26.2611,0.667,0.4588,0.3931,0.9026,0.5976,0.6835,0.6195,0.7127,0.5483,0.6561,0.8131,0.541,0.5209,0.4917,0.5885,0.4315,0.5063,0.468,0.5684,0.6141,0.4935,0.426,0.6688,0.3694,0.4351,0.3621,0.6305,0.4168,0.5282,0.4534,0.4205,0.4022,0.2963,0.3347,0.3128,0.4424,0.5027,0.3949,2.2289,0.4346,0.4004,0.6122,0.5082,0.4333,0.5502,0.3876,0.4862,0.5465
5/27/2020,32.5964,0.5528,0.5602,0.6512,0.7201,0.7201,1.0251,1.148,0.6365,1.0521,0.5774,0.88,0.575,0.5233,0.6807,0.6955,0.6586,0.5799,0.757,0.6242,0.5209,0.6143,0.4495,0.7914,0.4446,0.5651,0.634,0.6168,0.4348,0.4864,0.6758,0.5504,0.4495,0.5135,0.4987,0.4544,0.5996,0.6266,0.634,3.0292,0.5386,0.784,0.4741,0.4495,0.5873,0.6906,0.7127,0.5356,0.6168
5/26/2020,28.2192,0.6297,0.47,0.4396,0.9431,1.1938,0.7085,0.6317,0.7914,0.8319,0.7308,0.8056,0.5852,0.5508,0.47,0.5225,0.5589,0.5508,0.4902,0.6297,0.6641,0.4497,0.5347,0.4477,0.7045,0.3992,0.569,0.6277,0.3749,0.567,0.4639,0.3871,0.383,0.3325,0.381,0.4214,0.4983,0.4012,0.5063,1.8362,0.3836,0.5771,0.7146,0.5407,0.3769,0.6196,0.4639,0.4922,0.567
5/25/2020,40.7739,1.0352,1.0417,1.0253,1.4547,1.7234,1.1204,1.5235,0.8385,0.5731,0.7763,0.8385,1.0221,0.6353,0.8615,0.9139,0.7468,0.868,0.6681,0.7369,0.6648,0.832,0.6648,0.7402,1.0057,0.5305,0.8025,1.0352,0.4944,0.7697,0.7926,0.4485,0.4059,0.5567,0.5632,0.6714,0.6878,0.8287,0.8123,2.7598,0.5036,0.6976,1.0221,0.6681,0.6812,0.6255,0.8025,0.6353,0.6681
5/24/2020,23.2666,0.5453,0.5697,0.3606,0.6598,0.9254,0.7346,0.8323,0.6689,0.4842,0.4231,0.4155,0.5941,0.4613,0.4521,0.4338,0.3804,0.4491,0.4812,0.5376,0.4415,0.4048,0.4995,0.4674,0.3667,0.3453,0.3606,0.3544,0.3529,0.4979,0.3804,0.2888,0.298,0.388,0.298,0.3911,0.3606,0.4903,0.3911,1.5272,0.3434,0.385,0.4583,0.4354,0.4857,0.3651,0.5743,0.5102,0.3957
5/23/2020,31.5593,0.7933,0.48,0.5931,1.1373,1.1208,1.1279,0.6873,0.8829,0.5389,0.9206,0.7933,0.7721,0.4447,0.5271,0.579,0.6944,0.6991,0.5106,0.6803,0.5554,0.5413,0.4046,0.6661,0.5837,0.4352,0.5106,0.9347,0.414,0.4918,0.6567,0.3834,0.3387,0.4282,0.4352,0.5106,0.513,0.7462,0.5036,1.6199,0.3555,0.7839,0.6096,0.7156,0.6873,0.7557,0.6826,0.6167,0.6968
5/22/2020,30.868,0.5303,0.7544,0.6743,0.8207,0.9099,0.5852,0.5531,0.871,0.5326,0.6972,0.6012,0.5874,0.608,0.6355,0.6446,0.6606,0.4525,0.656,0.5714,0.64,0.6378,0.6263,0.6057,0.7018,0.4159,0.6103,0.5806,0.4502,0.7429,0.5737,0.4571,0.5417,0.4754,0.3931,0.4823,0.5691,0.7178,0.6949,2.4091,0.458,0.5714,0.5966,0.6149,0.4388,0.5348,0.6652,0.7041,0.6126
5/21/2020,20.8473,0.4981,0.448,0.4891,0.5495,0.5123,0.5714,0.5161,0.633,0.3285,0.4545,0.4288,0.457,0.3607,0.4133,0.3234,0.4031,0.4146,0.457,0.4159,0.475,0.3311,0.448,0.3414,0.4493,0.3889,0.4223,0.5264,0.3041,0.4879,0.4275,0.3568,0.272,0.3247,0.326,0.3504,0.3671,0.4814,0.4519,1.5027,0.3402,0.3632,0.3478,0.3465,0.3401,0.3491,0.3722,0.3607,0.3183
5/20/2020,38.3556,0.619,0.6281,0.9104,1.1016,1.1957,0.8193,1.4021,0.9559,0.9711,0.877,0.9498,0.7131,0.7434,0.537,0.6706,0.7889,0.7647,0.8011,0.9073,0.6615,0.7131,0.5795,0.9438,0.5582,0.619,0.7829,0.5674,0.5582,0.8982,0.7404,0.5765,0.5431,0.622,0.5643,0.4247,0.6099,0.7677,0.8345,2.9284,0.5255,0.9316,0.4915,0.8405,0.7556,0.9164,0.9104,0.5461,0.5886
5/19/2020,29.4861,0.5319,0.7253,0.6415,0.9531,0.9831,1.0218,1.0154,0.9896,0.6952,0.6694,0.6286,0.5384,0.4911,0.4589,0.5341,0.461,0.6845,0.519,0.5405,0.5835,0.446,0.6759,0.6802,0.5771,0.5384,0.4503,0.4653,0.3966,0.5878,0.5792,0.4417,0.4739,0.3321,0.3729,0.3579,0.4503,0.6759,0.5771,1.9313,0.3959,0.4503,0.5362,0.4825,0.5577,0.5104,0.5749,0.6501,0.6523
5/18/2020,42.1562,0.8839,0.8259,0.9283,1.5363,1.0616,1.3621,1.4168,1.4885,1.3792,0.6175,1.4988,0.6312,0.5424,0.7337,0.6278,0.6141,0.7473,0.7439,0.6722,0.7986,0.7132,0.9727,0.7029,0.901,0.597,0.7097,0.983,0.6278,0.7917,0.7063,0.6414,0.539,0.539,0.6449,0.6141,0.6449,0.802,0.6961,2.8026,0.5091,0.9318,0.9967,0.9113,0.8225,0.8259,0.8976,0.597,0.9249
5/17/2020,45.0353,1.1926,1.0629,0.6741,1.5259,1.0629,1.1518,0.937,1.637,1.0851,1.1703,1.2296,0.8777,0.7703,0.5815,0.9814,0.9333,0.7963,1.0851,0.7555,0.9852,0.6148,0.6333,0.6407,0.6889,0.6148,0.6296,1.2666,0.6555,0.8926,0.8,0.5481,0.5407,0.4481,0.737,0.7,0.7481,0.6444,0.6741,4.4637,0.7249,0.8407,1.2148,0.9074,1.0481,0.6778,0.8481,0.6963,0.6407
5/16/2020,57.7053,0.778,1.4888,1.4192,1.6429,1.7175,1.8666,1.6877,1.1657,1.3497,1.0812,1.7821,0.9272,0.8625,1.1061,1.2105,1.1807,1.2652,1.0067,0.9122,1.29,0.7432,1.0862,1.4789,1.3347,0.952,1.0514,0.952,0.793,1.5187,1.131,0.8327,0.7085,0.9122,0.8824,0.6438,0.8874,1.2353,1.3447,4.5217,0.7325,1.4192,0.6836,1.3596,0.7979,1.0763,1.1011,0.793,0.9918
5/15/2020,54.8259,1.3233,1.0002,0.8222,1.5621,2.0678,1.4684,1.4216,1.8477,1.7775,1.637,1.1313,1.0236,0.9533,1.0845,0.9627,1.2577,0.8035,1.1828,0.8456,1.0049,0.752,0.9206,0.9018,1.3326,0.6958,0.6958,1.253,0.766,1.6183,0.8316,0.7848,0.8363,0.5225,0.8316,0.6537,0.9252,1.1125,0.7473,4.6838,0.7535,1.1594,0.8972,1.1687,1.2015,0.9721,0.9065,1.0002,0.7239
5/14/2020,51.4859,0.8103,0.9494,1.3756,1.2886,2.1627,1.1668,1.6017,1.7539,1.7278,1.5973,1.4017,0.7755,0.9059,1.1103,0.7624,1.0016,0.7581,0.8537,0.8755,0.9798,0.9277,1.119,1.1886,1.1451,0.7407,0.8972,1.3408,0.6581,1.4147,0.8233,0.4406,0.6711,0.5406,0.5363,0.7189,0.7972,1.019,0.9798,3.6535,0.6197,0.6668,1.2756,0.7537,0.8668,1.1016,1.0364,0.7755,0.919
5/13/2020,51.1404,1.0856,0.9863,1.2063,1.8405,1.875,1.9354,1.7111,1.8276,1.2754,1.1589,1.0122,1.3013,0.8699,0.7145,0.6671,1.0942,0.7059,1.2495,1.051,0.8569,0.7749,1.1201,1.2883,0.9777,0.9389,0.9216,1.284,0.7836,0.7879,1.0683,0.8095,0.4816,0.7232,0.7836,0.7145,0.9346,1.1114,0.844,2.7782,0.506,0.8267,0.9993,0.7534,0.995,0.9777,0.7361,0.8957,0.9
5/12/2020,58.2815,1.2175,1.2879,0.8254,1.3131,1.836,2.1327,1.3382,2.2081,0.8304,1.2276,1.0466,1.0466,1.0516,0.7449,1.1069,1.2729,1.1472,0.765,0.946,1.2477,0.941,0.6795,0.8153,1.112,1.1924,1.1823,0.9511,0.77,0.9511,0.8505,0.6293,0.6846,0.5237,0.5438,0.7399,0.8857,1.0214,0.9712,7.7984,1.1582,1.117,1.469,1.0918,1.0617,1.1974,1.5393,1.0918,0.7198
5/11/2020,45.2657,0.7555,1.184,1.184,1.7095,1.3331,1.5306,1.5641,1.3182,0.5654,1.1728,1.3256,0.8375,0.7368,0.7927,0.9567,0.9269,0.9567,0.6847,0.8673,0.8561,0.6511,1.0312,1.1356,0.6101,0.5356,0.9679,1.1169,0.5691,0.9865,0.9455,0.6586,0.7219,0.4462,0.5952,0.6698,0.7406,1.0983,1.0275,3.5637,0.608,0.7629,0.6288,0.5468,0.6399,0.6511,0.7033,0.8263,0.5691
5/10/2020,41.2345,1.0607,0.8314,0.8712,0.961,1.0939,1.4229,1.0341,1.2601,1.0939,1.2401,1.3831,0.5788,0.5921,0.5588,0.8945,0.5887,0.8978,0.8579,0.7582,0.7616,0.6818,0.9078,0.5522,0.9377,0.7283,0.725,0.9577,0.6353,0.7915,0.6552,0.5023,0.5655,0.5223,0.4093,0.7051,0.622,0.602,0.9211,2.2256,0.4342,1.0474,1.1305,0.9809,0.941,0.8845,0.941,0.9277,0.5588
5/9/2020,37.3186,0.7941,0.5713,0.9289,1.2045,1.2925,0.9671,0.97,0.9993,1.1459,0.6182,1.2602,0.5478,0.5625,0.6592,0.6006,0.5449,0.5507,0.5449,0.5889,0.8703,0.6827,0.8087,0.8674,0.8351,0.7032,0.7208,0.6211,0.5273,0.6094,0.7091,0.5126,0.6299,0.5625,0.4804,0.4452,0.6915,0.6064,0.5038,3.6073,0.6137,0.7999,0.6768,0.797,0.4511,0.6475,0.6885,0.7794,0.5185
5/8/2020,33.2874,0.5864,0.5055,0.7331,1.0694,0.8519,0.7154,1.2464,0.7913,0.857,0.948,0.986,0.4676,0.5005,0.6648,0.4701,0.5991,0.723,0.5561,0.5182,0.7634,0.6901,0.7028,0.7382,0.7255,0.4499,0.6572,0.8924,0.4575,0.6952,0.5637,0.5283,0.5005,0.5182,0.3968,0.5485,0.5662,0.8014,0.7306,2.2614,0.4388,0.6699,0.4322,0.637,0.7508,0.6471,0.5434,0.7559,0.4347
5/7/2020,35.4752,0.7574,0.903,0.8288,1.2162,1.3014,0.881,0.7629,1.2437,0.7217,0.5293,0.9415,0.8755,0.5706,0.5156,0.7162,0.6997,0.6722,0.8288,0.7024,0.7931,0.6695,0.7821,0.8288,0.7464,0.6942,0.4689,1.0404,0.4552,0.8398,0.6475,0.3645,0.5403,0.4139,0.4716,0.4139,0.6447,0.8178,0.6008,2.3649,0.4523,0.4991,0.6063,0.5321,0.7052,0.6777,0.6035,0.587,0.5458
5/6/2020,32.7112,0.698,0.7177,0.7647,0.8067,1.254,0.9327,0.7721,0.6312,0.4756,0.7943,0.8438,0.7153,0.6312,0.6732,0.5892,0.5818,0.5645,0.483,0.6263,0.7597,0.5052,0.5744,0.7795,0.5151,0.6683,0.6065,0.4607,0.441,0.9302,0.6584,0.4335,0.4904,0.5349,0.5373,0.5645,0.4929,0.7202,0.6115,2.1743,0.4275,0.7746,0.866,0.4434,0.3965,0.7721,0.7622,0.525,0.7301
5/5/2020,38.7005,0.7592,0.6855,0.8145,1.2228,1.3087,1.1153,0.7469,1.2995,0.9035,0.7561,0.928,1.0201,0.6916,0.793,0.8574,0.7346,0.5535,0.75,0.5995,0.9035,0.5136,0.839,0.6149,0.8605,0.4767,0.6794,1.1675,0.5474,0.8912,0.7316,0.6057,0.575,0.5719,0.4399,0.5228,0.5903,0.7193,0.7346,2.9815,0.5324,0.6732,0.8789,0.5596,0.8452,0.8482,0.5105,0.5873,0.7592
5/4/2020,34.2087,0.8795,0.6646,0.6725,1.1967,0.8271,0.8166,0.7223,1.0106,0.9844,0.7616,0.6332,0.6594,0.5912,0.607,0.5493,0.7773,0.6515,0.8035,0.607,0.5624,0.4969,0.738,0.5467,0.6306,0.4156,0.6961,0.5441,0.4969,0.5939,0.6777,0.3763,0.4419,0.3685,0.4078,0.4419,0.531,0.4812,0.5048,3.8454,0.6446,0.4628,0.9241,0.7249,0.5074,0.738,0.8848,0.6751,0.434
5/3/2020,35.0151,0.5476,0.7853,0.6908,0.9096,0.8637,1.1743,0.661,0.8312,1.0744,0.9177,0.761,0.6854,0.5962,0.6421,0.5503,0.6178,0.7178,0.6854,0.553,0.7097,0.6637,0.48,0.5935,0.4854,0.5179,0.5098,0.9798,0.4665,0.8015,0.5611,0.3801,0.5773,0.5908,0.4017,0.4611,0.5908,0.6989,0.5152,3.8773,0.6488,0.6556,0.5584,0.7016,0.4854,0.7745,0.7772,0.7961,0.4908
5/2/2020,30.6381,0.7349,0.7802,0.4202,0.6692,0.839,0.7168,0.8866,0.7847,0.83,0.6443,0.5696,0.6421,0.4745,0.504,0.6941,0.6104,0.6149,0.4587,0.504,0.6692,0.461,0.4519,0.4859,0.7122,0.5583,0.6149,0.4836,0.4474,0.8458,0.5266,0.4021,0.504,0.47,0.504,0.3546,0.5538,0.6262,0.6896,2.9876,0.5332,0.5357,0.4564,0.5243,0.4949,0.7326,0.4745,0.5809,0.5787
5/1/2020,36.973,0.5694,0.7432,0.9373,0.9431,0.833,0.6969,0.7345,0.9142,0.4941,1.0764,0.8939,0.833,0.5028,0.6071,0.6911,0.6042,0.5578,0.8041,0.749,0.8359,0.5288,0.7838,0.5143,0.7809,0.5317,0.4767,0.5868,0.5259,0.807,0.5752,0.6042,0.5172,0.5114,0.4651,0.6302,0.6071,0.7403,0.5607,5.1104,0.809,0.4999,0.5694,0.5955,0.7027,0.8562,0.9547,0.5085,0.5984
4/30/2020,46.5327,0.7408,0.7061,0.8641,1.6579,1.9315,1.234,1.785,0.972,1.4614,0.9181,1.5461,1.2456,0.656,0.8333,0.9065,0.6714,0.8294,0.9797,0.9836,0.8834,1.0298,0.8564,1.0144,0.8718,0.7061,0.7986,0.6637,0.5944,1.2803,0.7909,0.4287,0.5597,0.7562,0.6136,0.6753,0.7755,0.737,1.076,2.0218,0.4077,1.0837,1.1454,0.8834,1.0144,0.945,1.157,0.8102,1.0298
4/29/2020,53.7895,0.8581,1.3892,1.1374,1.664,1.5678,1.5724,1.7006,1.9433,1.7464,1.1786,0.8718,1.2061,1.0321,0.6749,0.9955,0.8901,1.2656,0.794,1.0275,0.8443,1.1328,0.8489,1.0641,0.7024,0.9085,0.8672,1.6869,0.6887,1.3618,1.0367,0.4735,0.794,0.5009,0.8031,0.8581,0.9085,0.9085,0.7436,4.6122,0.7442,1.2473,1.0046,1.1237,0.9955,0.968,0.8077,0.8627,0.7757
4/28/2020,56.3234,1.1815,1.4134,1.0461,1.6792,2.491,1.6019,1.3168,1.0751,0.7755,0.9543,1.022,1.1235,1.1331,0.9592,0.8432,0.9447,1.1235,1.0461,1.2153,1.0848,0.906,0.6741,0.9882,0.6354,1.1476,1.0945,1.0655,0.7272,1.2443,1.0993,0.4808,0.6692,0.7465,0.7707,0.6499,0.935,1.2733,0.8335,7.544,1.1251,1.4037,0.8674,1.051,0.8432,1.0172,0.7031,0.935,0.8625
4/27/2020,42.8473,0.9786,0.996,0.7103,0.9542,1.8951,1.1041,1.334,1.3027,1.2644,0.8392,1.1319,0.9194,0.6057,0.7695,0.5709,0.5744,0.6545,0.7869,0.9298,0.665,0.8636,0.8079,1.0309,0.8706,0.4907,0.5256,0.5186,0.5326,1.2365,0.8288,0.6057,0.4245,0.4629,0.6336,0.4838,0.6441,1.0344,0.7695,4.2314,0.6948,0.5639,0.5709,0.9403,0.8183,0.9438,0.8497,0.6789,0.8044
4/26/2020,41.6951,0.6216,0.6822,0.817,1.0427,1.1573,1.3831,0.972,1.036,0.6148,0.8911,1.2988,0.5811,0.7496,0.5946,0.7799,0.8844,0.8271,0.7327,0.8237,0.79,0.5946,0.662,1.0663,0.8406,0.6552,0.5609,0.8473,0.6013,1.1101,0.6687,0.6552,0.5171,0.4632,0.4834,0.5003,0.7462,0.9619,0.5508,4.8784,0.7788,0.7597,0.8541,0.6283,0.9855,0.753,0.7159,0.7664,0.8102
4/25/2020,45.3814,0.9554,0.933,0.7199,1.1498,1.8226,1.1984,0.9928,1.3778,0.6975,1.3031,1.1797,0.9778,0.8246,0.9143,0.7087,0.8021,0.8956,0.6414,0.7984,0.7984,0.8321,0.5741,1.0713,0.8919,0.8881,0.8881,0.6863,0.6003,1.0003,0.8171,0.6676,0.533,0.6975,0.5779,0.7722,0.7311,0.9292,0.6788,4.5369,0.7345,0.9218,1.2358,0.7162,0.6003,0.7199,0.7872,0.6863,0.9143
4/24/2020,46.9939,0.9309,1.0557,0.7126,1.5041,2.0618,1.5353,1.7771,1.4418,1.0206,0.9777,1.6835,1.1649,0.6073,0.6229,0.7594,1.1064,0.775,1.0362,0.7087,1.1259,0.8647,0.5527,1.0089,0.7594,0.8803,0.6931,0.8647,0.7282,1.0479,0.7087,0.7438,0.6229,0.697,0.6034,0.7984,0.8452,0.736,0.6541,2.8032,0.5092,0.7672,1.239,1.0479,0.6814,0.8919,1.2117,0.6814,0.7438
4/23/2020,56.208,1.1742,1.3815,0.8609,2.0612,2.201,1.9696,2.2155,1.8057,0.8657,0.803,1.4827,0.7886,0.9091,1.0682,1.2803,0.7452,0.9139,1.0103,1.2851,0.9717,1.0344,1.3285,0.7693,0.75,0.8127,0.8705,0.7693,0.7693,1.3381,0.8464,0.562,0.885,0.8127,0.9187,0.6487,0.9428,1.3381,1.0537,3.6908,0.6245,1.3188,1.261,1.1308,1.1887,0.803,1.4924,1.2513,1.2031
4/22/2020,63.1187,1.0651,1.6714,1.3021,1.8257,2.8069,1.5832,1.8533,2.4651,0.9108,1.4564,1.5502,1.4289,0.8557,1.2635,0.8391,1.4564,1.3021,1.1368,0.999,1.0375,1.2966,1.4895,1.2305,1.5667,0.9273,1.1864,1.9415,0.8722,1.5116,0.9273,0.9879,0.7509,1.0431,0.6958,0.8336,0.9383,0.773,0.9935,4.0545,0.6718,1.5116,1.4068,1.021,0.9438,1.1753,1.6383,1.1753,0.7454
4/21/2020,61.1607,1.2139,1.5595,0.7621,1.8465,1.3947,2.2027,1.9529,1.8731,0.7727,1.7828,0.9694,1.0385,1.1874,0.9375,1.3096,1.2565,1.3787,1.3522,1.1236,1.4,1.1501,0.7302,1.2458,1.3787,1.1076,0.8418,1.0651,0.9162,1.2937,1.0438,0.8418,0.7993,0.9641,0.5866,0.8152,0.8684,1.0438,1.1342,4.768,0.7645,1.5382,1.5595,1.283,1.4319,0.879,1.5435,1.2352,1.0172
4/20/2020,57.0142,1.3479,1.3479,1.4263,1.4116,1.441,1.441,1.9851,1.8626,1.5293,1.7498,1.2156,0.8431,0.7303,0.7009,0.9019,0.8872,0.9852,1.2058,1.1519,0.995,0.7941,0.8725,1.044,0.7401,0.9803,1.0244,1.5293,0.7107,0.9019,1.0489,0.799,0.6225,0.6666,0.946,0.7646,1.0342,1.2989,1.3381,5.6844,0.8835,0.9607,1.0391,0.9313,0.7401,1.3871,1.2352,1.1568,0.7205
4/19/2020,46.3023,0.8676,1.2008,1.1127,1.6107,1.9209,1.3617,1.2506,1.3694,0.9978,1.0783,1.3311,0.7527,0.7757,0.5957,0.8944,0.8331,0.6416,0.7412,0.8791,0.9097,0.8485,0.948,0.9978,0.8025,0.6531,0.948,1.1549,0.7182,1.2123,0.971,0.745,0.5803,0.4693,0.5842,0.4807,0.768,1.0093,0.7604,2.7124,0.4974,1.1625,0.6646,0.7565,1.0208,0.8829,1.0285,0.9251,0.8753
4/18/2020,42.732,0.9933,0.9204,0.6078,0.9794,1.2885,1.3927,1.3997,1.094,0.9551,1.3371,0.7641,0.8683,0.7988,0.7884,0.9099,0.9065,0.6668,0.83,0.9655,0.7571,0.7988,0.5244,0.9342,0.7571,0.6251,0.7328,1.1808,0.5244,1.0176,0.639,0.4549,0.7154,0.7085,0.6876,0.6112,0.6182,0.6842,0.8926,3.3419,0.5792,0.9794,0.7467,0.8127,0.7259,1.0072,0.5626,0.8717,0.7745
4/17/2020,43.8838,1.1355,1.0279,1.0386,1.1535,1.5015,1.0961,0.8915,0.9741,1.0673,0.8843,0.8772,0.791,0.7731,0.9023,0.8054,0.73,0.6906,0.8126,0.6942,0.7516,0.8054,0.7157,0.626,1.0853,0.7875,0.6834,1.1714,0.5327,1.358,0.8987,0.6367,0.73,0.4681,0.486,0.6834,0.7157,0.6296,0.8772,4.2031,0.6911,0.6116,0.5327,0.9956,0.913,0.9274,1.0099,0.7623,0.748
4/16/2020,47.4538,1.1057,0.794,1.0149,1.0623,1.9145,1.0938,0.9794,1.6699,1.0228,0.8295,1.6738,0.6677,0.9202,0.6086,0.9163,0.7506,0.7388,0.7545,0.8453,0.8768,1.0268,1.011,1.1688,1.0938,0.6164,0.573,0.6243,0.6559,1.4529,0.8966,0.5454,0.5612,0.5928,0.6046,0.6243,0.723,0.6677,1.0583,5.2542,0.8276,0.648,1.0938,0.8374,0.573,0.8453,0.7979,1.0504,0.79
4/15/2020,42.8471,0.8148,0.7382,0.9089,1.456,1.6651,1.5919,1.0727,0.8775,1.2992,0.8183,1.348,1.111,0.7277,0.9054,0.6197,0.8009,0.7626,0.665,0.996,0.9054,0.5744,0.9472,0.8845,0.7451,0.4803,0.7939,1.1772,0.5186,1.0866,0.8775,0.557,0.6545,0.658,0.6545,0.557,0.7626,0.8775,0.7904,2.9022,0.5221,0.7974,0.9682,0.5047,0.8009,0.665,0.6894,0.6232,0.6929
4/14/2020,45.8422,0.9916,0.704,1.1997,1.5101,1.8355,1.1014,0.9841,1.5063,1.0976,1.1165,1.3927,1.0143,0.8667,0.7456,0.7608,0.9841,0.8592,0.7986,0.9311,0.8138,0.9349,0.9765,1.037,1.0787,0.897,0.9576,1.2906,0.6624,0.9197,0.9235,0.564,0.477,0.6397,0.477,0.5527,0.8251,1.0446,0.8213,1.6436,0.3586,0.9197,1.1997,1.0219,0.5716,0.9084,1.143,0.7759,1.0068
4/13/2020,36.9728,0.6331,0.6708,0.5491,1.0706,1.0445,0.694,0.7027,1.2329,0.9489,0.7519,1.1807,0.5636,0.5028,0.523,0.8359,0.6592,0.7867,0.6157,0.8649,0.8388,0.5028,0.8736,0.6331,0.7722,0.636,0.497,0.8765,0.5491,1.1315,0.7114,0.4622,0.581,0.3927,0.384,0.4042,0.5462,0.749,0.6215,3.3975,0.5864,0.7143,0.9055,0.7519,0.6476,0.8388,0.6592,0.8041,0.6737
4/12/2020,44.69,0.6877,0.9482,0.8601,1.2343,0.9372,1.271,1.4948,1.1133,1.1096,0.6326,1.0839,0.7904,0.6913,0.6326,0.8674,0.6987,1.0252,0.6583,0.9335,1.0326,0.7867,0.673,0.7684,1.1353,0.8785,0.7537,0.8234,0.5629,0.651,0.8271,0.7354,0.6657,0.75,0.4565,0.5409,0.64,0.9408,0.9849,4.6217,0.7455,0.7427,1.1573,0.6106,0.9518,0.7721,0.9041,0.9995,0.9078
4/11/2020,41.4653,0.8795,0.9297,0.7322,1.3112,0.9732,1.1472,1.348,0.9966,0.9263,1.0836,1.0334,0.6251,0.6553,0.8494,0.6452,0.8025,0.6118,0.8159,0.8929,0.6452,0.6452,0.508,0.7557,1.0501,0.6251,0.759,0.9431,0.5448,0.9698,0.6251,0.4913,0.5649,0.6419,0.6051,0.4411,0.7222,0.7657,0.9364,3.6793,0.623,0.8192,0.9364,0.7824,0.5649,0.9096,1.0669,0.6854,0.8995
4/10/2020,42.5012,0.8774,0.9947,1.0223,1.4812,1.2086,1.4087,1.5916,1.2155,0.7635,1.0568,0.8636,0.8947,0.8084,0.6359,0.6876,0.9085,0.8325,0.7049,0.7014,0.9188,0.7221,0.8429,0.8118,0.56,0.8153,0.8739,0.9395,0.522,0.9085,0.7187,0.384,0.6462,0.6221,0.4461,0.4496,0.7118,0.6497,0.6807,3.6537,0.6197,0.7739,0.9809,0.5703,0.6807,0.6359,0.9257,0.8325,0.9464
4/9/2020,50.4491,0.8459,0.9053,0.8883,1.2831,2.1745,1.1472,1.1557,1.2406,0.6888,1.2364,1.177,1.1685,0.9477,0.8671,0.9392,0.7143,1.1133,1.0921,1.0114,1.1727,1.109,1.0199,1.1557,0.7567,0.969,0.9223,1.4826,0.6718,1.4189,0.8416,0.7015,0.7015,0.4808,0.7312,0.8034,0.8543,1.177,0.935,4.1602,0.6855,0.918,0.6803,1.2024,0.6718,1.1939,0.8628,0.8968,0.6761
4/8/2020,49.067,0.8566,0.7991,1.181,1.6369,1.5424,1.5465,1.9449,0.9634,1.5712,1.0948,1.5588,1.0291,0.6225,1.0003,1.0825,0.795,1.0742,0.8525,0.7909,0.951,0.7745,0.9469,1.2426,1.1276,0.8936,0.6471,0.6923,0.6964,1.333,0.7498,0.4254,0.487,0.7991,0.4911,0.7991,0.758,0.6759,0.6471,3.5722,0.6091,0.9962,1.1482,0.5897,1.0455,0.9839,1.2426,0.717,1.0825
4/7/2020,58.8574,0.9295,1.3466,1.3415,1.316,1.4228,1.7178,1.6873,1.5398,1.4534,0.8532,2.0891,1.2347,1.0821,1.2092,1.1635,1.255,0.838,1.3262,1.1889,1.1736,0.8482,0.7871,1.1126,1.2398,0.777,0.8227,1.1228,0.7414,1.7178,1.138,0.6905,0.6752,0.7058,0.543,0.8227,0.96,0.9346,1.3059,6.8146,1.0304,0.7312,0.8126,0.9804,1.0872,0.838,1.5347,0.8787,1.0363
4/6/2020,41.2344,0.8247,0.8447,0.7582,1.5359,1.845,1.0906,0.848,0.8447,0.5389,0.8048,0.8447,0.9809,0.7616,0.5987,0.8247,0.6851,0.5821,0.9277,0.7649,0.7051,0.5455,0.7715,1.0341,0.5256,0.8147,0.5422,0.6353,0.6286,1.0407,0.828,0.499,0.6951,0.4359,0.5023,0.4824,0.6685,0.6552,0.7383,4.6169,0.7448,1.074,0.6718,0.5156,0.951,0.9776,0.6187,0.5987,0.8114
4/5/2020,37.4333,0.6405,0.7024,0.823,1.1321,0.9113,0.773,1.4088,0.9202,0.6906,0.8495,1.0585,0.8554,0.5493,0.7141,0.7936,0.6523,0.7259,0.5758,0.7789,0.8201,0.6935,0.7465,0.8613,0.6935,0.5993,0.7259,0.8642,0.5876,1.1762,0.7436,0.5817,0.6199,0.6288,0.5699,0.5316,0.5758,0.5846,0.8554,2.1568,0.4252,0.7848,0.67,0.7671,0.511,0.8672,0.9496,0.5199,0.7671
4/4/2020,45.6115,0.8399,0.9603,1.1709,1.6109,1.8329,1.0618,1.1784,1.5921,0.9001,1.4417,1.3063,0.8324,0.8362,0.9302,0.8662,0.6519,0.776,0.9979,1.0806,1.0129,0.87,0.9791,0.7496,0.7985,0.8474,0.6255,0.7873,0.6406,1.1483,0.6707,0.4488,0.7572,0.7196,0.6819,0.7308,0.6895,1.0054,0.9753,2.4967,0.4694,0.6105,0.7158,1.0618,0.9415,1.1107,0.7007,0.7346,0.7647
4/3/2020,54.8259,1.047,1.3888,1.4637,1.9086,2.4424,1.2109,1.7634,1.1547,0.9908,1.6557,1.4216,1.4029,0.8175,0.6771,1.0891,1.1828,0.7707,1.2858,1.0751,1.1266,0.9206,1.0985,1.4825,0.663,0.7567,1.0189,1.5106,0.7567,1.3514,1.1313,0.6068,0.5506,0.5272,0.6209,0.6021,0.8222,0.7005,1.0002,4.7087,0.7568,1.0095,1.1828,0.6256,0.9393,0.7754,0.9112,1.1781,0.7426
4/2/2020,49.9884,1.271,0.7923,0.7629,1.3549,1.7916,1.7874,1.0988,1.25,1.6698,1.0652,0.8175,0.8469,0.9518,0.8091,0.8469,1.1408,0.7377,1.1324,0.8973,1.0736,0.7041,1.1492,1.103,0.8889,0.6075,0.9686,0.9267,0.7083,1.5103,0.8679,0.6789,0.7503,0.8343,0.7041,0.553,0.7545,1.1702,0.8679,4.5925,0.7417,0.6453,0.7419,1.1828,0.9309,1.1282,0.6285,0.7503,0.8007
4/1/2020,51.1403,1.1244,1.0554,0.7965,1.8923,1.7111,1.3746,1.9095,1.957,1.0252,1.2452,1.7801,0.9173,0.844,0.6671,0.7404,0.7879,0.7189,0.7404,0.9734,0.9604,0.9302,0.5851,1.2279,1.215,0.8526,0.9691,1.6032,0.68,0.8785,1.0036,0.5981,0.5118,0.4988,0.6973,0.7879,0.7965,0.9475,0.8785,3.9121,0.6533,1.051,0.8483,0.8699,0.7145,0.8224,1.1805,1.1373,1.0683
3/31/2020,61.737,0.8223,1.4832,1.0694,2.2463,1.5477,1.5047,1.2468,2.0582,0.8706,1.4725,1.8003,0.962,0.9297,0.8276,1.3811,1.0533,1.3005,1.3704,1.4349,1.0318,1.0426,1.2844,1.4349,1.3113,1.0641,0.9458,1.1232,0.7309,1.7573,1.1447,1.005,0.9835,0.8921,0.962,0.6557,0.9458,0.9835,1.3704,5.8403,0.9038,1.3972,1.5047,0.9673,0.8921,1.3972,0.9566,0.8223,1.005
3/30/2020,58.6267,0.9868,1.0982,1.0678,1.3716,1.402,1.9791,1.2906,1.8475,0.7185,1.9082,2.1563,0.7843,1.1843,1.1286,0.8096,0.8501,0.9463,1.3311,1.3665,0.9564,0.9008,1.1893,0.8552,0.7742,0.7134,1.1893,1.7766,0.6831,0.9818,0.8805,0.7033,0.7286,0.8046,0.6476,0.7793,1.0121,0.8096,1.2805,6.9637,1.0497,0.9969,0.9463,0.7489,0.8046,1.2298,1.4779,1.3007,1.2146
3/29/2020,44.3441,0.9735,1.0498,1.0789,1.6023,1.0462,0.839,0.8608,1.5114,0.8681,0.7155,1.2425,1.0862,0.8499,0.6464,0.7118,0.8863,0.839,0.6755,0.73,0.9335,0.6319,0.541,1.1007,0.7373,0.5665,0.5665,0.5992,0.5955,1.257,0.8245,0.7409,0.5337,0.5301,0.4647,0.5919,0.6682,0.7227,0.7373,5.4772,0.8566,0.8899,0.9662,0.8354,0.6282,0.8354,0.6537,0.7736,0.8717
3/28/2020,50.3337,1.0049,1.1276,1.3308,1.8008,1.8346,1.5637,1.7669,1.3351,1.1446,1.3097,1.7076,0.7678,0.7085,1.0133,0.9922,1.1234,1.0514,1.1149,1.0006,1.0599,0.7636,0.6154,0.7932,0.7678,0.6069,0.9456,1.5087,0.7763,1.3097,0.7636,0.6239,0.8144,0.5223,0.7424,0.7128,0.7593,1.0599,1.1446,3.2389,0.5658,0.7085,1.3478,0.6112,0.5815,0.899,0.8017,0.899,0.6916
3/27/2020,54.826,0.7988,1.4356,1.1172,1.5621,1.5153,1.0283,1.4169,1.2577,1.843,1.1079,1.5387,1.0517,0.9252,0.8269,0.841,1.0283,0.9065,1.3092,1.1313,0.8456,1.0657,1.0423,0.8363,1.2156,0.5787,0.9814,1.2718,0.7333,1.7681,1.0236,0.8831,0.6349,0.8363,0.5975,0.5881,0.8035,0.6818,0.7707,5.8815,0.9091,1.1032,1.1453,1.0845,1.1875,1.1125,0.8129,1.0236,0.766
3/26/2020,54.1349,0.8818,0.9002,0.7803,1.2232,2.3258,1.523,1.0432,1.0294,0.6788,1.4907,1.3523,1.0709,0.8172,0.8079,0.7387,0.8541,1.1586,1.2093,1.2185,1.0432,0.7664,0.8864,1.1678,1.3985,0.8402,1.0986,1.3247,0.7664,1.4215,1.0432,0.8541,0.5311,0.831,0.6096,0.628,0.951,0.8587,1.0386,5.8747,0.9083,1.2001,0.8172,0.9463,0.831,0.9141,1.1217,1.1724,1.1862
3/25/2020,49.2974,1.2239,1.2982,0.6788,1.7979,1.1537,1.3395,1.6658,1.0504,1.0793,0.687,0.8894,1.261,0.9513,0.6251,1.1124,1.0628,1.1124,1.1372,0.9554,0.8233,0.8192,1.0215,1.2858,0.8109,0.9472,0.8976,0.9265,0.592,0.8894,0.9265,0.497,0.559,0.7077,0.526,0.6292,0.9018,0.7572,0.6168,4.4429,0.7222,1.1702,0.6953,0.9844,1.0669,1.1867,0.972,1.0463,0.7944
3/24/2020,43.3077,0.774,1.0246,1.1376,0.9717,0.9152,1.12,1.0317,1.18,1.0882,0.8269,1.3954,0.9399,0.7528,0.6504,0.8234,0.8587,0.8269,1.0458,0.6751,0.7033,0.5974,0.6539,1.0776,1.1059,0.6504,0.9399,1.0246,0.5762,1.0388,0.8587,0.6716,0.5551,0.4244,0.5621,0.5409,0.6822,0.6257,0.6645,3.4415,0.5921,1.0635,1.0705,0.7033,0.9787,0.9576,0.9399,0.6751,0.894
3/23/2020,47.9153,0.9809,0.7295,1.0488,1.5358,1.3162,1.0169,1.1606,0.9969,1.4839,1.0488,1.416,1.1166,0.6896,0.9889,0.9969,1.1166,0.969,0.941,1.0208,1.0807,0.8492,1.0368,0.6297,1.1885,0.5339,0.5938,1.4799,0.6057,1.2763,0.7933,0.502,0.8173,0.7734,0.478,0.5219,0.7973,0.7335,0.8293,4.2538,0.6977,0.6536,0.6975,0.5898,0.965,1.1526,0.8612,1.1047,0.8452
3/22/2020,49.9882,0.9099,0.8721,0.9225,1.2248,2.1275,1.5775,1.4977,1.4053,1.3759,1.1072,1.4011,0.9812,0.8847,0.8007,0.956,0.7755,0.6747,0.8343,0.9854,1.1618,0.6831,0.6705,0.977,0.6033,0.7965,0.8343,0.956,0.7587,1.208,0.9351,0.5698,0.8385,0.5446,0.6579,0.5194,0.7545,0.7629,1.0904,4.8637,0.7769,0.7293,1.3381,1.1324,0.7923,0.998,1.208,0.8889,0.6243
3/21/2020,48.2608,1.1772,1.2537,0.6699,1.6563,1.8616,1.1692,1.7006,1.1853,0.6297,1.141,1.5999,0.8551,0.9759,0.9397,1.0403,0.6659,0.9075,1.0202,0.7746,0.8753,0.843,0.7102,0.7545,1.2215,0.8511,0.5814,0.7223,0.686,0.8914,0.9477,0.521,0.7545,0.6216,0.5371,0.7786,0.7182,0.7545,0.992,3.4911,0.5986,0.843,1.0484,1.0645,0.9517,0.9799,1.2698,1.0806,0.9477
3/20/2020,54.2498,0.9205,0.8327,0.8789,1.8825,1.7484,1.4432,2.0028,1.7484,1.568,1.2073,1.9288,1.3553,0.7402,1.1148,0.7078,1.0778,1.2489,1.2859,0.8974,0.8974,1.0315,0.8604,1.0269,1.2952,1.1055,1.1518,0.8604,0.6847,0.9668,1.1564,0.8882,0.6662,0.5459,0.5875,0.8835,0.754,1.2397,1.0269,3.957,0.6591,0.7217,0.68,1.0269,1.2073,0.8743,1.161,1.1148,0.6292
3/19/2020,57.3595,1.4253,1.0305,1.4253,1.9387,2.0423,1.5389,1.2575,2.1805,1.5784,1.6277,0.9169,1.0008,0.7639,1.2328,1.2328,1.2773,0.986,1.1884,1.2625,1.3464,0.9367,1.3414,1.1341,1.4253,0.7442,0.8034,1.6721,0.8083,0.9762,1.0996,0.6356,0.8923,0.754,0.7935,0.6356,0.8577,0.7738,0.9367,4.238,0.6956,0.8873,1.2131,0.6948,0.6603,1.0403,1.3069,0.9466,1.2032
3/18/2020,62.3122,0.9216,1.0846,1.3181,2.0133,2.1056,2.2849,2.5021,1.5408,1.4484,1.1334,1.8992,1.3398,0.7695,1.2203,1.1877,1.0139,0.9922,1.1171,1.1823,1.0031,0.9976,0.8184,1.5136,1.2692,1.2746,0.8021,0.9868,0.9488,0.9596,1.0791,0.574,0.7478,0.9379,0.7913,0.7207,1.0139,0.813,0.9053,7.6652,1.1409,1.0194,1.5353,0.8021,0.7641,1.2529,1.2421,0.813,0.8456
3/17/2020,68.3019,1.4511,1.5355,1.7828,1.8612,2.8983,1.9998,2.7958,2.6029,1.9516,2.1446,1.9335,0.9506,1.0109,1.4632,1.24,1.0712,1.3546,1.0712,1.1375,1.439,1.0893,1.3848,1.6983,1.4149,0.8059,1.1436,1.3003,0.8782,1.029,1.3184,0.6853,0.9024,0.9265,0.9204,0.9566,1.0893,0.8963,1.5838,4.1266,0.6811,1.5054,1.7466,0.7757,1.0591,0.9928,1.3426,1.041,1.3124
3/16/2020,64.5005,1.1046,1.6018,1.4492,2.0312,1.5283,1.8786,2.3024,2.0934,2.0877,1.7487,1.8504,0.9351,1.0424,1.2402,0.9633,1.5001,1.0029,1.5057,1.2176,1.5283,1.3701,0.9181,1.534,1.1554,1.3193,0.9972,1.5283,0.9068,1.7939,1.3701,0.8051,0.7712,0.7938,0.5904,0.9351,0.9125,1.4944,0.8108,4.9871,0.7929,1.0763,0.8051,0.8729,1.3701,1.195,0.9012,1.1159,0.7656
3/15/2020,55.2868,1.2117,1.4623,0.9753,1.8406,1.4623,1.2874,1.4198,1.4529,1.3205,0.8665,1.4481,1.1408,1.0604,0.9185,1.0273,1.155,0.7672,0.9895,1.2779,1.2543,0.9327,1.2495,1.2212,1.0698,0.8098,1.2022,1.3488,0.6726,1.4812,1.0178,0.6774,0.6443,0.597,0.6915,0.6632,0.9753,0.9091,0.7577,4.3307,0.7077,1.2353,1.1597,1.2968,0.6537,1.2921,0.8429,1.2921,1.2164
3/14/2020,56.3231,1.4666,1.1476,0.7031,1.7613,1.2539,1.2104,1.8193,2.1383,1.6502,1.5632,1.5004,1.2636,1.0751,0.9157,0.9108,1.3216,0.964,1.2298,1.0075,1.2153,1.2539,0.8625,1.0075,0.8722,0.6306,0.9543,1.4907,0.6499,1.1428,0.877,0.8142,0.7997,0.8625,0.6789,0.6934,0.8625,1.1138,0.8819,4.392,0.7156,0.7852,1.4086,0.6837,1.2926,1.138,1.3844,1.2878,0.6692
3/13/2020,61.967,1.2568,1.1111,0.9492,1.926,2.1095,2.0501,1.1219,1.3917,1.3809,1.2244,1.7101,1.5806,0.9978,1.3324,1.1435,1.3324,1.4673,1.4241,1.0193,1.4187,1.3,0.7063,1.0409,0.8197,0.8305,1.3216,1.6777,0.7603,1.2028,0.9546,0.8359,1.0247,0.9006,0.8682,0.6578,1.0193,0.8197,1.3216,6.0032,0.925,1.1273,1.5104,1.3647,0.7279,1.0355,1.0193,1.192,1.0517
3/12/2020,59.4332,1.5554,1.0667,1.3856,1.4216,2.1623,1.113,1.0822,1.6737,1.7199,1.7045,0.9022,1.3291,0.9896,0.9279,0.9793,0.7993,1.1696,0.969,1.149,1.1079,1.1285,1.1182,1.2005,1.1182,0.9485,1.1285,1.0925,0.8507,1.5142,1.113,0.5061,0.7273,0.9485,0.7273,0.8764,0.9124,0.9073,0.897,8.1371,1.2022,1.3599,0.9433,0.7016,0.6759,0.8456,0.7581,0.7633,1.1233
3/11/2020,67.9565,1.3178,1.6656,1.7016,1.6536,3.0386,2.2591,2.409,1.7495,2.1212,2.2112,2.1932,1.6116,1.138,1.2759,1.2039,1.042,1.2519,1.4797,1.2339,1.3958,0.9401,1.09,1.5397,1.7495,0.9521,1.108,1.2399,0.9521,1.06,1.138,0.7542,0.7542,0.9521,0.6283,0.8082,0.9761,1.138,1.5037,5.1705,0.8168,1.03,1.0061,1.2998,0.8622,0.9341,0.8742,1.2938,1.4317
3/10/2020,77.2859,2.0027,1.594,1.594,2.7788,2.4185,2.5085,2.7303,2.6679,2.1967,2.557,2.4323,1.2545,1.4277,1.005,1.6632,1.5455,1.49,1.1713,1.1505,1.5732,1.6355,1.4831,2.0097,1.4692,1.1297,1.594,1.4277,0.9357,1.3584,1.393,0.915,1.3099,0.6725,1.2406,1.1921,1.1505,1.2406,1.1228,3.5208,0.6024,1.3445,2.169,1.691,1.2614,1.5316,1.5524,1.5177,1.0535
3/9/2020,66.4589,1.6223,1.0669,1.1079,1.9555,2.1543,1.3534,2.2244,2.2069,1.8152,1.8912,2.166,1.4411,1.1663,0.9559,1.3592,1.0319,1.4586,1.0728,1.4002,1.3475,1.1137,1.406,1.2072,1.5112,0.798,1.2715,2.0666,0.874,1.482,1.2306,1.0728,0.6343,0.7746,0.7337,1.0026,1.0202,1.3242,1.2014,4.285,0.7017,1.0202,1.3358,1.2832,0.8623,1.5229,1.6515,0.9442,1.33
3/8/2020,52.5223,0.7143,1.0081,1.3688,1.8541,2.1568,1.8006,0.9948,1.7962,1.3421,0.7944,1.5647,0.977,0.8345,0.9859,1.0081,0.9013,1.066,0.7811,0.8122,1.1951,1.1194,0.9414,1.0794,0.9903,0.8033,0.7232,0.7366,0.7588,1.3955,1.1016,0.8657,0.7276,0.6252,0.7009,0.8479,0.741,0.8701,0.8701,4.3237,0.7068,1.2753,1.2486,1.0927,0.9325,0.7855,0.7276,0.83,0.7455
3/7/2020,58.2811,0.8555,1.2427,1.2075,2.198,2.1779,2.2533,1.0818,2.2081,1.8762,1.3885,2.1025,1.3935,1.0114,0.8304,0.9913,1.1924,1.2125,1.0164,1.293,0.8807,0.9259,0.946,1.0566,0.755,0.9108,1.1069,1.6399,0.765,1.127,0.8505,0.9159,0.9561,0.946,0.5488,0.7801,0.8153,0.8857,1.0416,2.9212,0.5245,0.9058,1.4941,1.2829,0.9963,1.1019,1.479,1.2125,0.9762
3/6/2020,64.0403,0.9176,1.6966,1.6405,2.4139,2.582,1.6629,1.3099,1.4444,1.125,0.9568,2.2458,0.7775,1.181,0.9008,1.0577,1.2034,0.9064,1.4332,1.0969,1.0409,1.1474,1.1586,1.4052,1.478,0.9344,1.0465,2.0216,0.9624,2.0889,1.237,1.0353,0.94,0.6038,0.8055,0.6766,0.9624,1.1978,1.3491,5.8852,0.9096,1.0297,1.2314,0.7383,1.0521,1.5509,0.884,1.1978,0.9176
3/5/2020,60.1244,1.5375,1.0007,0.8078,2.2308,2.1474,1.9806,1.0371,2.2047,1.9702,1.7617,1.5063,0.9329,0.7713,0.8078,0.9902,0.9537,1.2509,1.0684,0.985,1.3238,0.9277,0.7713,1.131,1.157,0.8912,1.1466,0.8547,0.7035,1.5219,1.2404,0.5889,0.542,0.7713,0.6723,0.9381,0.8391,1.4489,0.8599,5.4348,0.8511,1.4646,1.1258,1.1258,0.985,1.4229,1.0893,1.2039,1.1466
3/4/2020,70.0297,0.9296,1.5809,1.0909,2.5796,3.3178,2.5114,1.7112,2.1206,1.4941,1.5685,1.0041,1.8911,1.215,1.37,1.5003,1.2584,1.4507,0.9482,1.6554,1.2398,1.0351,1.2026,1.3762,1.5934,1.3142,1.4321,1.3887,0.787,2.2695,1.2274,0.6691,0.9606,0.7497,1.0909,0.8552,1.215,1.643,1.1529,4.4706,0.7258,1.6182,1.2522,1.1529,1.5996,1.2584,0.911,1.3576,1.2832
3/3/2020,84.7732,1.4027,2.2395,2.2165,2.9766,3.6522,1.5716,1.9401,2.6618,2.086,2.5927,2.3931,1.4795,1.2031,1.633,1.9248,1.5793,1.3874,1.1801,1.3874,1.9401,1.6868,1.3336,1.7175,1.7405,0.8423,1.4411,2.5543,1.1186,2.4008,1.4181,1.1877,0.9114,1.0956,1.2031,1.2645,1.3259,1.1186,1.9324,7.3757,1.1033,1.1724,0.9114,1.1801,1.7789,1.1954,1.4565,1.372,1.4872
3/2/2020,77.5166,2.0089,1.8559,1.1608,2.4746,2.2244,2.273,1.5987,2.4885,2.3147,2.565,2.3217,0.9592,1.0773,1.3206,1.0565,1.4736,1.842,1.272,1.2998,1.1608,1.4527,0.834,1.3137,0.8827,1.1816,1.5292,2.1896,1.1399,1.8559,1.6335,1.1538,1.1886,1.0912,0.9522,0.7228,1.3693,1.7864,1.1399,8.6753,1.2721,1.5918,0.9592,0.987,0.8479,1.119,1.0634,1.3971,1.4388
3/1/2020,58.0509,1.2928,1.513,1.518,1.3879,1.6882,1.7683,1.6081,1.5781,1.478,1.5331,1.5431,1.2277,1.0476,0.9274,0.8824,1.3529,1.1977,1.3429,1.2928,0.9024,1.1927,1.0225,0.8424,1.0976,0.8223,0.7122,1.473,0.6822,1.0976,1.0676,0.9625,0.6071,0.9274,0.6422,0.6121,1.0025,0.7573,1.2778,4.6273,0.7462,0.7923,1.5981,1.2828,1.2628,0.9024,1.2428,0.9625,0.7523
2/29/2020,56.4384,0.8932,1.1354,1.4164,2.017,2.3222,1.1403,1.4067,1.8959,1.0822,1.7894,1.3147,1.179,1.0143,0.7092,0.7431,1.1451,0.9465,1.3486,1.1403,0.8836,1.1161,1.0482,1.4454,1.3825,0.9659,0.6946,0.6704,0.6511,1.7506,0.8303,0.5396,0.7237,0.7673,0.9271,0.7625,1.0047,0.7479,0.9368,4.2263,0.6941,1.4115,1.0773,1.0725,0.7092,1.2662,1.3001,1.1984,0.995
2/28/2020,58.9725,1.4359,1.4767,0.9618,1.5021,2.384,1.2677,1.6194,2.0628,1.9915,1.7468,2.1495,1.1249,1.0485,1.2677,1.1046,0.8446,1.2932,0.8803,0.9414,1.0179,0.9567,1.339,1.0689,0.9313,0.7936,0.9567,1.7264,0.814,1.1555,1.0536,0.6866,0.7121,0.9313,0.7579,0.6815,0.9669,0.9465,0.9822,4.6147,0.7446,1.3034,1.3798,1.3339,0.6407,0.8089,0.9058,0.9211,0.7376
2/27/2020,76.2495,1.1904,1.9275,1.8388,2.7465,1.5999,2.3165,1.6067,2.9854,1.8047,2.0981,1.6409,1.6204,1.3883,1.3269,1.0334,0.9857,1.4702,1.1972,1.1153,1.7023,1.4156,1.5999,1.3269,1.1495,0.8492,1.2928,1.0607,0.9788,2.4735,1.2314,1.1699,0.7468,1.1426,0.9311,1.1426,1.2382,1.3542,1.4225,7.6686,1.1413,1.832,1.5794,1.675,1.4907,1.8593,0.9379,1.0266,0.9174
2/26/2020,77.0563,1.9621,1.969,1.4097,1.8378,3.2189,2.1348,1.7688,1.4304,2.4524,2.3972,1.0989,1.679,1.1127,1.2854,1.5616,1.2785,1.3406,1.7964,1.1887,1.8585,1.6652,1.4511,1.8931,1.8862,1.4235,1.1542,2.266,0.9056,1.4442,1.2025,1.1404,0.9539,1.2232,1.1542,1.2716,1.1058,1.4373,1.4235,5.1415,0.813,1.1404,1.313,1.7757,1.3959,1.5409,1.458,1.0022,1.6928
2/25/2020,67.1503,1.0303,1.6099,1.4207,2.5445,2.3256,2.2547,2.6628,1.3438,1.6987,1.7815,1.4975,1.6336,1.1722,0.8173,1.2195,1.2373,1.3674,1.2728,1.4325,1.5863,1.1426,0.8528,1.7992,1.5981,0.8469,1.1072,1.7756,0.8646,1.1012,1.0184,0.7937,0.9297,0.9001,0.77,0.7937,1.2018,1.4443,1.3674,5.0456,0.8005,1.468,1.1841,0.9652,1.0953,1.2905,0.8824,1.0776,1.1249
2/24/2020,66.2286,1.4826,0.9586,1.6049,1.6166,1.4593,1.5467,1.7563,1.2381,2.1348,1.5001,1.8786,1.1798,1.2264,1.2497,1.4186,1.3662,0.8654,1.5758,1.0517,1.1857,0.9993,1.308,1.669,1.2672,0.9469,1.1158,2.0882,0.8771,1.3836,1.1566,0.8363,1.011,0.6849,1.0517,0.6733,1.1158,0.9528,0.9935,7.7575,1.1529,1.5234,1.1449,0.8712,1.3836,1.0517,1.0401,0.8654,1.011
2/23/2020,67.8416,1.6926,1.4592,0.8249,2.6082,3.0809,2.0397,2.1235,2.285,1.5729,1.4473,0.9566,1.7764,1.2558,0.9027,0.9566,1.166,1.0703,1.543,1.4114,1.1002,1.2797,0.9207,1.5011,1.6148,0.9267,1.3755,1.6807,0.8788,1.2797,1.184,1.0942,0.9626,0.6514,0.6514,1.0643,0.9925,1.2977,1.531,4.0063,0.6655,1.5909,1.5969,0.801,1.567,1.2139,1.537,1.567,1.1361
2/22/2020,78.8991,1.6768,2.0455,2.1306,2.8537,2.9317,2.9104,1.7619,2.9813,2.4,2.166,2.7616,1.691,1.0175,1.6839,1.3649,1.6484,1.6768,1.6343,1.3649,1.5846,1.2727,0.9324,1.0529,1.6484,1.3649,1.4358,1.5563,0.9891,1.4287,1.6484,0.9324,0.7977,0.7126,0.7197,1.0954,1.3649,1.4783,1.0458,4.2452,0.6966,1.5705,1.8257,0.9395,1.5634,1.6343,1.2514,1.6768,1.7335
2/21/2020,77.2859,1.975,1.393,1.393,1.975,3.0628,2.2868,1.5593,3.0282,1.102,2.3215,2.2175,2.0166,1.0674,0.9912,1.5801,1.781,1.4069,1.497,1.4277,1.5247,0.9981,1.1505,1.9335,1.2475,1.5732,1.6702,1.4554,1.0189,1.1367,1.4485,1.0882,0.908,1.1644,0.7902,1.102,1.1575,1.4415,1.4415,6.8995,1.0414,1.4623,1.005,1.4831,0.9773,1.5316,1.8295,1.3515,1.3722
2/20/2020,74.4065,1.7139,1.7073,1.6143,2.3182,2.2253,1.4948,2.9358,2.4643,1.196,1.3885,2.6702,1.176,1.2889,1.0167,1.6608,0.9967,1.7671,1.0167,1.2292,1.7339,1.6276,1.4284,0.9635,1.5678,0.8971,1.0167,1.9596,0.8706,2.3382,1.455,0.7577,0.9901,0.6913,1.0897,0.9436,1.0964,1.4749,1.1229,5.0682,0.8035,1.2956,2.0194,1.3753,1.455,1.5612,1.7471,1.6608,1.5147
2/19/2020,90.9925,1.6024,2.3411,1.312,2.0091,2.6647,2.8639,1.8929,2.2913,2.59,1.5028,3.171,2.1087,1.4033,1.146,1.7269,1.6937,1.4365,1.1543,1.3203,1.4199,1.5526,1.4862,1.6937,1.1128,1.619,1.536,1.3867,1.0049,2.0008,1.2705,0.8389,1.5111,0.9551,1.2539,1.146,1.4614,1.2705,1.0879,13.7035,1.9254,1.6024,1.1626,1.7269,2.0008,2.0838,1.702,1.5277,1.7186
2/18/2020,94.9084,2.0004,2.0352,2.2438,3.4431,2.9477,3.3649,3.895,2.07,3.0868,2.3307,3.2085,2.4524,1.6789,1.1314,1.5485,1.227,1.618,1.6528,2.209,1.8875,1.8701,1.4095,1.3573,2.1221,1.8527,1.2009,2.5653,1.0531,2.0439,1.731,1.1053,1.14,0.8967,0.8359,0.8706,1.5746,1.705,1.9222,6.1199,0.9401,1.7136,1.3399,2.1829,0.9836,1.8961,2.3828,1.8961,2.1656
2/17/2020,77.5165,1.4597,1.3137,1.9185,3.0099,2.6901,2.1965,2.0645,1.5639,1.4458,1.7934,1.5292,1.3763,1.5361,1.2025,1.6613,1.7725,1.0148,1.7794,1.3554,1.6126,1.2581,1.6613,1.126,1.6335,0.7784,1.5431,2.0575,0.8896,2.2244,1.5083,0.8271,0.9939,0.7923,1.1608,0.7784,1.3554,1.0495,1.119,8.8291,1.2921,1.6335,1.55,0.9313,0.8896,1.1886,1.8003,1.1468,1.2025
2/16/2020,56.4382,1.3001,1.0047,1.3631,2.1623,2.637,1.2323,1.0967,1.7651,1.4454,0.8496,1.7554,0.7431,0.932,0.869,0.9514,0.7528,1.024,1.0289,1.087,1.1597,0.8157,1.2759,1.0628,0.6946,0.6462,0.7964,0.9901,0.7237,1.6731,1.0773,0.9465,0.6026,0.7334,0.685,0.7092,0.9465,0.9998,0.7043,6.3826,0.9743,0.714,0.9514,1.0095,0.685,1.2129,1.1887,0.9853,1.0918
2/15/2020,53.2134,1.2699,1.306,0.9443,1.5954,1.4914,1.5457,1.184,1.5321,0.8087,1.1523,1.1975,0.7951,0.7183,1.0076,0.6957,0.985,0.9896,1.1433,0.9805,1.1478,0.8449,0.759,0.7228,0.6866,1.08,0.6459,1.1478,0.7364,1.4598,0.8494,0.7816,0.7499,0.7997,0.8177,0.759,0.9353,1.0302,0.7137,6.3769,0.9735,1.3558,1.306,1.1523,0.7228,0.8403,0.8449,0.7228,0.9082
2/14/2020,47.2243,1.1865,1.0727,0.653,1.4258,1.9592,1.108,1.2296,1.4689,0.9198,1.1669,0.8962,1.1277,0.6021,0.9355,1.0767,0.7158,1.1041,0.7786,0.7315,0.857,0.8688,1.061,1.2649,0.7629,0.7158,0.7433,0.9119,0.5589,0.7158,0.8335,0.4726,0.7629,0.7276,0.6177,0.7276,0.6883,0.6727,0.8649,5.4154,0.8486,0.6256,0.5864,0.6727,0.9394,0.6648,0.9668,0.908,0.6099
2/13/2020,76.3648,1.1921,1.8143,1.2537,2.8876,3.0448,2.245,2.9491,1.992,2.6415,1.1169,1.9031,1.8553,1.4246,1.3084,1.1374,1.575,1.616,1.4246,1.3357,1.4998,1.1511,1.2947,1.9578,0.9187,1.2947,1.0964,1.7459,1.0007,1.0828,1.5818,0.8366,0.864,1.0486,0.8298,1.1238,1.2673,1.7322,1.2947,6.81,1.0298,1.0896,1.8279,1.2605,1.8006,1.1716,1.0212,1.158,0.8571
2/12/2020,75.213,1.7865,1.7126,1.7529,1.9545,2.9627,1.4639,1.9612,2.2301,1.558,1.7126,2.2234,1.5042,0.9195,0.9329,1.1413,1.3563,1.2555,1.847,1.4572,1.1009,1.0942,1.4168,1.8335,1.3496,1.1816,0.8993,0.9732,1.0203,1.027,1.1009,0.8724,1.1816,1.0337,0.9665,1.1749,1.027,0.9396,1.0337,10.4753,1.506,1.5244,1.074,1.726,1.4706,1.2421,1.0942,1.3026,0.8388
2/11/2020,74.8676,1.5174,1.718,1.5843,2.0724,3.0754,2.1727,1.8183,1.845,1.7581,1.3502,1.5441,0.9022,0.949,1.504,1.6578,1.718,1.6912,1.7046,1.7514,1.7314,1.5107,1.4037,1.2299,1.5508,0.8554,1.377,2.3332,0.9758,1.377,1.1764,1.0226,1.2834,0.8287,1.1964,0.9223,1.2165,1.1429,1.2432,7.2504,1.087,1.1496,1.6712,1.1028,1.2633,1.29,1.3302,1.0894,0.9223
2/10/2020,54.0196,1.2067,0.9306,1.1653,1.9568,2.1133,1.1699,1.4276,1.0042,1.7267,1.1055,0.9674,1.0687,0.8109,0.7373,1.0594,1.2021,0.7327,0.9996,1.018,0.8478,0.7833,0.8616,1.4184,0.8524,0.6223,0.7189,0.6683,0.8201,0.9904,0.9996,0.8432,0.6223,0.5026,0.7281,0.8386,0.9214,0.88,1.2297,6.8298,1.0324,1.2711,0.6729,0.7603,0.5946,0.8892,1.2895,1.1239,1.0042
2/9/2020,60.4695,1.2108,0.9695,0.7911,1.9139,1.6673,1.8667,1.6988,2.2969,1.4574,1.7932,0.9957,0.8068,0.8068,1.1688,1.258,1.0009,1.1479,1.0009,1.258,1.0639,0.9747,1.1269,1.1111,0.8645,0.8803,1.1898,1.5624,0.7228,0.8645,0.9485,0.6284,0.7648,0.9012,0.5654,0.9275,1.0324,1.1059,0.7228,7.5408,1.1247,1.0167,0.9904,0.8173,1.1688,1.2738,1.5571,0.9537,0.959
2/8/2020,80.7417,1.4906,1.7088,1.2287,1.9125,2.0943,2.7272,2.7854,1.8688,1.6069,2.538,2.9527,1.1196,1.5851,1.4833,1.316,1.5269,1.396,1.8761,1.5051,1.2214,1.4105,1.7597,1.687,1.5851,1.2578,1.105,1.5633,1.0323,2.1743,1.5706,0.6322,1.3451,1.2505,1.2141,1.2796,1.236,1.4906,1.7161,6.4628,0.9847,1.6797,1.3233,1.767,1.3742,1.927,1.6579,1.1123,1.1996
2/7/2020,72.9098,1.8089,1.2701,1.3026,1.8219,3.0162,2.2373,1.7505,1.731,1.4519,1.3026,2.5359,1.1079,1.4778,0.9975,0.9391,1.017,1.1533,1.0949,1.1403,1.3156,1.1143,0.9975,1.7829,0.9521,1.3091,1.2377,1.0235,0.8417,1.3091,1.5427,0.8417,1.1468,1.0754,0.6665,0.9651,1.3221,1.6531,0.8937,10.099,1.4571,1.6661,1.1079,1.1273,0.8677,0.991,1.5492,1.4908,1.4064
2/6/2020,80.1657,1.0615,1.8698,1.3141,2.6275,2.1873,2.5553,1.9997,1.9131,1.0832,2.3316,1.6894,1.61,1.1553,1.3141,1.6388,1.4512,1.8914,1.076,1.9203,1.5162,1.4151,1.5739,1.8914,1.177,1.4223,0.9749,2.5265,1.0038,2.4471,1.1337,0.9461,0.8883,1.1193,0.8955,0.845,1.1914,1.2852,0.9316,8.9996,1.3143,1.1842,2.1801,1.812,1.6605,1.1193,1.1698,1.2492,1.6028
2/5/2020,88.804,2.211,2.2514,1.6696,3.0352,3.7625,1.6696,1.7747,2.51,2.6312,1.1848,1.8636,1.2898,1.1686,1.6373,1.3787,1.8393,1.9767,1.6454,1.3706,1.7747,1.6454,1.4999,1.306,2.2029,1.3868,1.4595,1.209,1.0394,1.3302,1.5888,0.7404,0.8212,0.8697,0.9909,1.1686,1.4919,1.7908,1.4111,9.2631,1.3485,1.8716,2.2999,2.106,1.8555,1.9201,2.211,1.6696,1.6615
2/4/2020,65.1921,1.3505,1.3963,1.3505,1.6193,2.4544,1.3105,1.6079,1.6594,1.8252,1.1847,2.3285,1.3563,0.9044,1.2819,1.2533,1.4821,1.4535,1.3048,1.0531,1.1618,1.0303,1.4306,1.6994,1.3563,0.6757,0.996,0.9102,0.8758,2.014,1.2876,0.8301,0.9502,0.7043,0.6414,1.0531,1.0589,1.1732,1.0989,5.1321,0.8118,1.5908,1.3448,0.996,1.4764,1.2819,1.2247,1.4592,0.75
2/3/2020,48.3761,1.0469,1.0146,1.1195,1.2649,1.9755,1.1155,1.487,1.3012,0.7158,1.2851,1.5112,0.6189,0.7562,0.8329,0.6956,0.8208,0.8531,1.0509,0.7804,0.958,0.9015,1.1195,0.8692,0.7885,0.9621,0.8006,0.9096,0.6068,0.9298,0.8329,0.4533,0.5381,0.744,0.4654,0.5179,0.8409,0.9782,0.6148,4.5476,0.7358,0.9177,1.2689,1.1478,0.8531,0.8934,1.2407,0.74,0.954
2/2/2020,51.7159,1.1721,0.7874,1.3033,1.4694,1.876,1.7317,1.2202,1.8322,1.0497,1.1503,1.1197,1.0366,0.9448,0.8792,0.9011,0.6869,1.2115,1.0716,1.0016,0.7831,0.8661,0.5907,1.0628,0.9317,1.0104,0.9885,1.312,0.735,1.465,0.7481,0.8005,0.8836,0.8224,0.5033,0.582,0.8443,0.9579,0.7831,3.494,0.599,1.2727,1.1415,1.1634,0.8924,0.818,0.9404,1.2027,1.076
2/1/2020,56.8994,1.5163,1.3843,1.1006,2.0542,1.9857,2.1471,1.3207,2.0884,1.5163,1.7168,1.4967,1.3354,0.9735,0.8415,0.9784,0.7779,0.9442,1.13,1.3549,0.9344,1.0273,1.1789,0.9344,1.2913,0.9491,0.7192,1.5554,0.7192,1.7803,0.998,0.7632,0.6899,0.8464,0.7143,0.9246,0.8121,1.0224,1.2278,1.3222,0.3168,0.8953,1.3598,1.3549,0.7828,1.3451,1.3305,1.3256,1.1153
1/31/2020,52.6373,1.0416,1.3317,0.9255,1.2647,1.6933,1.5995,1.4567,1.6129,1.229,0.9835,1.6218,1.3674,0.9076,0.9434,1.0907,1.1353,0.9255,0.7693,0.9746,0.988,0.8228,0.9612,0.8987,1.0996,0.8362,1.1085,1.5103,0.7603,1.2514,0.988,0.6443,0.555,0.7023,0.7291,0.6086,0.7782,0.8719,1.2335,3.6826,0.6235,1.2156,0.8362,0.7916,0.8184,1.113,1.0862,1.2424,1.0059
1/30/2020,69.6843,1.5052,1.7088,1.2585,2.7019,1.7643,1.4312,1.9308,1.3387,1.0549,1.2585,2.4551,0.8884,1.3757,1.2338,1.4867,1.6286,1.1968,1.6718,1.3757,1.5237,1.0796,0.802,1.1289,1.6039,0.7712,1.1721,1.974,1.0302,1.1104,1.0734,0.58,0.691,1.0673,1.0488,0.876,1.1413,0.9192,1.1721,7.0889,1.066,1.1536,1.8692,1.0611,1.0611,1.6162,1.6533,1.6409,1.4435
1/29/2020,82.1234,1.1377,1.5973,2.0123,2.3607,2.4571,1.5305,2.257,2.168,1.575,1.3971,1.4861,1.4564,1.5157,1.108,1.701,1.1599,1.0487,1.1599,1.323,1.6936,1.4564,1.3749,1.1673,0.9005,1.575,1.6714,2.3607,1.1377,1.9308,1.6491,0.6411,1.3452,1.0043,0.9301,1.2637,1.1229,0.9969,1.1451,14.5004,2.0289,1.2637,1.0339,0.9969,1.5824,1.1525,1.0636,1.4564,1.2266
1/28/2020,81.4322,1.2608,1.4517,1.9584,2.5532,2.2081,1.6133,1.9364,1.7234,2.4578,2.6707,2.8763,1.7969,1.415,1.5545,1.3342,1.8189,1.929,1.4664,1.4591,1.2314,1.5692,1.2535,1.3783,1.7895,1.4003,1.6059,1.0625,1.0772,1.1433,1.5692,1.2535,0.7027,1.2682,0.8569,1.2535,1.2094,1.5545,1.0993,8.2708,1.2196,1.1066,2.0979,1.2168,1.7455,1.8923,1.5399,1.1066,1.4738
1/27/2020,91.9143,1.3499,2.189,1.4506,2.726,2.1135,2.3904,3.0953,1.7443,1.9876,1.8617,3.1792,2.2142,1.1904,1.9121,1.5177,1.7778,2.1638,1.6436,2.0463,1.4338,1.2743,1.0478,2.2477,1.3499,1.6352,1.1652,2.4156,1.0394,2.2645,1.9373,1.5261,0.989,1.4925,1.1401,0.8883,1.2492,1.7107,1.9037,10.5341,1.5136,1.2324,0.9806,1.1652,1.8785,2.0715,1.9373,1.9708,1.3666
1/26/2020,82.6994,1.571,1.8922,1.7951,2.953,2.2732,2.3927,3.2069,2.2508,2.2358,2.6542,1.5262,1.1975,1.205,0.9958,1.5262,1.937,1.3096,1.4291,1.8474,1.7055,1.8175,1.2349,1.1452,1.5934,0.839,1.8026,1.4664,1.1826,1.3768,1.4888,0.8464,1.0855,1.2872,1.3096,1.0481,1.1154,1.444,1.3917,8.4106,1.2377,1.8698,1.571,1.0556,1.1303,1.5038,1.2872,1.6831,1.571
1/25/2020,78.8983,1.457,1.535,1.9533,1.7548,1.691,1.8611,1.691,1.5208,2.4142,1.2656,1.457,2.1164,1.3081,1.3294,1.5917,1.6839,1.1167,1.0316,1.8115,1.7264,0.9678,1.2727,1.0883,1.8682,1.1167,1.6059,2.1093,1.0104,1.2372,1.5705,1.2089,0.9749,0.67,1.1663,1.2514,1.1096,1.4358,1.1876,9.5786,1.3895,2.1022,1.6272,1.8824,0.9253,1.8115,1.9462,1.0316,1.4358
1/24/2020,85.1185,1.4006,1.2001,1.4006,2.9044,3.1357,2.9352,2.3028,2.2489,2.6884,1.871,1.8787,1.2155,1.7476,1.6628,1.4006,1.6628,1.2078,1.4623,2.0406,1.4931,1.5085,1.4237,1.5779,1.9173,1.1846,1.6396,1.9481,0.9995,1.4545,1.3389,0.7528,1.1615,1.3389,1.1538,1.416,1.2386,1.1846,0.9764,8.1111,1.1988,1.3003,2.0175,2.0715,1.871,1.8401,1.5239,1.8556,1.254
1/23/2020,93.1814,1.734,2.0236,1.7936,2.194,3.5228,1.7851,3.4547,3.2843,1.6488,3.0117,2.424,2.3303,1.8277,1.5807,1.504,1.6062,1.3762,1.4359,1.5977,1.9129,2.0662,1.9214,2.0918,2.228,1.487,1.0611,2.7306,1.1718,2.5432,1.3422,1.5381,0.78,1.2059,1.2485,1.044,1.6659,1.1037,2.0662,6.7328,1.0198,1.504,2.1003,1.6233,1.6829,1.751,1.3677,2.194,1.8618
1/22/2020,102.8564,2.7657,2.4242,1.6654,2.263,2.557,2.1492,2.5476,3.904,1.3334,3.4392,3.7333,1.7223,1.286,2.0353,1.7603,2.3104,1.8456,1.3619,1.8836,2.2345,1.8172,2.263,1.7697,1.5231,1.267,1.2006,2.4242,1.4852,2.7373,1.7128,1.2006,1.3713,1.5895,0.8686,1.2385,1.7223,2.4148,1.2955,10.2658,1.4788,1.8836,2.0069,1.7413,1.8646,1.9784,2.3104,2.1492,2.0543
1/21/2020,12.2091,0.2441,0.25,0.2706,0.3022,0.2993,0.3367,0.2786,0.2492,0.2896,0.2302,0.3304,0.2816,0.2458,0.2382,0.2445,0.2555,0.253,0.2681,0.2294,0.2559,0.2605,0.2235,0.2761,0.2656,0.2075,0.2357,0.2769,0.2113,0.2458,0.226,0.2323,0.2096,0.2205,0.2332,0.213,0.2403,0.2454,0.226,0.5269,0.2135,0.2702,0.2147,0.2386,0.2361,0.2214,0.2336,0.2155,0.2365
1/20/2020,11.9788,0.2419,0.2411,0.2741,0.2844,0.3608,0.2864,0.2634,0.2641,0.2988,0.2403,0.2295,0.2228,0.2204,0.2132,0.224,0.2419,0.2387,0.214,0.2415,0.2562,0.2208,0.224,0.2423,0.216,0.2152,0.2331,0.2116,0.2232,0.2976,0.2295,0.2267,0.2172,0.2108,0.2112,0.1989,0.2355,0.2319,0.2311,0.7202,0.2386,0.226,0.2554,0.247,0.2279,0.22,0.2132,0.2458,0.2506
1/19/2020,79.1287,2.0018,1.3972,1.2834,1.888,3.78,2.3788,1.8026,2.1369,2.4926,1.3901,1.7671,1.4114,1.6177,1.4541,1.0913,1.8666,1.5608,1.5892,1.3901,1.8951,1.0487,1.4399,2.1227,1.8809,1.2407,1.2905,1.8311,1.1411,2.3788,1.5252,1.0273,0.8495,0.7215,1.2265,0.9277,1.1838,1.1909,1.3687,5.8952,0.9109,1.9876,0.9846,1.824,1.3616,1.3616,1.5964,1.3687,1.2478
1/18/2020,73.2549,1.8502,1.2499,1.7328,2.5224,2.0656,2.7573,2.1047,2.816,1.9546,1.1977,2.0917,1.8698,1.028,1.0868,1.276,1.5892,1.7328,1.1977,1.3021,1.3347,1.5957,1.6023,1.5957,1.0933,1.4587,1.4783,1.0411,1.015,2.3397,1.2107,0.6235,1.2434,0.9497,1.0346,0.7866,1.0933,1.3152,1.3543,3.6722,0.6221,1.2629,2.0199,1.4326,1.2042,1.6414,0.9106,1.4783,1.4196
1/17/2020,62.5426,1.1103,1.4321,0.8812,1.7211,2.0102,2.3647,1.8848,1.852,1.4484,0.9139,1.1157,0.7994,1.0339,1.3121,1.2793,0.8757,1.0394,1.5248,1.4702,1.2357,1.2684,0.7939,1.6611,1.0939,1.2084,0.8812,1.2412,0.7121,1.9829,1.2521,0.8048,0.8812,0.8975,0.9684,0.9957,0.9848,1.503,1.4321,3.8546,0.6458,0.9466,1.4375,1.3175,1.2248,1.1375,1.2575,1.4484,1.4048
1/16/2020,60.3542,1.308,1.2452,1.4284,1.6221,2.5645,1.842,1.0567,1.5279,1.8787,1.4022,1.6221,1.5488,0.8263,0.9467,1.1666,1.1143,1.1248,1.4808,0.9363,0.8892,0.952,0.7635,1.3289,0.8002,1.0043,1.02,1.4912,0.8263,1.0933,1.1666,0.7373,0.842,0.9153,0.8525,0.8577,0.8577,1.1562,1.0881,5.1476,0.8138,1.2452,1.5436,0.7321,1.3761,1.1719,1.3446,0.8054,0.8892
1/15/2020,62.4276,1.5437,1.609,1.0593,1.9954,1.5328,1.2389,2.1914,1.4022,1.7668,1.3205,1.7505,1.1137,0.9232,1.0647,0.798,1.1409,0.9232,1.0266,1.2879,1.2824,1.1192,1.2988,1.4076,1.0266,0.7436,1.0375,0.9069,0.7273,1.7287,1.179,0.7599,0.8906,0.9831,0.6511,0.7436,1.0049,1.0157,1.4403,7.1705,1.0766,1.2062,0.7109,1.0702,0.9014,1.1518,0.9178,1.3151,1.2716
1/14/2020,74.8669,0.9958,1.4906,1.0159,2.9015,2.9684,1.4572,1.8985,2.1459,1.8383,1.0694,1.4371,0.9624,0.9891,1.0961,1.3837,1.5174,1.6377,1.2299,1.3101,1.8116,1.0827,1.183,0.9423,0.8821,0.8621,1.4973,2.273,0.9691,1.7982,1.0761,1.0426,0.7484,0.7551,1.0894,0.9156,1.2499,0.9691,1.1429,9.9193,1.4337,1.5241,1.952,1.3235,1.1162,1.6511,1.6846,1.0426,1.5843
1/13/2020,82.3541,1.5645,1.7578,2.1965,2.7244,2.3899,2.9252,3.0962,2.5088,1.8768,1.4976,3.0665,1.914,1.2522,1.7207,1.2671,1.2448,1.163,1.3638,1.4009,1.8173,1.4902,1.0812,1.5125,1.0069,1.1481,1.6017,1.7355,0.9474,2.0999,1.1779,1.0738,1.0664,0.9548,1.2151,1.0589,1.3117,0.9846,1.7653,6.576,0.9994,1.7653,1.2374,1.1481,1.8099,1.914,1.7876,1.7504,1.3861
1/12/2020,77.7467,1.0873,1.5965,1.1989,2.4265,3.368,3.0681,2.4055,1.9731,0.9897,1.5756,1.457,2.0847,1.1013,1.4849,1.736,1.1082,1.5267,1.5756,1.185,1.164,1.5267,1.715,1.2966,1.0803,1.4919,1.3593,0.9688,1.0176,1.0803,1.5337,1.1571,0.6967,0.8223,1.1361,1.0176,1.1152,0.9409,1.4919,9.4628,1.3744,1.1292,2.015,1.2756,1.1919,1.7778,1.5058,1.2547,1.1989
1/11/2020,74.6369,1.606,1.5327,1.0863,1.7859,2.1591,2.7189,1.5261,2.0192,1.013,1.0196,2.2791,1.9792,1.3661,1.3928,1.6927,1.6793,1.666,1.1862,1.7193,1.4528,1.5127,1.7526,1.8459,1.686,1.2928,1.5794,1.7926,0.913,2.1658,1.1929,0.6998,1.0596,1.0463,0.7664,0.9063,1.3461,1.4861,1.7526,5.1795,0.8179,1.3528,1.586,1.586,1.3528,1.1929,1.5327,1.3795,0.9796
1/10/2020,63.8101,1.4894,1.4503,1.2996,2.0921,3.0186,1.8968,2.6,1.3945,1.8856,0.9089,1.6066,0.8085,0.8866,1.1657,0.9536,1.2661,1.1099,0.9927,1.5061,1.361,0.9647,1.3833,1.2884,1.1657,0.9815,1.3554,1.4838,0.8643,1.1768,0.9536,0.6299,0.6187,0.708,0.7862,0.8308,1.1099,1.4726,0.7973,5.6443,0.8783,1.5005,1.6066,0.7973,0.9424,1.1657,0.7806,1.4838,0.7471
1/9/2020,62.7732,1.4922,0.9718,0.7692,2.2261,2.1166,2.1714,1.4867,1.5579,1.1635,0.9937,1.7441,1.4538,1.2402,1.1416,1.0266,1.0102,1.4374,1.1855,1.4155,0.928,1.3279,1.2183,1.3936,1.0704,1.1526,1.0485,1.2786,0.7911,1.4484,1.0814,0.9664,0.8239,0.6815,0.6103,0.8623,0.9061,1.0759,1.3936,5.1499,0.8141,1.4867,1.2293,0.9718,0.813,1.4265,1.4429,1.4429,1.3333
1/8/2020,61.1608,1.3628,1.3203,1.5701,1.3468,2.5695,1.5329,1.0491,2.0273,1.5807,0.9269,2.0858,1.2086,1.1714,0.7886,1.0385,1.1927,1.1555,0.9216,1.3787,1.0491,1.1927,1.4053,0.8152,1.4851,0.6611,0.9747,0.7727,0.8418,1.8944,1.2777,0.6504,0.9694,0.7355,0.8578,0.7514,0.8684,0.7993,0.7302,5.7983,0.8983,1.5701,0.7408,0.8046,0.7674,1.3894,1.6126,1.3256,1.2937
1/7/2020,67.9564,1.4497,1.7195,0.8622,2.5889,1.7855,2.5769,1.7855,2.3911,1.3598,1.048,0.9521,1.7135,0.9941,1.132,0.9761,1.4557,1.3298,1.1679,1.1619,1.5037,0.9401,0.9461,1.6536,1.1979,1.126,1.084,0.9701,1.024,1.6476,1.4198,1.06,0.6763,1.042,1.018,0.7303,1.048,1.2998,1.09,7.5158,1.1215,1.12,1.5397,0.8622,0.8682,1.4018,1.3118,1.5217,0.7662
1/6/2020,71.7574,1.0784,1.7287,1.9136,2.2834,2.6405,1.665,1.8817,2.7935,1.1868,1.276,1.869,1.0146,1.2059,1.225,1.1294,1.5438,1.4227,1.0401,1.5247,1.6076,1.3207,0.9573,1.1103,1.0529,0.9381,1.5438,2.0411,1.0784,2.1878,1.2442,0.6895,0.8106,0.9254,0.9381,0.8042,0.9764,1.7223,0.9318,6.9153,1.0435,1.3908,1.9009,0.919,1.5948,1.2187,1.1294,1.4227,0.919
1/5/2020,68.0717,1.0137,1.1518,1.8367,2.4194,3.2243,1.8907,2.2512,1.3441,1.4222,1.0858,1.7826,1.284,1.2299,1.4582,1.3861,1.284,1.1578,1.3621,1.1218,1.0257,1.272,0.7554,1.0317,1.4642,0.9656,1.1098,1.4702,0.8034,1.5183,1.1458,0.9416,1.0858,0.8455,0.7373,0.7133,1.0257,0.9116,1.4882,6.4613,0.9845,1.5723,1.4822,1.2179,1.5003,1.278,1.1458,1.5844,0.8275
1/4/2020,65.0772,1.331,1.2911,1.2911,2.0959,1.9075,2.3299,2.1187,2.2728,1.9075,0.9829,2.2614,1.1484,1.0514,0.9886,1.2454,0.8973,1.3082,0.9144,1.1313,1.4338,1.4566,0.7203,1.3653,1.5936,0.726,0.9715,1.645,0.8288,1.5194,1.2226,1.0399,0.903,0.8002,0.726,0.9886,1.0685,0.8915,1.4737,5.2787,0.8308,0.9943,1.0856,1.5308,0.8345,1.3881,1.1712,1.0114,1.1027
1/3/2020,69.4535,1.5371,1.0086,1.6231,1.8382,2.8952,1.8075,2.0103,1.3281,1.0086,1.8382,1.6661,0.8672,0.9041,1.07,1.3343,1.2913,1.0332,1.6846,1.408,1.6231,1.027,1.1192,1.322,0.9103,1.1622,1.1991,1.5862,0.9164,1.3957,1.4695,0.6214,1.1684,0.6399,0.984,1.1069,1.1438,1.5862,0.9225,6.3941,0.9757,1.8013,1.7399,1.2913,1.4879,1.6354,1.6907,1.2728,1.1069
1/2/2020,69.1082,1.4683,1.3888,0.9305,1.9021,2.5866,2.2627,2.6904,1.9694,2.3421,1.6149,2.2016,1.2422,1.3338,0.9305,1.4988,1.175,1.2788,1.2605,1.2544,1.0833,1.3338,0.7961,1.6272,1.2972,0.7594,1.2911,1.621,0.8266,1.2788,1.3461,0.9611,0.9672,0.9672,0.9611,0.6922,1.1627,1.3399,1.5416,5.2233,0.8236,0.8877,1.0222,1.6638,1.0161,1.3094,1.6394,1.175,1.1627
1/1/2020,61.9671,1.0517,1.0032,0.906,1.4511,1.8396,2.239,1.667,1.9206,1.0949,1.6885,2.1527,0.7711,1.1435,1.2622,0.8628,0.9114,1.0733,1.3108,1.2946,1.4511,0.8305,1.192,1.2136,1.2298,0.9006,0.9168,1.5051,0.8736,1.0517,0.9924,0.6146,1.0139,1.0193,0.933,0.9816,0.906,1.327,1.2784,7.245,1.0863,0.7927,1.1165,0.7009,0.9384,1.219,1.1597,0.9816,0.852
