date,,1,2,3,4,5,6,7,8,9,10,11,12,13,14,15,16,17,18,19,20,21,22,23,24,25,26,27,28,29,30,31,32,33,34,35,36,37,38,39,40,41,42,43,44,45,46,47,48
,,0:00,0:30,1:00,1:30,2:00,2:30,3:00,3:30,4:00,4:30,5:00,5:30,6:00,6:30,7:00,7:30,8:00,8:30,9:00,9:30,10:00,10:30,11:00,11:30,12:00,12:30,13:00,13:30,14:00,14:30,15:00,15:30,16:00,16:30,17:00,17:30,18:00,18:30,19:00,19:30,20:00,20:30,21:00,21:30,22:00,22:30,23:00,23:30
12/14/2022,46.1371,1.2078,1.2116,0.651,1.3718,1.7265,0.9866,1.5053,1.3146,1.0972,1.1735,0.7082,0.7273,0.918,0.6014,0.876,1.0591,0.7883,0.9027,0.9027,0.9218,0.6319,0.979,1.0591,0.7578,0.9065,0.5671,1.0133,0.6396,0.7883,0.7273,0.4718,0.5557,0.6472,0.5862,0.7349,0.754,1.1086,0.9599,3.6482,1.5361,0.8493,0.7654,0.7883,0.7845,1.0667,0.8379,0.6091,0.712
12/13/2022,66.9489,1.7878,1.4046,1.0391,2.6013,1.9469,1.3692,1.2219,1.9351,1.6522,2.1709,1.3928,1.381,0.8976,1.2867,0.9448,1.1216,1.1275,1.605,1.3869,1.1688,0.8976,1.2631,0.8505,1.3574,0.7149,1.2749,1.5697,0.8328,1.3162,1.2336,0.7149,0.7679,0.9566,1.0214,0.8269,0.9861,1.4459,0.8446,5.7555,2.365,1.2808,1.4753,1.2278,1.605,1.3162,1.1334,1.0922,1.381
12/12/2022,89.7096,2.046,2.283,2.0133,2.6915,3.5985,2.2012,3.0347,1.809,2.2911,1.7437,1.997,1.7845,1.2371,1.139,1.6456,1.2779,1.6211,1.5557,2.0051,1.6946,1.8989,1.3841,2.3565,2.2993,1.09,1.3678,1.6946,1.3269,2.4627,1.6211,1.376,1.3678,1.1063,1.0655,1.3841,1.6129,1.474,1.3188,6.7054,2.7386,2.046,1.6783,0.9919,1.8826,1.2616,1.5557,1.2289,1.7437
12/11/2022,10.9704,0.2053,0.2062,0.2186,0.2329,0.2564,0.2908,0.2534,0.2852,0.199,0.2531,0.2736,0.2403,0.2204,0.2109,0.2323,0.2195,0.2127,0.2261,0.213,0.2213,0.2074,0.2032,0.2252,0.227,0.2083,0.2163,0.2463,0.2068,0.2454,0.2296,0.1878,0.202,0.2023,0.197,0.2142,0.2115,0.24,0.2305,0.3952,0.2566,0.2127,0.2139,0.221,0.199,0.2234,0.2374,0.227,0.2124
12/10/2022,55.364,1.1376,1.0713,1.4502,1.4739,2.3407,1.7865,1.8765,1.0997,1.0192,0.7635,1.275,0.8819,0.8392,1.0761,1.1329,1.1187,0.9245,0.9245,0.9103,0.9198,0.8866,1.0618,1.4313,1.3413,0.6403,0.664,1.3508,0.8108,1.0097,0.7966,0.5503,0.5929,0.5977,0.9198,0.8961,0.8629,1.1566,1.2418,4.5993,1.9102,0.8156,0.8629,1.1424,0.9861,0.8961,1.3081,1.0618,0.9482
12/9/2022,55.1588,0.8929,1.2042,1.1947,1.3975,2.5246,1.7559,1.7936,1.7088,0.8363,1.1334,0.8269,0.7184,0.7939,0.8646,0.742,1.0108,1.0815,1.1806,1.2749,1.2513,0.9212,0.7279,1.0391,1.3456,1.091,0.8599,0.7326,0.8033,1.5814,1.1193,0.8127,0.7514,0.8127,0.742,0.9212,0.8646,0.9212,1.2985,3.6799,1.5486,1.1806,0.61,1.2796,0.7892,1.3504,1.3126,1.1429,0.7326
12/8/2022,73.6133,1.0984,1.8004,1.807,2.3778,3.4211,2.7978,2.3582,2.0235,0.9147,1.8398,2.3385,0.9343,1.223,1.3936,0.9409,1.374,1.7348,1.1902,1.3805,1.4986,1.2887,1.2559,1.3411,1.1574,0.9737,1.2493,1.0721,1.0787,1.0524,1.2952,0.626,1.1049,1.0656,0.7309,0.7441,1.059,1.2296,1.7348,6.2131,2.545,1.5052,1.8136,1.0393,0.9672,1.1115,1.1049,1.433,1.374
12/7/2022,55.0565,1.2301,0.8349,1.1643,1.9736,1.936,1.3431,1.5078,1.6489,1.5078,1.3572,1.536,1.216,0.689,1.0749,0.9243,1.2819,0.8537,0.9666,1.009,0.9243,0.8113,0.8066,0.7502,0.9337,1.089,1.0843,0.6608,0.6749,0.8725,0.8866,0.8631,0.6137,0.7502,0.5572,0.6608,0.8913,1.1266,1.0137,4.5841,1.9042,0.9243,1.0137,1.2254,0.9807,0.929,1.2678,1.1548,1.0466
12/6/2022,54.6465,0.941,1.0576,0.6891,1.8086,2.0092,1.9532,1.3002,1.79,1.5661,1.6174,0.927,1.2395,0.8664,0.9597,1.1602,1.2582,0.8897,1.2209,1.2115,0.857,0.9363,1.0716,1.2442,0.843,1.025,1.1789,1.622,0.6704,1.4681,1.0203,0.6238,0.829,0.8477,0.7871,0.6938,0.8524,0.7078,1.1696,2.0649,0.9133,1.1742,1.1043,1.039,0.8664,1.0529,1.3048,1.1369,1.0763
12/5/2022,59.3626,1.2658,1.045,1.2042,2.2109,2.6321,2.0825,1.2401,1.8154,0.7471,1.1631,1.1991,0.9782,1.1426,0.9011,0.783,0.9628,1.2504,1.2453,1.0809,1.3377,1.1066,0.7471,1.3891,1.2093,0.7984,1.2812,0.8498,0.8395,1.4507,1.0861,0.7471,0.7471,0.593,0.9114,0.8652,0.8703,0.7676,1.3994,4.7008,1.9501,1.045,1.3685,0.7368,0.9525,0.9063,1.348,1.1323,1.2761
12/4/2022,57.5171,1.4541,0.9837,1.2313,1.6076,2.3058,1.5234,1.8255,1.6373,0.8302,0.8252,1.7809,1.4046,0.85,0.7064,0.7906,1.3699,0.8748,0.9144,0.9342,0.9292,0.9144,0.949,1.2758,0.7361,0.9738,0.8203,0.9589,0.855,1.2313,1.162,0.8946,0.5727,0.6668,0.5826,0.6569,0.9787,1.0481,1.1322,5.6857,2.3376,1.1372,1.4492,1.1273,0.9144,0.8302,0.9986,0.7906,1.058
12/3/2022,82.7388,2.0426,1.654,1.7287,2.3714,2.5957,1.7885,3.1114,2.4462,0.9963,2.1622,2.8348,1.7661,1.0561,1.6315,1.2279,1.37,1.5194,1.796,1.6241,1.4447,1.5344,1.3774,1.1682,1.8707,1.1981,1.6839,2.5433,1.1084,1.8483,1.3326,0.645,1.37,1.2653,1.2504,0.929,1.3625,1.6166,1.7661,4.8977,2.0276,1.1532,2.349,1.1233,1.8408,1.9828,1.2952,1.3401,1.6913
12/2/2022,72.1783,1.6428,1.2898,1.6107,2.4129,2.4771,1.8738,1.5529,1.585,2.2396,1.3411,2.3166,1.1037,1.3026,0.924,1.1165,0.9689,1.0523,1.0138,1.5722,1.6556,1.1037,1.3026,1.8353,1.0138,0.7443,0.9753,1.232,0.924,1.0202,1.0523,0.8919,1.2128,1.1871,1.0138,0.8277,1.1743,1.784,0.9689,7.3383,2.9876,1.078,1.6941,1.3283,1.3604,1.1935,1.0138,1.4695,1.3989
12/1/2022,85.5064,1.244,1.9881,1.306,3.2592,2.5771,1.709,2.8639,2.2671,1.8718,2.6856,1.3525,1.3758,1.709,1.151,1.8796,1.3215,2.0268,1.1277,1.8641,1.4378,1.3758,1.3215,1.1277,1.8873,1.2673,1.275,1.0735,0.965,2.3058,1.3525,1.12,1.368,1.3293,1.0657,0.934,1.4533,1.3448,1.1355,7.4203,3.0199,2.2516,1.0115,1.9881,1.9493,2.0268,1.678,1.616,1.8253
11/30/2022,64.5912,1.1287,0.9646,1.2306,2.1021,1.7342,2.385,1.5928,2.5435,0.8458,1.0608,2.3907,0.8458,1.0834,0.908,1.0721,1.44,0.908,0.9759,1.0834,1.1174,1.3777,0.7269,1.3494,1.4287,1.0155,1.3211,1.6041,0.7835,0.9137,1.2815,0.8118,0.8967,0.6647,0.9024,1.0212,1.174,0.9759,0.8005,5.0771,2.0981,1.3664,1.7625,1.423,1.2476,0.9703,1.5475,1.3834,1.2532
11/29/2022,54.1338,1.0294,1.2877,1.2093,1.6522,1.2324,1.6568,1.3431,1.1908,0.8494,0.771,1.4169,0.891,0.9233,0.7618,1.1032,0.7802,0.8725,0.7433,1.117,1.0201,0.8125,1.0017,1.2785,0.9325,0.5726,0.9463,1.6153,0.831,1.4907,1.034,0.8587,0.7895,0.8125,0.8172,0.7895,0.8725,1.2185,0.9463,4.9279,2.0395,1.0201,0.7941,1.0524,0.7849,0.9002,1.44,1.0386,0.6649
11/28/2022,58.2346,0.9955,1.2969,0.8448,1.9098,1.5682,1.2869,2.2414,1.9349,0.8499,1.6687,1.7892,0.7946,1.1211,0.87,1.2166,0.8097,0.9353,0.9403,1.2367,1.3271,0.9654,1.1211,1.0809,1.2618,0.7946,0.885,1.3572,0.6891,1.7491,0.9202,0.6138,0.8448,0.9101,0.7896,0.6288,1.0106,0.7343,0.9754,5.16,2.1308,0.9905,1.1764,1.3221,0.8448,0.88,0.8147,0.87,1.0759
11/27/2022,79.3549,1.5724,1.3797,1.8792,1.7436,2.1147,2.1289,1.5866,1.9006,2.5571,2.1361,2.6141,1.1157,1.4653,1.658,1.1514,1.7936,1.8506,1.13,1.1942,1.5081,1.2941,1.7864,1.9719,1.7864,1.2655,1.2513,1.9862,1.1442,2.3644,1.6723,1.0443,0.9373,1.1585,0.9016,1.1585,1.1228,0.973,1.5795,5.7384,2.3583,1.7365,1.2655,0.9944,1.7436,1.4582,1.2869,1.4368,1.4582
11/26/2022,53.006,1.1388,1.1613,1.2378,1.6519,1.2738,1.8454,1.0173,2.0389,1.2153,1.2288,0.9723,1.1568,0.9003,0.6617,0.6977,1.0038,1.1928,0.7157,0.9858,1.2108,0.9228,0.6437,1.2423,0.9183,1.0398,1.0263,0.9633,0.8102,0.7472,0.7922,0.8823,0.8868,0.5177,0.7742,0.6122,0.9498,1.2783,0.9363,4.3399,1.8082,1.1163,1.0308,0.7202,1.2153,1.0218,0.7652,0.8238,0.9138
11/25/2022,45.9316,0.8039,0.9974,0.5915,1.2022,2.0101,1.737,1.7446,1.0163,1.4374,1.0543,1.3312,1.0884,0.9518,0.6446,0.6484,0.8874,0.8343,0.7281,0.7698,0.7394,0.8532,0.6598,0.7963,1.0467,0.6712,0.6825,1.4184,0.6977,1.3615,0.7887,0.4777,0.4625,0.4474,0.6712,0.7432,0.656,0.9708,0.7243,2.5814,1.1165,1.1036,1.0239,0.6825,0.7622,0.785,0.6522,1.0694,0.8077
11/24/2022,50.6478,0.6912,1.0324,1.0879,1.7276,1.8726,1.3224,1.4162,1.9579,1.3565,1.0879,0.7211,0.9386,0.687,0.6315,1.0239,1.1518,0.8277,1.1049,1.0879,0.9812,0.7467,0.7851,1.1987,0.5846,0.8405,0.7083,1.4418,0.6102,0.8064,0.8149,0.5931,0.4865,0.7339,0.8234,0.5164,0.8192,0.8576,1.1476,3.8886,1.6307,1.2926,1.3267,0.7424,0.7211,1.0111,0.8874,0.9727,0.9514
11/23/2022,43.6761,1.1228,0.8588,0.7054,1.4831,1.8934,1.4688,1.0265,0.948,0.7446,1.2869,1.4546,0.7125,0.6483,0.5555,0.5912,0.7161,0.6982,0.8945,1.0265,1.0407,0.6233,1.0372,0.7161,0.5484,0.8623,0.8088,0.8017,0.634,0.9373,0.8338,0.6126,0.6305,0.6376,0.5983,0.6055,0.7268,0.6697,0.7553,2.7015,1.1637,0.7839,1.2084,0.6447,0.8481,1.0443,0.7232,0.684,0.9587
11/22/2022,66.7444,1.5942,1.2182,1.7821,2.258,1.7469,1.8996,2.4224,1.3533,1.1771,1.0948,1.6823,1.4355,1.089,0.9597,1.1536,1.5472,1.5002,1.4649,1.3474,1.5883,1.4179,1.3709,0.9362,0.8657,1.0478,1.2241,0.9832,0.8775,0.9597,1.2769,1.1066,1.0537,0.7541,0.7189,0.6366,1.0537,1.5589,1.553,5.3271,2.1965,1.2241,0.9245,1.5354,0.8364,0.9245,1.6353,1.5648,0.8657
11/21/2022,59.0545,0.7997,0.861,1.5503,1.6319,1.3307,1.3613,1.2746,1.6626,1.2541,1.2184,1.9995,0.8559,0.9019,1.055,1.2643,1.3562,1.0703,1.3307,1.004,0.9733,1.1061,1.295,1.2899,0.7895,1.0652,1.2388,1.8055,0.7385,1.3511,1.2592,0.5036,0.9835,0.5496,0.9019,0.8559,0.9427,1.2439,0.7946,5.1719,2.1355,0.8814,1.5145,1.1827,0.7334,1.0908,1.1112,0.8457,0.9172
11/20/2022,41.5231,0.5824,0.6662,0.5388,1.3534,0.9846,0.9578,1.0483,1.5009,1.3165,1.169,1.1891,0.6963,0.703,0.75,0.6863,0.7902,0.8941,0.6326,0.9209,0.9813,0.8237,0.9478,0.874,0.6159,0.5622,0.5824,0.75,0.6125,1.2126,0.6393,0.3779,0.4416,0.6595,0.4684,0.5991,0.6192,0.9109,0.5421,3.7395,1.572,0.5723,0.8371,0.8237,0.5019,0.7332,0.8304,0.8103,0.5019
11/19/2022,24.0933,0.5577,0.5577,0.3711,0.7653,0.6479,0.7782,0.7122,0.6801,0.54,0.6463,0.5288,0.4354,0.3566,0.5046,0.355,0.4547,0.4918,0.363,0.429,0.4821,0.3823,0.4547,0.3855,0.5062,0.4097,0.4,0.3662,0.3984,0.7155,0.4612,0.2761,0.4209,0.2954,0.3196,0.3646,0.3839,0.5642,0.3936,1.585,0.7246,0.5948,0.3614,0.5577,0.437,0.4499,0.4274,0.4547,0.3453
11/18/2022,42.2407,0.8652,0.7008,0.7761,1.0809,1.502,1.4199,1.0124,1.4301,0.7111,0.9234,1.3172,1.0672,0.7453,0.7077,0.7042,0.8412,0.6803,0.8926,0.7419,0.8823,0.7077,0.6289,0.9645,0.8344,0.6632,0.7008,0.7556,0.5193,1.1117,0.7042,0.4303,0.7111,0.6803,0.5502,0.5022,0.7727,0.6084,0.8275,2.5676,1.1111,1.0946,0.9405,0.896,0.5673,0.7077,0.9884,0.8857,0.807
11/17/2022,42.1382,0.8392,0.6378,0.9075,1.1908,1.0747,1.3956,1.3991,0.8733,1.0508,1.2147,1.0952,0.8528,0.8221,0.7197,0.7641,0.9894,0.6583,0.8119,0.8119,0.9587,0.6753,0.7743,1.044,0.9553,0.4842,0.5388,1.1669,0.508,1.0338,0.7538,0.5217,0.7231,0.5661,0.4876,0.4568,0.6514,0.7812,0.7402,2.4428,1.062,0.9348,1.1055,0.8289,0.9109,0.6753,0.7026,0.8358,0.7095
11/16/2022,33.9361,0.8514,0.6309,0.5194,1.0563,1.3312,1.2171,0.9837,0.6698,0.4623,0.5635,1.1496,0.8851,0.5972,0.618,0.5376,0.6335,0.5687,0.7554,0.6906,0.7943,0.5635,0.5998,0.6776,0.4182,0.5168,0.6906,0.6932,0.4805,0.7891,0.6387,0.3301,0.4572,0.3819,0.4182,0.5635,0.5998,0.7424,0.6154,2.3966,1.0438,0.8306,0.5609,0.7269,0.4208,0.5324,0.5609,0.7373,0.4338
11/15/2022,47.162,1.0165,0.8481,0.9617,1.1379,2.0464,1.7645,1.5334,1.4003,1.134,1.2671,1.2397,1.1144,0.6719,0.6836,0.9382,0.9695,0.6366,1.0478,1.0321,0.7619,0.7188,0.6679,1.0047,0.6719,0.8207,0.8207,0.6249,0.6875,0.8168,0.9812,0.4995,0.7071,0.6719,0.5818,0.7893,0.7698,0.7619,0.8833,3.3286,1.4104,0.8207,1.3063,0.8403,0.6327,0.8755,0.7658,0.7188,0.7776
11/14/2022,57.0039,0.8037,0.8723,0.8037,2.117,2.6414,1.6172,1.7691,1.2742,1.6662,1.1124,1.1419,1.2791,0.9605,1.1124,0.9752,1.1223,1.3379,1.137,1.3281,1.2987,0.8576,0.7498,0.8968,1.3526,0.9409,0.9213,1.7397,0.7743,1.0487,1.0977,0.5783,0.7302,0.8919,0.5734,0.9262,0.8184,1.0144,0.838,3.9299,1.6469,1.0585,1.5339,0.887,0.6469,1.2546,1.1762,1.0536,0.6959
11/13/2022,27.3738,0.4127,0.4437,0.6568,0.7498,1.0075,0.9746,0.8486,0.7382,0.3875,0.5638,0.7072,0.6297,0.5638,0.4999,0.4553,0.4127,0.403,0.4476,0.5677,0.4863,0.5018,0.5057,0.6723,0.4786,0.5309,0.496,0.6995,0.3856,0.4805,0.5387,0.4282,0.3585,0.4728,0.3158,0.465,0.4941,0.4108,0.4631,1.5822,0.7235,0.6394,0.3953,0.5638,0.4263,0.5929,0.6975,0.4883,0.6103
11/12/2022,21.4277,0.4164,0.3479,0.3412,0.6702,0.5413,0.7132,0.4419,0.6971,0.4218,0.5601,0.5373,0.4594,0.4245,0.3654,0.403,0.4352,0.4285,0.4191,0.3842,0.4084,0.3802,0.4527,0.5386,0.4487,0.3063,0.3681,0.3694,0.3318,0.3385,0.3547,0.3855,0.3224,0.3493,0.2821,0.3224,0.4057,0.3815,0.3238,1.3993,0.6515,0.3909,0.5064,0.4581,0.3855,0.36,0.4419,0.3466,0.4097
11/11/2022,38.4473,0.5381,0.8913,0.9126,1.3967,1.0588,1.4089,1.4272,1.2384,0.7939,0.736,0.7817,0.8822,0.532,0.6356,0.6538,0.87,0.596,0.5564,0.7604,0.9065,0.663,0.6142,0.6112,0.6934,0.4437,0.7117,1.1684,0.5899,0.8426,0.7025,0.6416,0.4955,0.4346,0.4955,0.465,0.6843,0.6082,0.666,2.4283,1.0563,0.6782,0.529,0.9218,0.5625,0.873,0.9918,0.6356,0.663
11/10/2022,34.551,0.5888,0.849,0.8304,0.9632,0.7455,0.6711,1.1437,0.8756,0.7906,0.9074,0.5331,0.7853,0.618,0.626,0.5862,0.7853,0.7534,0.5968,0.6924,0.6233,0.7641,0.6977,0.8172,0.5517,0.4242,0.6658,0.8092,0.549,1.0774,0.5437,0.4986,0.5118,0.4879,0.5596,0.3977,0.6101,0.6924,0.6605,2.6515,1.1441,0.4826,0.7003,0.4322,0.4959,0.6632,0.626,0.4986,0.5729
11/9/2022,29.7327,0.497,0.5579,0.5731,0.836,1.1924,0.5709,1.0555,0.647,0.5013,0.7556,0.7513,0.7752,0.5752,0.5209,0.5622,0.6426,0.647,0.484,0.6578,0.6991,0.6144,0.6296,0.4644,0.5405,0.5035,0.4535,0.447,0.4666,0.5818,0.4709,0.4666,0.4753,0.4731,0.4405,0.3731,0.497,0.6296,0.4427,1.7092,0.7734,0.597,0.7361,0.447,0.497,0.5209,0.7056,0.6709,0.6035
11/8/2022,32.8083,0.8514,0.7745,0.5363,0.8886,1.2086,0.8886,0.8216,1.1367,0.5165,0.9953,0.5909,0.6132,0.6455,0.4644,0.6479,0.6529,0.5909,0.4793,0.7124,0.581,0.6256,0.5611,0.7224,0.5537,0.4693,0.5264,0.9357,0.4941,1.0101,0.6182,0.3403,0.5611,0.5562,0.3949,0.4396,0.5016,0.7025,0.7298,1.956,0.8705,0.6331,0.5686,0.638,0.4023,0.6355,0.4892,0.5462,0.7298
11/7/2022,24.401,0.411,0.4701,0.3586,0.7341,0.721,0.5029,0.8293,0.5111,0.6767,0.5275,0.5275,0.3717,0.4881,0.5226,0.3963,0.557,0.393,0.4652,0.4881,0.5078,0.3782,0.5242,0.4209,0.3618,0.4602,0.352,0.4028,0.3372,0.5554,0.4471,0.37,0.4045,0.3782,0.3241,0.3799,0.3799,0.5242,0.4406,1.7357,0.7839,0.5652,0.5816,0.5308,0.5505,0.4668,0.375,0.4373,0.4734
11/6/2022,38.8575,0.8424,0.9258,0.5493,1.1418,1.2899,1.1541,1.2096,0.7715,0.5154,0.9134,0.6326,0.8424,0.7962,0.7344,0.7375,0.8424,0.5647,0.8764,0.6542,0.8085,0.7375,0.4968,0.8671,0.9011,0.6789,0.7098,0.7221,0.5277,0.9258,0.8147,0.4907,0.5832,0.4074,0.4351,0.4752,0.6511,0.8517,0.5524,2.9349,1.2556,0.7221,0.9875,0.7314,0.7314,0.7931,0.9412,0.5339,0.5956
11/5/2022,53.4161,0.7707,0.8434,1.2794,1.5155,1.3929,1.0114,1.3021,1.6109,1.0387,1.2158,1.6291,0.8933,1.0023,0.8615,0.8161,1.2158,0.8752,1.1794,1.0432,1.1976,0.7571,1.2521,1.2703,1.2521,0.6027,1.1522,1.0795,0.8161,1.134,0.8479,0.5936,0.6617,0.5255,0.6708,0.5391,0.916,0.8025,0.7979,4.8929,2.0257,1.2203,0.9206,0.8207,1.1386,1.1022,1.3248,0.8842,0.7207
11/4/2022,38.1398,0.661,0.667,0.9352,1.3059,0.8328,0.7303,1.3692,0.7574,1.0317,1.1522,0.8147,0.676,0.5193,0.6549,0.6399,0.6851,0.6489,0.6067,0.7152,0.7333,0.6399,0.6579,0.8448,0.9443,0.7785,0.5615,0.5042,0.4681,0.7755,0.6399,0.5283,0.447,0.5705,0.5163,0.5223,0.673,0.7725,0.7604,3.4568,1.4608,0.8328,0.7122,0.5615,0.6941,0.7333,0.5434,0.5856,0.8177
11/3/2022,36.089,0.8886,0.7537,0.5992,1.147,1.3296,1.1694,0.8717,0.9841,0.8857,0.6779,1.1863,0.7734,0.6301,0.5206,0.6442,0.5094,0.6161,0.7762,0.8127,0.6105,0.6554,0.779,0.9391,0.6554,0.4419,0.647,0.5206,0.5374,0.6891,0.6891,0.6245,0.3998,0.5936,0.4841,0.5431,0.5346,0.5403,0.7622,2.7874,1.1975,0.4841,0.9672,0.5571,0.5009,0.5318,0.5768,0.5009,0.5627
11/2/2022,34.8587,0.6098,0.6743,0.7683,1.2383,0.9321,1.1578,0.6743,1.1336,0.9939,0.959,0.8704,0.7737,0.4675,0.54,0.4836,0.5185,0.6125,0.5427,0.6582,0.7925,0.6313,0.6689,0.5373,0.6206,0.6125,0.5937,0.959,0.5427,0.7656,0.6474,0.4943,0.4245,0.5293,0.5669,0.5803,0.6152,0.4648,0.7226,2.1406,0.9431,0.5669,0.8408,0.6394,0.4353,0.6662,0.7226,0.8086,0.7173
11/1/2022,22.4533,0.5583,0.5468,0.5598,0.765,0.8778,0.5901,0.7101,0.7506,0.5945,0.3994,0.5656,0.5728,0.3517,0.4658,0.4182,0.356,0.3676,0.3835,0.4832,0.4687,0.3979,0.4398,0.3892,0.4673,0.4051,0.4702,0.554,0.3661,0.4991,0.4413,0.3401,0.3907,0.2794,0.3083,0.3878,0.3892,0.4586,0.4384,0.592,0.334,0.3589,0.382,0.4962,0.4283,0.4326,0.343,0.4919,0.3864
10/31/2022,9.3301,0.1902,0.1982,0.2011,0.2171,0.1965,0.2066,0.1973,0.2063,0.1849,0.2063,0.21,0.1941,0.1935,0.1837,0.1949,0.1983,0.1961,0.1917,0.1881,0.1898,0.1933,0.1969,0.1848,0.202,0.1814,0.1958,0.1939,0.1822,0.1882,0.1842,0.1857,0.1809,0.1798,0.1861,0.1778,0.185,0.1854,0.1844,0.2759,0.2096,0.1996,0.189,0.1881,0.1981,0.1947,0.1891,0.1919,0.1816
10/30/2022,10.0474,0.2009,0.2062,0.2207,0.2248,0.2443,0.2209,0.2455,0.2414,0.2091,0.2256,0.197,0.2201,0.2082,0.2037,0.2099,0.2164,0.1998,0.2029,0.2023,0.2134,0.208,0.1955,0.2007,0.1962,0.2023,0.1959,0.2217,0.1871,0.2082,0.1943,0.1992,0.1931,0.1882,0.1984,0.1962,0.1939,0.198,0.1904,0.3064,0.2216,0.1992,0.2226,0.2117,0.1916,0.2152,0.2148,0.1959,0.188
10/29/2022,28.6043,0.5643,0.4778,0.6818,0.997,1.1866,0.929,0.6777,0.7663,0.8713,0.793,0.7312,0.5932,0.5808,0.4448,0.4201,0.6612,0.6303,0.6323,0.4716,0.554,0.4799,0.4881,0.4551,0.5973,0.5314,0.3892,0.5994,0.418,0.6447,0.6035,0.3047,0.4057,0.4922,0.3933,0.3562,0.5355,0.519,0.5293,1.4162,0.6582,0.5396,0.3789,0.3727,0.4922,0.4737,0.7003,0.6426,0.5231
10/28/2022,36.3966,0.7403,0.5926,0.6522,1.0413,0.9873,1.0612,1.1094,0.976,0.9419,0.8766,0.8737,0.8141,0.6778,0.7289,0.6295,0.6437,0.7062,0.7772,0.7573,0.5983,0.4961,0.7545,0.8908,0.4819,0.7119,0.7602,0.5216,0.5131,1.01,0.6608,0.5955,0.4847,0.4705,0.4166,0.4137,0.5557,0.675,0.8539,2.8242,1.212,0.6494,0.5614,0.6636,0.5017,0.6295,0.5103,0.6636,0.7289
10/27/2022,35.5763,0.7016,0.7623,0.5472,0.8837,1.5289,1.0629,0.914,1.1291,0.5389,1.096,0.9884,0.5141,0.6713,0.7127,0.6741,0.6355,0.7568,0.7927,0.6741,0.8285,0.6355,0.7761,0.7072,0.8671,0.652,0.4838,0.7265,0.5527,0.8175,0.63,0.4149,0.39,0.572,0.5555,0.5665,0.5693,0.5555,0.7733,1.7262,0.7801,0.8781,0.5003,0.8506,0.754,0.5389,0.7072,0.652,0.5307
10/26/2022,36.6013,0.6357,0.6672,0.5757,1.2564,1.3336,1.0934,1.4137,1.0447,0.4899,0.9046,0.9189,0.4927,0.6872,0.6071,0.5814,0.6958,0.8588,0.527,0.7787,0.6872,0.5585,0.6243,0.5213,0.507,0.5556,0.57,0.4813,0.5299,1.0819,0.5871,0.3697,0.5213,0.5413,0.5614,0.5127,0.6186,0.6014,0.6958,3.295,1.3972,0.7244,0.8245,0.7873,0.7101,0.5442,0.5413,0.57,0.5185
10/25/2022,38.7548,0.7787,0.7971,0.9478,1.2984,1.4799,0.9509,0.7602,0.7695,1.1139,1.1785,0.7787,1.0124,0.5542,0.5757,0.628,0.7818,0.6772,0.7387,0.874,0.6895,0.7356,0.6341,0.8125,0.954,0.7295,0.6003,0.9632,0.5173,0.7326,0.6557,0.4066,0.4127,0.4558,0.6372,0.4435,0.6249,0.7879,0.7295,2.3165,1.0123,0.9325,0.7695,0.6095,0.8679,0.8217,0.7295,0.8679,0.6095
10/24/2022,32.911,0.7795,0.6101,0.5677,0.9763,1.2229,1.1307,1.2378,0.9812,0.9364,0.9339,1.0136,0.6026,0.4506,0.5204,0.5976,0.635,0.6549,0.645,0.7147,0.5578,0.6973,0.4133,0.6076,0.4307,0.635,0.4382,0.7571,0.4731,0.635,0.5129,0.3485,0.3585,0.503,0.5578,0.4855,0.498,0.5976,0.4805,1.7114,0.7743,0.6325,0.5603,0.7496,0.7272,0.5553,0.8517,0.4581,0.6923
10/23/2022,25.5288,0.6277,0.4717,0.4419,0.7188,0.6435,0.852,0.6575,0.5751,0.7136,0.4506,0.3945,0.5435,0.4121,0.4366,0.5295,0.4208,0.5523,0.5786,0.5541,0.4857,0.4541,0.5681,0.6364,0.3665,0.5172,0.491,0.5243,0.363,0.505,0.4296,0.3069,0.4384,0.2911,0.3384,0.3367,0.3945,0.5225,0.526,1.5996,0.7303,0.5295,0.4734,0.4647,0.5698,0.4489,0.5891,0.5172,0.5365
10/22/2022,15.8915,0.3553,0.2898,0.3845,0.3908,0.5581,0.3237,0.4665,0.36,0.3127,0.3087,0.4658,0.3766,0.2606,0.2551,0.2598,0.3363,0.2803,0.2898,0.2985,0.2914,0.2866,0.3387,0.3277,0.27,0.3213,0.2724,0.3103,0.2803,0.375,0.2929,0.289,0.2408,0.2495,0.2771,0.27,0.2764,0.285,0.2929,1.006,0.4968,0.2985,0.3379,0.2472,0.2519,0.27,0.3056,0.2716,0.2858
10/21/2022,18.147,0.3686,0.398,0.3676,0.536,0.5411,0.3869,0.5249,0.3595,0.3493,0.394,0.3574,0.4051,0.3402,0.3097,0.3696,0.3087,0.331,0.326,0.4061,0.3473,0.3615,0.3605,0.3168,0.327,0.2803,0.3453,0.3016,0.2742,0.3858,0.327,0.331,0.259,0.328,0.2712,0.2894,0.3148,0.4143,0.2854,1.3173,0.6193,0.3179,0.2773,0.4,0.2854,0.3412,0.2965,0.395,0.397
10/20/2022,33.0132,0.742,0.797,0.5544,0.747,1.2222,1.0096,0.7995,1.0296,1.0121,0.5869,0.8545,0.5769,0.6194,0.4443,0.6544,0.6494,0.5118,0.5394,0.5669,0.6294,0.5694,0.4243,0.707,0.7895,0.6294,0.6394,0.5369,0.4943,0.4893,0.5844,0.3393,0.4793,0.5594,0.5118,0.4193,0.5144,0.7495,0.5619,2.4986,1.0839,0.4618,0.5394,0.7895,0.6494,0.6144,0.5093,0.767,0.5544
10/19/2022,31.6803,0.735,0.6782,0.555,0.6995,0.9008,0.6024,0.78,0.9268,0.9742,0.9173,0.5834,0.4532,0.6545,0.6734,0.5124,0.7089,0.5977,0.5574,0.574,0.6734,0.7018,0.4603,0.5266,0.51,0.5361,0.4153,0.8368,0.4366,0.8463,0.5195,0.4935,0.3632,0.3632,0.349,0.3845,0.5456,0.6379,0.6497,2.3183,1.013,0.7421,0.5313,0.5384,0.6166,0.619,0.806,0.484,0.6782
10/18/2022,28.7073,0.6264,0.7051,0.5953,0.7051,0.9183,0.5456,0.7465,0.8583,0.4545,0.4835,0.7962,0.7361,0.558,0.5684,0.411,0.5145,0.5435,0.4856,0.4876,0.4835,0.5705,0.6719,0.5456,0.4545,0.3696,0.5353,0.5353,0.4586,0.4586,0.558,0.3406,0.3344,0.3613,0.3903,0.4607,0.5063,0.5725,0.5083,2.6887,1.1587,0.4545,0.6512,0.4069,0.4276,0.6491,0.5021,0.4566,0.4566
10/17/2022,20.8128,0.4063,0.3909,0.3755,0.6023,0.4895,0.537,0.5869,0.6958,0.4511,0.5972,0.3499,0.4703,0.3665,0.4434,0.3525,0.4537,0.3755,0.4114,0.3653,0.469,0.4421,0.3102,0.446,0.2948,0.3973,0.3486,0.437,0.3115,0.5754,0.387,0.3102,0.3422,0.3409,0.364,0.3435,0.3332,0.3499,0.4716,0.9851,0.4886,0.4934,0.405,0.3563,0.3845,0.4652,0.3371,0.4716,0.4306
10/16/2022,27.7847,0.6474,0.4318,0.6692,0.8334,1.0194,0.8532,1.0154,0.687,0.4357,0.4832,0.9442,0.5584,0.5722,0.4061,0.5426,0.6435,0.5366,0.5485,0.5762,0.596,0.4061,0.3606,0.5564,0.6989,0.3645,0.594,0.4753,0.3724,0.4694,0.5406,0.4516,0.4496,0.3902,0.3685,0.4733,0.4674,0.6356,0.4239,1.4233,0.661,0.6771,0.683,0.3645,0.4417,0.4951,0.6989,0.4179,0.4239
10/15/2022,24.5035,0.4076,0.467,0.4043,0.5396,0.6651,0.7476,0.4918,0.7889,0.7096,0.406,0.6832,0.4208,0.4373,0.4769,0.5132,0.4604,0.538,0.4027,0.4835,0.5099,0.4258,0.4274,0.4043,0.4967,0.406,0.3862,0.7146,0.401,0.4769,0.5033,0.3433,0.3796,0.3878,0.3862,0.3482,0.4043,0.3994,0.3796,1.6461,0.7486,0.3961,0.6453,0.5264,0.3548,0.4604,0.5743,0.4654,0.4621
10/14/2022,20.5048,0.323,0.4055,0.4793,0.6569,0.5581,0.5931,0.6144,0.5893,0.393,0.3692,0.5243,0.3492,0.3117,0.3292,0.3167,0.3617,0.3192,0.358,0.423,0.348,0.448,0.3467,0.3205,0.3005,0.3117,0.3405,0.478,0.3355,0.5831,0.3893,0.2942,0.338,0.343,0.3617,0.3117,0.3517,0.3342,0.4305,1.4088,0.6553,0.438,0.4868,0.3142,0.3405,0.4618,0.3205,0.383,0.4543
10/13/2022,25.939,0.5129,0.4698,0.6187,0.7012,0.7264,0.5488,0.8753,0.8286,0.4716,0.6761,0.6133,0.5864,0.4232,0.4232,0.4734,0.4842,0.5882,0.4878,0.5829,0.5972,0.538,0.5488,0.5775,0.495,0.4053,0.416,0.7407,0.416,0.4662,0.468,0.4268,0.3999,0.3084,0.3676,0.3317,0.4752,0.6133,0.5703,0.8838,0.4487,0.5219,0.6474,0.5721,0.486,0.5739,0.5219,0.4806,0.5488
10/12/2022,20.8128,0.3525,0.3858,0.3191,0.4511,0.4447,0.4601,0.5549,0.5357,0.6036,0.4998,0.4588,0.4626,0.4293,0.3576,0.3576,0.3217,0.3947,0.4639,0.414,0.4101,0.3294,0.305,0.51,0.3883,0.3102,0.4204,0.3704,0.3115,0.5895,0.346,0.3243,0.3794,0.2871,0.3268,0.282,0.3858,0.4895,0.396,1.3676,0.6391,0.4998,0.3332,0.4498,0.3819,0.4088,0.487,0.405,0.4114
10/11/2022,26.349,0.4823,0.5428,0.4364,0.7612,0.9942,0.8566,0.9226,0.5153,0.5281,0.7832,0.4694,0.4456,0.4217,0.4676,0.5905,0.5428,0.5061,0.6107,0.5814,0.4456,0.5593,0.4933,0.4933,0.4823,0.3373,0.4713,0.6346,0.4089,0.5208,0.4236,0.3006,0.4125,0.4217,0.4052,0.319,0.4786,0.6199,0.396,1.6732,0.7593,0.5648,0.418,0.552,0.4658,0.4511,0.4327,0.5226,0.4272
10/10/2022,22.2482,0.4502,0.4046,0.4146,0.7337,0.7209,0.6084,0.5442,0.5927,0.4759,0.5471,0.6995,0.4117,0.3562,0.3847,0.3861,0.3505,0.4103,0.369,0.5058,0.4345,0.4303,0.3989,0.5229,0.4986,0.416,0.3163,0.4958,0.3533,0.4559,0.4117,0.3248,0.3448,0.2864,0.3063,0.2835,0.3562,0.4744,0.4502,1.3907,0.6481,0.3847,0.5015,0.4189,0.3904,0.3661,0.3832,0.3533,0.4844
10/9/2022,21.1202,0.3635,0.3648,0.4645,0.5196,0.7754,0.5905,0.4133,0.5563,0.5721,0.4514,0.416,0.4816,0.4028,0.3346,0.4015,0.433,0.4238,0.3713,0.4107,0.4619,0.3202,0.4409,0.3661,0.3267,0.416,0.4383,0.5852,0.2979,0.4133,0.3595,0.3805,0.2638,0.3569,0.311,0.3595,0.3438,0.4592,0.4238,1.0019,0.4952,0.4632,0.4697,0.4278,0.4317,0.4107,0.4579,0.4658,0.4251
10/8/2022,42.0353,0.8916,1.0788,0.8167,0.9699,1.5757,1.2354,1.3715,0.9257,1.2456,0.7248,0.844,0.8746,0.5921,0.6057,0.5683,0.8508,0.844,0.7078,0.6738,0.9427,0.6772,0.8338,0.5955,0.9767,0.7487,0.5547,0.5921,0.5308,0.912,0.6261,0.4253,0.6159,0.4968,0.6432,0.667,0.7453,0.7283,0.6091,3.3617,1.4234,0.9733,0.9223,0.9393,0.9529,0.7725,0.9665,0.6942,0.7112
10/7/2022,22.248,0.54,0.4331,0.4929,0.7437,0.8406,0.6198,0.5542,0.5699,0.4659,0.5756,0.3519,0.4759,0.369,0.4388,0.4374,0.4231,0.4901,0.4488,0.3704,0.3875,0.3661,0.4687,0.5058,0.5243,0.3077,0.4459,0.5613,0.3106,0.4759,0.4089,0.3163,0.379,0.369,0.3576,0.3932,0.3832,0.4573,0.3476,1.0522,0.515,0.3619,0.4032,0.3775,0.3234,0.52,0.4573,0.51,0.3205
10/6/2022,26.2467,0.5444,0.5024,0.6064,0.7725,0.6849,0.8673,0.548,0.5425,0.5973,0.4039,0.7068,0.5936,0.5115,0.5316,0.5152,0.4258,0.5243,0.5498,0.5207,0.4531,0.579,0.5681,0.6721,0.5462,0.4422,0.4842,0.3856,0.4075,0.6137,0.4568,0.3911,0.4641,0.3163,0.4039,0.3272,0.4349,0.3692,0.4112,1.9398,0.8641,0.6411,0.3783,0.4477,0.3747,0.5809,0.444,0.5298,0.371
10/5/2022,39.8826,0.8872,0.8585,0.6417,0.9892,0.8936,0.7661,0.9287,0.9988,1.0339,0.7948,1.0084,0.7055,0.7629,0.5939,0.7692,0.613,0.7278,0.5843,0.6832,0.9191,0.8458,0.6895,0.6927,1.0084,0.8107,0.6162,0.9063,0.5301,0.6513,0.8171,0.4122,0.5333,0.4185,0.6385,0.5652,0.7214,0.5206,0.6194,4.2465,1.7715,0.9382,1.0402,0.5588,0.4696,0.5875,0.7533,0.7629,0.5971
10/4/2022,22.5555,0.5597,0.4883,0.4199,0.6426,0.8682,0.5553,0.7241,0.5393,0.3355,0.6572,0.599,0.5204,0.3923,0.3981,0.3777,0.3559,0.3937,0.3996,0.4636,0.5073,0.4869,0.3297,0.4505,0.3865,0.3559,0.3981,0.3413,0.3311,0.3734,0.4432,0.2918,0.4039,0.3734,0.2802,0.385,0.4068,0.468,0.4913,1.2813,0.6051,0.3355,0.4403,0.5087,0.4345,0.401,0.4432,0.4461,0.4651
10/3/2022,23.4784,0.3803,0.4453,0.3679,0.532,0.7301,0.6434,0.6728,0.7517,0.6527,0.6759,0.6109,0.5072,0.4546,0.3431,0.3957,0.388,0.5149,0.4592,0.3957,0.419,0.3509,0.4499,0.5056,0.566,0.3447,0.4654,0.3215,0.323,0.6898,0.4979,0.3385,0.2936,0.3106,0.3957,0.2951,0.4205,0.5351,0.436,1.4175,0.6587,0.5072,0.4391,0.4422,0.3354,0.4437,0.34,0.5165,0.4979
10/2/2022,24.1959,0.455,0.5991,0.4695,0.7578,1.0008,0.5683,0.5602,0.74,0.7303,0.6428,0.6817,0.4128,0.4274,0.4128,0.3853,0.4388,0.4695,0.5035,0.4145,0.5035,0.3707,0.4031,0.5716,0.3238,0.4274,0.4631,0.3707,0.3756,0.4031,0.4598,0.3432,0.2995,0.4161,0.3416,0.3691,0.4339,0.3837,0.4307,1.6104,0.7345,0.3788,0.4663,0.3545,0.4242,0.455,0.5683,0.3886,0.455
10/1/2022,59.5673,0.9814,1.3579,0.9505,1.5074,1.7137,1.6827,2.0798,1.4971,1.4713,1.3837,1.033,0.7752,0.7752,0.8525,1.363,1.3372,1.3991,1.2186,1.0124,1.2341,0.8422,1.2444,0.8061,0.703,1.2083,0.6927,1.0588,0.7184,1.3888,1.0278,0.6411,0.6101,0.8886,0.8474,0.6927,0.9608,1.0175,1.2444,6.5064,2.6604,0.8886,1.1671,0.8989,0.7958,1.2651,1.4559,0.8938,0.8164
9/30/2022,31.8856,0.6133,0.4963,0.5775,1.0242,0.8928,0.7949,0.5512,1.0337,0.8689,0.8378,0.673,0.6205,0.47,0.5082,0.599,0.6277,0.685,0.6921,0.5058,0.5393,0.5154,0.4079,0.5441,0.4581,0.3816,0.6802,0.4246,0.482,0.7853,0.5608,0.5297,0.3625,0.482,0.4772,0.4318,0.556,0.6874,0.5632,3.3415,1.4155,0.4796,0.439,0.4652,0.6133,0.482,0.6921,0.4485,0.5679
9/29/2022,27.2718,0.5694,0.5444,0.6697,0.8682,0.5829,0.9029,0.5155,0.7024,0.7217,0.6697,0.6061,0.5463,0.3999,0.5482,0.5656,0.5675,0.4924,0.4365,0.5001,0.6369,0.4268,0.3555,0.3999,0.5251,0.5097,0.556,0.3594,0.4345,0.4326,0.554,0.4326,0.4114,0.3729,0.3093,0.4018,0.4384,0.5945,0.4268,2.121,0.9354,0.5733,0.5714,0.4692,0.6253,0.5039,0.5945,0.4808,0.4095
9/28/2022,25.119,0.3807,0.5724,0.444,0.545,0.8394,0.6546,0.7573,0.5347,0.771,0.6871,0.5108,0.4491,0.3721,0.3789,0.3704,0.5553,0.4423,0.4286,0.4269,0.4269,0.4423,0.468,0.622,0.4063,0.5073,0.3635,0.6956,0.3635,0.6905,0.4799,0.4457,0.4303,0.2899,0.4354,0.3567,0.4286,0.5981,0.4868,1.8069,0.8118,0.4782,0.4371,0.4166,0.4098,0.4166,0.3772,0.5108,0.3961
9/27/2022,19.9928,0.3286,0.4053,0.5013,0.5888,0.5888,0.6596,0.4989,0.6092,0.3861,0.337,0.4017,0.4461,0.349,0.2986,0.4341,0.349,0.4533,0.3561,0.3945,0.4593,0.3286,0.3082,0.4869,0.3609,0.3741,0.313,0.5492,0.3214,0.524,0.4077,0.313,0.325,0.3202,0.349,0.2914,0.3645,0.4269,0.307,0.9499,0.4747,0.4941,0.3454,0.3358,0.3705,0.3298,0.3837,0.4173,0.3753
9/26/2022,61.2079,1.4543,1.3266,1.2042,1.9385,2.1034,2.3216,1.7523,1.316,1.6458,1.4543,2.1726,0.9222,1.2415,1.0978,0.8318,0.853,1.2521,1.5075,1.4277,1.0925,0.9116,1.1617,1.2095,1.5714,0.9435,1.2095,1.3904,0.9275,1.3692,1.0872,0.6189,0.7147,0.7998,0.7786,0.603,1.0712,1.3851,0.7466,2.92,1.2497,1.5767,1.4596,1.1138,1.0765,1.3426,1.2042,1.1244,0.7253
9/25/2022,46.239,0.7058,1.0194,0.855,1.5892,1.05,1.2794,1.2718,1.4668,0.6638,1.0882,0.9429,1.2029,0.9314,0.855,0.855,1.0347,0.8129,0.7517,0.985,0.9238,0.6752,0.9582,1.1341,0.7058,0.7058,0.6064,1.3062,0.6064,0.8397,0.7364,0.5032,0.7288,0.5376,0.5299,0.66,0.7097,0.9812,0.6561,4.4726,1.8604,0.725,0.7135,0.6752,0.7708,0.7747,1.0806,0.6217,0.6791
9/24/2022,47.2642,0.8813,0.7203,0.8852,1.2778,1.0344,1.5684,0.8852,1.588,0.6732,1.4899,0.7399,0.8106,0.787,0.5946,0.7124,0.6653,1.0462,0.7321,1.058,0.8027,0.6457,0.6575,1.0187,1.219,0.7203,0.9873,1.3564,0.7203,1.2621,0.7281,0.7635,0.5829,0.5043,0.6732,0.7007,0.8381,0.9402,1.1169,3.9371,1.6498,0.7321,0.787,0.9048,1.1247,1.058,1.0501,0.6535,0.9794
9/23/2022,45.7264,0.808,0.6797,1.1626,1.555,1.0155,1.1966,1.2532,1.3815,1.0947,0.7514,0.6986,0.7854,0.9137,0.5854,0.9401,0.8457,0.6156,0.6647,0.7099,0.8495,0.6911,0.6005,0.8571,0.8797,0.925,0.9891,0.5666,0.5628,1.389,0.6835,0.7816,0.7778,0.5967,0.6571,0.4987,0.7741,0.8533,1.0155,4.5124,1.876,0.9891,0.676,0.9476,0.7288,1.0231,0.7363,0.6533,0.9778
9/22/2022,26.8619,0.5175,0.6118,0.5175,0.7646,1.1173,0.6797,0.576,0.6382,0.6665,0.8117,0.7344,0.5118,0.4722,0.5062,0.4288,0.5062,0.576,0.4006,0.5458,0.6269,0.5213,0.4326,0.4553,0.4477,0.5477,0.3704,0.7721,0.4364,0.808,0.4496,0.4477,0.4175,0.3477,0.393,0.3345,0.4609,0.4006,0.476,1.5001,0.6912,0.459,0.6269,0.5496,0.4741,0.5194,0.3911,0.4156,0.5062
9/21/2022,21.6326,0.4993,0.472,0.408,0.4843,0.5825,0.7338,0.5934,0.5511,0.6356,0.4707,0.4298,0.3384,0.4311,0.3275,0.3684,0.3793,0.4093,0.4966,0.4284,0.3889,0.4039,0.3807,0.5143,0.4366,0.4161,0.3916,0.5143,0.3425,0.3793,0.3821,0.2825,0.3057,0.2894,0.2689,0.3466,0.3616,0.5102,0.423,1.4367,0.6662,0.3793,0.3071,0.3916,0.3848,0.3998,0.4639,0.4775,0.348
9/20/2022,18.7623,0.411,0.3281,0.3055,0.5692,0.5692,0.3722,0.439,0.4314,0.4863,0.4314,0.5369,0.3087,0.3518,0.3841,0.341,0.3658,0.3862,0.3023,0.4217,0.3475,0.3905,0.2958,0.3873,0.2786,0.3582,0.3572,0.3916,0.2764,0.3851,0.3324,0.3249,0.2581,0.2485,0.2581,0.2829,0.3378,0.4325,0.3561,1.2442,0.5905,0.3442,0.3518,0.412,0.4239,0.4153,0.2969,0.3152,0.327
9/19/2022,28.6046,0.4386,0.6612,0.6571,0.7395,1.1784,0.8507,0.793,1.0115,0.6076,0.861,0.8425,0.5623,0.5911,0.6138,0.4139,0.4283,0.5808,0.6447,0.4613,0.5561,0.4902,0.5252,0.6426,0.4531,0.3727,0.6138,0.7168,0.4036,0.7807,0.5169,0.486,0.4428,0.4057,0.4448,0.4922,0.4366,0.5808,0.5767,0.6399,0.3528,0.5623,0.7333,0.6158,0.3789,0.5293,0.7024,0.5891,0.6262
9/18/2022,63.9759,1.2302,1.4541,1.4709,1.7732,2.7136,1.4373,1.1015,2.2042,1.0231,2.0587,2.0754,0.8664,0.872,0.9839,1.0399,0.9951,0.8384,1.1518,0.9447,1.1798,1.3869,1.3534,1.1742,1.5269,1.0679,0.9223,1.5381,0.9111,1.2918,1.2302,0.6816,0.676,0.9056,0.9895,0.7656,1.0903,1.1351,1.0399,5.6183,2.311,1.1239,0.6928,0.9727,1.303,1.3869,0.9,1.1686,1.3981
9/17/2022,24.5034,0.4555,0.4934,0.4043,0.6238,0.8202,0.741,0.8565,0.6882,0.5099,0.5215,0.5198,0.4918,0.4076,0.4802,0.401,0.4753,0.4258,0.3895,0.4241,0.4324,0.5132,0.3944,0.3779,0.3862,0.3565,0.4373,0.3944,0.3416,0.4967,0.472,0.3053,0.2937,0.3598,0.4076,0.4208,0.3961,0.4868,0.434,2.2205,0.9745,0.3961,0.3565,0.4951,0.5165,0.5809,0.3779,0.4159,0.3334
9/16/2022,28.9122,0.6707,0.4699,0.4343,0.9007,0.9906,0.8191,0.6288,0.8108,0.4427,0.6016,0.7271,0.7188,0.4866,0.5849,0.5305,0.5305,0.6581,0.6539,0.6309,0.61,0.4092,0.5159,0.472,0.426,0.3612,0.3862,0.6623,0.3842,0.7731,0.5682,0.4929,0.403,0.3256,0.3842,0.3444,0.4992,0.5619,0.5159,2.3249,1.0156,0.6267,0.3904,0.4804,0.5954,0.5933,0.4573,0.5954,0.4469
9/15/2022,18.9671,0.4112,0.4167,0.3739,0.5933,0.7183,0.3772,0.5922,0.4145,0.5154,0.3213,0.4058,0.352,0.3049,0.3345,0.3257,0.3915,0.3301,0.4387,0.329,0.4299,0.3531,0.3421,0.3904,0.3356,0.3553,0.3005,0.3959,0.3169,0.4419,0.3421,0.318,0.3399,0.2763,0.2555,0.2709,0.352,0.3038,0.3992,1.1498,0.5534,0.2928,0.3421,0.3465,0.3937,0.42,0.307,0.386,0.3103
9/14/2022,18.557,0.4221,0.382,0.381,0.5573,0.476,0.5372,0.4982,0.439,0.343,0.4612,0.4327,0.3387,0.3071,0.344,0.3018,0.42,0.3852,0.3092,0.3546,0.3166,0.3018,0.381,0.4137,0.42,0.382,0.3398,0.2902,0.2976,0.5045,0.3081,0.3071,0.2997,0.2532,0.2923,0.2902,0.3197,0.3176,0.3451,1.1873,0.5681,0.3915,0.344,0.2976,0.3694,0.3229,0.419,0.3081,0.2786
9/13/2022,17.6343,0.3796,0.315,0.4162,0.4586,0.4576,0.4663,0.3343,0.3594,0.3536,0.3333,0.3372,0.3728,0.3305,0.3719,0.2823,0.2967,0.3574,0.3969,0.3006,0.3247,0.3671,0.3468,0.3064,0.2707,0.3333,0.2698,0.3545,0.289,0.4075,0.3632,0.2447,0.3015,0.2881,0.2389,0.3189,0.3054,0.3256,0.3709,1.3684,0.6394,0.4104,0.3883,0.368,0.2601,0.3141,0.3603,0.3035,0.2746
9/12/2022,51.4681,0.7361,1.3446,0.9621,1.7489,2.101,1.1056,1.0882,1.8532,1.5663,1.2621,1.3707,1.2012,0.7013,1.0578,0.8926,0.8274,0.7491,1.1838,1.0665,1.0621,1.0143,1.0969,1.3403,0.6405,0.5927,0.7361,1.6011,0.7883,1.562,0.8752,0.6839,0.6709,0.5014,0.8491,0.6492,0.8839,1.0273,0.6926,2.6562,1.1459,0.8578,1.2012,0.8969,0.8665,0.7883,1.1882,0.6796,1.1012
9/11/2022,45.9315,1.1756,1.1225,0.7622,1.4146,1.0201,1.4146,0.9139,1.187,0.7205,1.4677,1.4374,0.8646,0.6029,0.8608,0.7205,0.9405,0.876,0.7774,1.0391,1.0429,0.8001,0.876,0.766,0.7281,0.785,0.5612,0.9063,0.7053,1.1187,0.7015,0.6636,0.4777,0.4853,0.5801,0.4853,0.747,1.0125,0.8456,4.0433,1.6915,1.1225,0.5953,0.6636,0.8608,0.8798,0.7205,1.0087,0.7394
9/10/2022,42.6508,0.9151,0.6587,0.8597,1.5284,1.8957,1.227,1.3483,1.3864,0.9948,0.7384,0.8701,1.0329,0.728,0.8874,0.9255,0.981,0.6206,0.877,0.9221,1.0191,0.5651,0.8528,0.9671,0.6656,0.6656,0.7245,1.1785,0.5166,0.6414,0.8943,0.6414,0.43,0.4162,0.579,0.6726,0.7211,0.9775,0.683,2.0268,0.8984,0.5825,1.0849,0.5236,0.974,1.0364,0.7869,0.9117,0.6171
9/9/2022,45.0087,0.7625,1.0179,0.6145,1.6507,1.7062,1.2288,1.3546,0.955,1.4324,1.0771,0.781,0.7588,0.9031,0.8698,0.9068,0.9476,0.8217,0.6996,0.8994,0.7588,0.9883,0.5442,0.7181,1.0919,0.6367,0.9364,0.744,0.5405,1.4361,0.8735,0.6885,0.4997,0.6848,0.4442,0.5145,0.6478,0.5738,0.8328,2.9529,1.2626,0.9624,1.1992,1.0512,0.9957,0.9105,0.5886,0.7625,0.781
9/8/2022,27.1692,0.598,0.4887,0.4887,0.7072,0.9833,0.8683,0.8146,0.6306,0.3794,0.644,0.4657,0.5539,0.3909,0.5079,0.4542,0.6306,0.4657,0.458,0.5443,0.4791,0.5194,0.5155,0.5922,0.5021,0.4274,0.5098,0.414,0.3718,0.6076,0.437,0.3104,0.435,0.3679,0.3315,0.3641,0.4849,0.5692,0.506,2.1244,0.9367,0.5577,0.5347,0.6248,0.6133,0.6478,0.3967,0.5501,0.3641
9/7/2022,18.2498,0.4055,0.3061,0.3337,0.4383,0.6699,0.3553,0.5859,0.5336,0.2815,0.4588,0.3614,0.4045,0.3737,0.3512,0.3676,0.3788,0.346,0.3768,0.4045,0.3501,0.387,0.4024,0.387,0.2968,0.2866,0.2845,0.3214,0.3091,0.3942,0.3635,0.3317,0.2456,0.263,0.2722,0.3061,0.3389,0.3881,0.4086,0.995,0.4925,0.3911,0.4106,0.2866,0.2722,0.2999,0.3307,0.3542,0.3471
9/6/2022,17.3271,0.3262,0.3047,0.3495,0.4521,0.4185,0.4819,0.523,0.4735,0.5024,0.4819,0.4017,0.4176,0.3131,0.3616,0.3252,0.3243,0.3178,0.3607,0.2982,0.3392,0.342,0.3364,0.2972,0.2693,0.314,0.329,0.342,0.287,0.3709,0.3066,0.2599,0.2739,0.2693,0.2394,0.2674,0.3131,0.384,0.3476,0.9378,0.47,0.3747,0.2674,0.3047,0.3625,0.3215,0.3066,0.3877,0.2721
9/5/2022,28.3998,0.4359,0.4788,0.6522,0.9276,0.8011,0.6093,0.7644,0.7562,0.6073,0.7317,0.9704,0.6461,0.5441,0.4665,0.4808,0.4053,0.5155,0.5094,0.4645,0.4992,0.5155,0.6175,0.6216,0.6114,0.5033,0.6134,0.3727,0.4013,0.6481,0.5196,0.4033,0.4727,0.4257,0.3564,0.4115,0.4278,0.6379,0.4523,2.1754,0.9568,0.4665,0.6277,0.4951,0.4951,0.5522,0.4747,0.4604,0.4176
9/4/2022,48.3921,0.6998,1.0634,1.1482,1.5925,1.1482,1.1805,1.2532,1.0513,1.5279,0.8493,1.5925,1.2451,0.6393,0.7443,0.9785,0.9664,0.8372,1.027,0.8453,0.7806,0.922,1.128,0.9664,1.0876,0.7322,0.6433,1.0715,0.7039,1.5319,0.7362,0.7725,0.611,0.7685,0.7281,0.7039,0.8291,0.7927,0.8129,2.8801,1.234,1.0916,0.6473,0.716,1.1199,1.0472,1.2371,0.9624,0.7443
9/3/2022,54.0309,0.7697,1.1425,1.4279,1.4739,1.3543,1.3773,1.6028,1.1333,0.8341,0.7559,1.2116,1.2438,1.0965,0.8387,0.8848,0.8663,1.0274,0.7881,0.9952,1.184,1.0597,1.1103,0.9906,0.673,0.7052,0.9952,1.3773,0.7467,1.0136,1.1425,0.6914,0.4981,0.6638,0.7328,0.8065,0.8341,0.9216,0.6868,5.4624,2.2497,0.9906,1.3451,0.7743,0.8709,0.9906,1.2162,1.253,1.2208
9/2/2022,19.6847,0.4763,0.3653,0.3805,0.5733,0.6352,0.6025,0.6095,0.4237,0.377,0.4997,0.4413,0.3595,0.363,0.4097,0.4202,0.4284,0.3197,0.4015,0.3618,0.3641,0.3922,0.3303,0.4693,0.3174,0.301,0.3735,0.4775,0.3104,0.4576,0.3863,0.3478,0.2566,0.2917,0.3419,0.3525,0.3595,0.4261,0.2975,0.9273,0.4659,0.3396,0.4541,0.4307,0.3338,0.3127,0.4261,0.3127,0.3805
9/1/2022,16.6091,0.3776,0.3199,0.2751,0.4818,0.4224,0.3888,0.3199,0.3449,0.4525,0.3785,0.2872,0.35,0.3337,0.2906,0.3018,0.2898,0.35,0.3578,0.3475,0.3664,0.3096,0.3001,0.4008,0.2648,0.2614,0.3543,0.4439,0.264,0.3147,0.2941,0.2467,0.3104,0.2829,0.2743,0.2674,0.3147,0.338,0.2794,0.9934,0.4919,0.2949,0.2889,0.3647,0.3173,0.3552,0.3096,0.3216,0.3139
8/31/2022,28.6045,0.4737,0.7251,0.6653,0.9702,0.8116,0.8755,0.758,0.9641,0.4242,0.7518,0.7415,0.688,0.5932,0.5561,0.4345,0.5355,0.5952,0.5087,0.4572,0.554,0.5479,0.5149,0.5293,0.4922,0.383,0.5911,0.793,0.4469,0.6241,0.519,0.3233,0.3933,0.4366,0.4922,0.3974,0.4696,0.4036,0.4366,1.7519,0.7902,0.3954,0.5087,0.418,0.6447,0.519,0.6921,0.484,0.5231
8/30/2022,60.4905,1.1325,1.017,1.4369,1.5367,1.6941,1.4789,1.5577,2.0616,1.5629,1.2007,1.311,0.8543,0.9225,1.0747,0.9383,0.8963,1.2742,0.9435,1.3267,0.975,1.2165,0.7965,1.0328,1.1587,1.1745,1.2165,1.122,0.7808,0.9383,0.933,0.7861,0.6076,0.7546,0.7756,0.6391,0.912,1.038,1.122,6.812,2.7806,1.0905,1.4002,0.8438,1.3687,0.9593,1.0538,1.0275,0.954
8/29/2022,24.5038,0.5132,0.5892,0.5958,0.7608,0.8846,0.8268,0.6948,0.8252,0.3928,0.4241,0.6321,0.4901,0.3548,0.4406,0.4241,0.5314,0.5628,0.5677,0.5,0.4142,0.3746,0.3598,0.4538,0.533,0.3251,0.3631,0.6634,0.3812,0.6403,0.4109,0.3895,0.4093,0.373,0.3614,0.4027,0.3812,0.3862,0.5248,0.9899,0.4905,0.5826,0.576,0.5281,0.4588,0.5033,0.4076,0.4439,0.3647
8/28/2022,58.1321,1.2896,1.45,1.0239,2.1218,1.5353,1.821,2.0015,1.3247,0.8485,1.6055,1.054,0.9287,0.9136,0.7783,1.2946,1.1944,1.0039,1.3899,0.8936,1.1442,0.9086,0.8735,0.7783,0.7833,0.9287,0.9688,0.9788,0.7883,1.5553,1.1793,0.5226,0.7281,0.5427,0.9186,0.8585,0.8134,0.9638,1.3197,4.8692,2.0164,1.2997,1.2696,1.3247,1.1142,1.3247,0.7983,1.2746,0.8134
8/27/2022,25.7339,0.6561,0.4611,0.555,0.587,0.8636,0.7235,0.5284,0.6082,0.3742,0.6579,0.6366,0.4894,0.5125,0.5284,0.4841,0.5675,0.5923,0.4043,0.5409,0.555,0.5462,0.422,0.4078,0.4362,0.4291,0.5409,0.5089,0.3493,0.6863,0.4469,0.438,0.4451,0.3298,0.3972,0.4522,0.4575,0.383,0.5586,1.3211,0.6207,0.6242,0.665,0.477,0.4114,0.5675,0.4646,0.477,0.5444
8/26/2022,8.8171,0.184,0.1816,0.1804,0.1895,0.2052,0.1849,0.1842,0.191,0.1766,0.1822,0.1882,0.1877,0.1817,0.1838,0.1795,0.1859,0.1794,0.1868,0.1833,0.1821,0.1839,0.1831,0.1828,0.1782,0.1814,0.1845,0.1904,0.1784,0.1865,0.1805,0.1776,0.1736,0.1729,0.1751,0.1748,0.1797,0.1766,0.1851,0.2297,0.1914,0.1819,0.1897,0.1828,0.1867,0.1775,0.1781,0.1801,0.1761
8/25/2022,10.1501,0.2133,0.2039,0.2245,0.2284,0.272,0.2082,0.2598,0.2264,0.2355,0.2327,0.1983,0.2159,0.1905,0.2067,0.217,0.1972,0.1935,0.1929,0.2052,0.1978,0.1918,0.1972,0.2191,0.1929,0.2015,0.1935,0.1938,0.1895,0.209,0.2103,0.191,0.1839,0.1957,0.1991,0.2002,0.1955,0.2097,0.1974,0.3461,0.2373,0.2178,0.2069,0.2176,0.2079,0.2071,0.2148,0.1931,0.2107
8/24/2022,9.0218,0.1936,0.1881,0.1872,0.2041,0.2188,0.1947,0.1912,0.1924,0.191,0.1968,0.1967,0.1906,0.1806,0.1791,0.1859,0.1832,0.1837,0.1856,0.1853,0.1884,0.1869,0.1826,0.1921,0.1828,0.1872,0.1862,0.1931,0.1796,0.1796,0.1823,0.1808,0.1774,0.1827,0.1826,0.1828,0.1849,0.1921,0.1814,0.208,0.1829,0.1929,0.1882,0.1857,0.1884,0.1852,0.1822,0.1908,0.1834
8/23/2022,10.2526,0.2016,0.2246,0.2081,0.225,0.2255,0.2592,0.2363,0.2462,0.2309,0.2345,0.2189,0.196,0.1984,0.2011,0.2189,0.195,0.2034,0.2079,0.2068,0.1978,0.2144,0.207,0.2106,0.1941,0.1874,0.1944,0.2117,0.196,0.2297,0.2128,0.1944,0.1957,0.1921,0.2016,0.1975,0.1993,0.2081,0.1914,0.3498,0.2387,0.209,0.2264,0.2205,0.2029,0.2086,0.2183,0.2115,0.1926
8/22/2022,10.1502,0.2165,0.2116,0.2058,0.2514,0.2294,0.2071,0.2017,0.2447,0.2041,0.2404,0.223,0.2013,0.191,0.1989,0.2142,0.1959,0.1991,0.2198,0.2052,0.2146,0.1931,0.1897,0.217,0.1944,0.1888,0.1892,0.2348,0.1907,0.2355,0.2015,0.1869,0.1998,0.1884,0.1845,0.1985,0.194,0.1929,0.2013,0.398,0.2577,0.1925,0.215,0.1912,0.1961,0.217,0.2054,0.2064,0.2142
8/21/2022,10.1499,0.2092,0.209,0.1923,0.243,0.2591,0.2505,0.258,0.2404,0.2217,0.2011,0.2178,0.194,0.2039,0.212,0.1987,0.2112,0.2015,0.1927,0.2178,0.1981,0.1933,0.1907,0.22,0.2239,0.2088,0.2034,0.2378,0.1888,0.1993,0.1993,0.1849,0.1852,0.1854,0.2,0.1873,0.2004,0.1923,0.2011,0.3563,0.2413,0.2234,0.1871,0.1929,0.217,0.1942,0.209,0.2019,0.1929
8/20/2022,10.1503,0.194,0.2062,0.2019,0.2477,0.2337,0.2486,0.2359,0.2408,0.1978,0.2148,0.2499,0.2,0.2077,0.2099,0.192,0.2086,0.2015,0.2116,0.2148,0.2174,0.2073,0.2071,0.2264,0.2043,0.1923,0.1946,0.2224,0.1882,0.1966,0.2024,0.2011,0.1852,0.1824,0.1867,0.1996,0.2006,0.2146,0.2086,0.3312,0.2314,0.1912,0.2178,0.1875,0.1875,0.2125,0.2196,0.2168,0.1996
8/19/2022,9.4324,0.1966,0.1956,0.1942,0.2253,0.2348,0.2168,0.2157,0.1945,0.1914,0.2141,0.2015,0.1912,0.1894,0.186,0.196,0.199,0.1947,0.2013,0.1992,0.1989,0.1876,0.1916,0.1982,0.1856,0.1909,0.1857,0.1983,0.1867,0.1914,0.1922,0.1861,0.1803,0.1833,0.1783,0.1807,0.1869,0.1939,0.1936,0.2323,0.1925,0.1943,0.202,0.1986,0.1973,0.1986,0.1957,0.1983,0.1953
8/18/2022,11.3803,0.2458,0.2535,0.2603,0.2914,0.2674,0.2312,0.266,0.2721,0.2539,0.2404,0.2748,0.2167,0.2224,0.2218,0.2224,0.2299,0.2302,0.2424,0.2221,0.2187,0.2231,0.2437,0.2424,0.2194,0.2238,0.2025,0.2549,0.2039,0.2728,0.237,0.2069,0.1988,0.1917,0.1947,0.1968,0.215,0.2052,0.2184,0.4192,0.266,0.2583,0.2434,0.2349,0.2238,0.2353,0.2126,0.2137,0.2387
8/17/2022,13.4311,0.2329,0.3117,0.2416,0.3383,0.4127,0.3861,0.3926,0.2704,0.2389,0.3182,0.3437,0.278,0.2378,0.2476,0.246,0.2753,0.2731,0.2948,0.2693,0.265,0.2481,0.2889,0.2612,0.3117,0.2617,0.24,0.3242,0.228,0.2726,0.2775,0.2324,0.2508,0.2188,0.2085,0.2188,0.2389,0.2818,0.2693,0.4196,0.2662,0.3106,0.2861,0.2324,0.284,0.2986,0.2976,0.2432,0.2856
8/16/2022,12.6107,0.2238,0.2732,0.2404,0.2778,0.3732,0.2584,0.245,0.3036,0.2861,0.2326,0.3313,0.2806,0.258,0.2391,0.2676,0.2344,0.252,0.2363,0.2727,0.2723,0.2192,0.2501,0.2321,0.2243,0.2086,0.2372,0.2819,0.2275,0.2616,0.252,0.2391,0.2391,0.2363,0.2211,0.2206,0.2331,0.258,0.2331,0.6921,0.3734,0.2455,0.2119,0.222,0.2741,0.2501,0.263,0.2261,0.2192
8/15/2022,11.2778,0.2119,0.2188,0.2181,0.2578,0.263,0.2938,0.2935,0.2512,0.2031,0.2158,0.2699,0.2034,0.2214,0.205,0.223,0.2227,0.2385,0.2185,0.2273,0.2326,0.2322,0.2014,0.2532,0.2106,0.2175,0.2145,0.2149,0.2063,0.2621,0.223,0.2063,0.2031,0.2021,0.2044,0.206,0.2083,0.2227,0.2011,0.5809,0.3296,0.223,0.2473,0.2093,0.1985,0.2293,0.2519,0.2119,0.2171
8/14/2022,11.893,0.2375,0.2496,0.2103,0.2959,0.352,0.3212,0.2726,0.2566,0.2453,0.2628,0.2963,0.2644,0.2192,0.2434,0.2457,0.2181,0.2504,0.2449,0.2515,0.2313,0.2461,0.2219,0.2488,0.2628,0.2068,0.2457,0.2231,0.2169,0.2286,0.2402,0.2204,0.2204,0.2072,0.2138,0.2181,0.227,0.2636,0.2118,0.4195,0.2661,0.2574,0.2328,0.2336,0.2223,0.2192,0.2539,0.2593,0.2367
8/13/2022,10.15,0.2224,0.2028,0.1918,0.2187,0.2479,0.2537,0.2221,0.2086,0.2269,0.2361,0.2071,0.2236,0.195,0.2069,0.2041,0.2071,0.1946,0.1989,0.2185,0.2176,0.2006,0.1963,0.2067,0.2011,0.1912,0.2114,0.1953,0.1931,0.2133,0.206,0.188,0.1935,0.1968,0.1961,0.1916,0.1944,0.1938,0.203,0.4148,0.2643,0.1978,0.2043,0.1886,0.1869,0.2163,0.1907,0.2054,0.2043
8/12/2022,14.661,0.3212,0.3405,0.2932,0.4171,0.3732,0.3472,0.3046,0.3778,0.2506,0.2679,0.3152,0.2639,0.2599,0.2499,0.2892,0.2479,0.2573,0.3285,0.2952,0.2699,0.2473,0.3105,0.2686,0.2766,0.3039,0.2726,0.3112,0.2473,0.3225,0.2653,0.2086,0.2473,0.2319,0.2679,0.2633,0.2646,0.3159,0.2546,0.9722,0.4835,0.2732,0.2353,0.2972,0.2426,0.3319,0.2926,0.2972,0.2852
8/11/2022,12.2004,0.254,0.2813,0.2603,0.3023,0.2776,0.3149,0.2721,0.3305,0.3162,0.2427,0.2986,0.2725,0.2431,0.2301,0.262,0.2175,0.2612,0.244,0.2461,0.2595,0.2171,0.2158,0.275,0.2393,0.2402,0.2259,0.2536,0.2234,0.2553,0.2452,0.228,0.2314,0.228,0.2183,0.2343,0.2398,0.2204,0.2519,0.3509,0.2391,0.2158,0.2368,0.2713,0.2465,0.2301,0.2771,0.2435,0.2599
8/10/2022,11.5856,0.2524,0.2445,0.2319,0.2803,0.2904,0.2785,0.285,0.2344,0.2495,0.2857,0.2183,0.2645,0.2101,0.2194,0.2265,0.2506,0.209,0.2312,0.2316,0.2545,0.2204,0.2524,0.2276,0.242,0.1982,0.2172,0.2341,0.2054,0.2886,0.2308,0.2018,0.2165,0.1939,0.2057,0.2147,0.2147,0.2416,0.2104,0.4595,0.2819,0.2219,0.2506,0.243,0.2022,0.2438,0.2312,0.2477,0.2395
8/9/2022,13.8407,0.3121,0.3068,0.2765,0.2963,0.3623,0.329,0.2823,0.3828,0.3688,0.3121,0.3869,0.2636,0.263,0.2508,0.2712,0.2385,0.3063,0.2993,0.2724,0.2479,0.2806,0.2695,0.2706,0.2636,0.2671,0.2841,0.2496,0.2321,0.2811,0.2701,0.242,0.2227,0.2169,0.2519,0.2578,0.2607,0.3028,0.2817,0.5138,0.3032,0.2519,0.2554,0.2893,0.3033,0.308,0.3185,0.2987,0.2648
8/8/2022,29.0146,0.6164,0.4483,0.5638,0.6584,0.8854,0.795,0.6815,1.0157,0.8181,0.6332,0.6437,0.5386,0.4272,0.4987,0.4104,0.6353,0.4609,0.65,0.6395,0.5386,0.4378,0.6626,0.547,0.505,0.381,0.4251,0.5092,0.4441,0.7635,0.4735,0.5029,0.3642,0.4735,0.4546,0.3474,0.5113,0.6647,0.4819,2.055,0.9094,0.5554,0.7656,0.5365,0.423,0.5239,0.7046,0.4609,0.5723
8/7/2022,59.5671,1.1155,1.033,0.9608,1.394,1.3012,1.4094,2.415,1.2547,0.9556,0.8525,1.3682,0.8164,1.1877,0.9453,0.9814,1.2754,1.3321,1.4249,1.2857,1.0124,1.2857,0.8525,1.4868,1.3166,0.9041,0.9402,0.8989,0.837,1.0846,0.868,0.6101,0.8009,0.8267,0.9144,0.5895,1.0175,1.3321,1.1619,6.6286,2.7084,1.198,0.8886,0.6978,1.3785,0.9247,1.4094,0.8938,0.7906
8/6/2022,32.3983,0.7449,0.579,0.701,0.8035,0.8132,1.128,1.1377,1.1938,0.8327,0.64,0.6888,0.8401,0.5961,0.601,0.6595,0.5156,0.6058,0.5814,0.5717,0.6839,0.6473,0.7083,0.6302,0.5424,0.6107,0.6546,0.5888,0.4619,0.6522,0.6693,0.335,0.4594,0.3497,0.4936,0.5619,0.5473,0.5253,0.6815,1.7846,0.8031,0.5009,0.4302,0.5717,0.7425,0.5668,0.679,0.5985,0.6839
8/5/2022,16.4041,0.3709,0.3591,0.2642,0.423,0.4852,0.4163,0.4978,0.3616,0.3532,0.3415,0.4776,0.2978,0.3121,0.2768,0.2919,0.3457,0.3457,0.3104,0.3381,0.3633,0.2625,0.344,0.3398,0.2961,0.3095,0.2944,0.3474,0.2558,0.3339,0.3163,0.2297,0.2826,0.2717,0.2927,0.2986,0.2885,0.3221,0.2826,0.7457,0.3944,0.3843,0.2944,0.3574,0.3507,0.3457,0.2625,0.3591,0.3095
8/4/2022,15.5833,0.2819,0.3729,0.3525,0.3449,0.5079,0.4056,0.4131,0.448,0.4131,0.3987,0.4624,0.3077,0.2941,0.2622,0.3411,0.266,0.3176,0.2827,0.3282,0.313,0.3381,0.2622,0.2789,0.2728,0.266,0.2819,0.4131,0.2463,0.2668,0.3244,0.2592,0.2804,0.2213,0.2706,0.2508,0.266,0.335,0.3077,0.6805,0.3688,0.2812,0.2463,0.3199,0.2508,0.3365,0.2819,0.2728,0.2895
8/3/2022,16.4041,0.3011,0.3011,0.2835,0.4953,0.4297,0.5003,0.3608,0.3919,0.3927,0.3339,0.3717,0.3759,0.2751,0.3079,0.36,0.3289,0.2877,0.3742,0.3356,0.3373,0.3037,0.3045,0.3499,0.3112,0.2902,0.2726,0.4053,0.2801,0.328,0.2894,0.2692,0.2524,0.2768,0.2364,0.2389,0.2952,0.3608,0.3137,0.9713,0.4832,0.2726,0.3877,0.3213,0.2549,0.3591,0.2675,0.2692,0.2944
8/2/2022,17.1217,0.3756,0.4102,0.2998,0.402,0.3965,0.4038,0.547,0.4549,0.4686,0.298,0.496,0.3564,0.2789,0.3071,0.3655,0.3783,0.3382,0.3126,0.3564,0.3071,0.3391,0.3838,0.3008,0.3737,0.3382,0.3163,0.4093,0.2761,0.4376,0.3008,0.2579,0.2606,0.2424,0.2333,0.2725,0.2998,0.329,0.3737,0.6413,0.3534,0.3965,0.3044,0.3865,0.3126,0.3883,0.3965,0.2734,0.371
8/1/2022,22.1452,0.5161,0.4411,0.4892,0.6702,0.8202,0.475,0.6207,0.6971,0.6179,0.4326,0.4326,0.434,0.3845,0.4156,0.4849,0.3407,0.4567,0.5231,0.4482,0.3661,0.4821,0.4864,0.55,0.4142,0.3689,0.3491,0.3265,0.3675,0.5995,0.3902,0.3463,0.3223,0.359,0.2812,0.3817,0.3534,0.4086,0.4666,0.9687,0.4821,0.509,0.3972,0.318,0.4043,0.475,0.4609,0.3364,0.4736
7/31/2022,48.4948,0.8105,0.9725,0.7457,1.3208,1.6326,1.7136,1.8472,1.6893,0.7255,0.8956,0.9685,0.7295,0.8308,0.7093,0.685,0.9037,0.847,1.094,0.9563,1.1345,0.8956,1.0697,0.8429,1.0656,0.7012,1.0252,1.0737,0.7295,1.3289,0.8024,0.438,0.5838,0.5716,0.7336,0.689,0.8348,0.9685,0.7376,3.4304,1.4505,1.2074,1.1223,0.7052,0.5595,0.9604,0.7984,1.0535,0.9037
7/30/2022,48.0844,0.7158,0.9964,0.7319,1.1006,2.203,1.261,0.8401,1.4774,1.5616,1.3291,1.5015,0.808,0.6196,0.8962,1.0325,0.6717,0.8922,0.9363,1.0125,1.1287,0.6316,0.8681,1.1247,1.1527,0.6838,0.6557,1.3011,0.7359,1.3291,0.7319,0.6076,0.7559,0.6036,0.7559,0.7679,0.7038,0.6757,1.1046,2.3272,1.0165,1.1407,1.2329,0.5795,0.7279,1.0726,1.1608,1.0525,0.8681
7/29/2022,23.5811,0.4565,0.5733,0.3427,0.592,0.8179,0.7338,0.6715,0.8242,0.4253,0.5437,0.7696,0.4658,0.3895,0.4798,0.5204,0.511,0.4985,0.3677,0.5391,0.4643,0.3895,0.3412,0.3505,0.3957,0.4424,0.458,0.645,0.3708,0.483,0.3973,0.3957,0.363,0.349,0.3755,0.391,0.43,0.3583,0.4456,1.049,0.5137,0.5297,0.592,0.4487,0.3116,0.363,0.483,0.5422,0.3801
7/28/2022,15.5841,0.3176,0.3161,0.3161,0.4359,0.4465,0.4837,0.4245,0.4465,0.2554,0.3783,0.4018,0.3684,0.2728,0.3085,0.2827,0.3305,0.3252,0.2933,0.2941,0.3214,0.2668,0.2675,0.2873,0.2675,0.2592,0.2668,0.3168,0.2728,0.3062,0.3115,0.2531,0.2213,0.2289,0.2706,0.2857,0.2744,0.2994,0.3487,0.724,0.3859,0.3729,0.3472,0.2478,0.3282,0.3085,0.2994,0.2751,0.2713
7/27/2022,17.3267,0.2823,0.397,0.3569,0.4912,0.4968,0.3597,0.4176,0.3672,0.3933,0.3159,0.3719,0.3709,0.3028,0.314,0.3252,0.2842,0.3075,0.2888,0.3747,0.383,0.3523,0.3775,0.3467,0.3178,0.3392,0.3243,0.3364,0.2805,0.314,0.3588,0.2851,0.2721,0.2338,0.2646,0.2674,0.3056,0.3495,0.3299,1.2491,0.5924,0.2991,0.3457,0.3215,0.2683,0.3355,0.2982,0.384,0.3765
7/26/2022,16.8144,0.3888,0.2857,0.4047,0.4769,0.4575,0.3694,0.4708,0.417,0.3685,0.4205,0.4373,0.3112,0.2883,0.3024,0.2857,0.3667,0.3764,0.38,0.3262,0.3042,0.3579,0.3632,0.2857,0.3685,0.3438,0.2954,0.4602,0.2583,0.3729,0.283,0.3095,0.2707,0.2557,0.2645,0.2998,0.2795,0.2998,0.3465,0.6177,0.3441,0.3667,0.3438,0.3826,0.2795,0.3333,0.2918,0.3756,0.3262
7/25/2022,23.8883,0.4558,0.5257,0.3494,0.6322,0.8086,0.6735,0.7673,0.6672,0.4431,0.6751,0.3907,0.397,0.4113,0.4113,0.3843,0.3843,0.4479,0.5369,0.5289,0.5369,0.3859,0.3399,0.5321,0.4542,0.3176,0.4908,0.3367,0.3828,0.6195,0.4113,0.2842,0.3923,0.4034,0.2858,0.3478,0.4384,0.4924,0.405,1.9649,0.874,0.4002,0.3685,0.378,0.494,0.37,0.521,0.3843,0.3859
7/24/2022,23.1708,0.4837,0.4018,0.4701,0.6825,0.5975,0.5171,0.775,0.5535,0.7143,0.4762,0.5657,0.461,0.4792,0.4746,0.511,0.4215,0.3912,0.4655,0.3912,0.5399,0.508,0.3138,0.5217,0.4443,0.3244,0.3639,0.4701,0.326,0.5581,0.4458,0.3123,0.329,0.282,0.3912,0.3062,0.4155,0.4913,0.4762,1.2261,0.5834,0.3548,0.5763,0.4913,0.5019,0.4473,0.5535,0.4261,0.3578
7/23/2022,54.1337,0.9371,1.38,1.177,1.2001,1.4722,1.7998,1.4446,1.7168,1.0201,1.5645,1.177,0.9694,0.9325,0.9463,1.1262,0.9233,1.1862,0.7249,1.177,1.1447,0.6972,0.7433,0.8402,1.1078,1.057,1.0201,0.8956,0.6418,0.8817,1.0755,0.4896,0.7849,0.7664,0.8817,0.8356,0.9279,0.6741,1.1124,4.6862,1.9444,1.4261,1.034,0.8356,0.8864,0.8956,0.7849,1.094,1.094
7/22/2022,49.7248,0.9636,0.9094,0.9761,1.1055,1.5436,1.3391,0.972,1.4601,1.6729,1.4601,1.0387,1.0137,0.6507,0.755,1.0179,0.9052,1.0137,0.9594,0.9261,0.9428,0.9678,0.8551,0.9344,0.6423,0.8009,0.7675,1.1555,0.659,0.8343,0.8802,0.7592,0.5338,0.6715,0.5255,0.8092,0.7007,0.7508,0.7925,4.8322,2.0018,0.8969,1.3517,0.6423,0.5631,1.1639,1.3099,0.7091,0.5881
7/21/2022,24.1963,0.4728,0.4193,0.4954,0.5538,0.7999,0.5861,0.4404,0.8339,0.4614,0.5538,0.4388,0.4566,0.3756,0.5019,0.4339,0.4922,0.4388,0.3675,0.408,0.442,0.5019,0.4404,0.6153,0.455,0.4679,0.361,0.3367,0.3902,0.6623,0.4954,0.3335,0.3983,0.3108,0.2946,0.4226,0.455,0.4485,0.4404,1.944,0.8658,0.4922,0.5343,0.4031,0.455,0.5068,0.4112,0.3934,0.3886
7/20/2022,19.5825,0.3566,0.4736,0.3462,0.4539,0.623,0.4528,0.6369,0.3995,0.4655,0.4991,0.4018,0.4504,0.367,0.301,0.3543,0.3311,0.3879,0.3844,0.3636,0.3416,0.352,0.3914,0.4111,0.4296,0.4018,0.2941,0.4516,0.323,0.5582,0.3694,0.2709,0.2779,0.3103,0.3138,0.3045,0.3149,0.3172,0.2894,1.2315,0.5855,0.3335,0.4412,0.4423,0.2836,0.389,0.3717,0.4423,0.2906
7/19/2022,14.2512,0.2892,0.3361,0.2448,0.3429,0.3942,0.4048,0.4036,0.3061,0.3017,0.2954,0.2661,0.2592,0.2923,0.2654,0.2967,0.2517,0.2461,0.2773,0.2936,0.3179,0.2604,0.2573,0.2698,0.3161,0.2523,0.2398,0.2998,0.2523,0.3398,0.2986,0.2442,0.2192,0.2392,0.2304,0.2529,0.2692,0.2817,0.2861,0.762,0.4008,0.2754,0.2367,0.3129,0.2611,0.2742,0.2861,0.2417,0.3061
7/18/2022,16.9168,0.3735,0.3735,0.2737,0.5082,0.6223,0.477,0.4618,0.3414,0.3183,0.3673,0.4895,0.3575,0.3397,0.3174,0.2995,0.3209,0.3236,0.3156,0.3013,0.3111,0.3102,0.3209,0.3664,0.3165,0.2924,0.32,0.3111,0.271,0.4689,0.287,0.296,0.2398,0.2523,0.2701,0.2665,0.2906,0.2799,0.3691,0.9173,0.4619,0.312,0.2844,0.3272,0.2986,0.2969,0.3254,0.3655,0.3058
7/17/2022,35.9868,0.5305,0.788,0.5697,0.9755,0.7544,1.3029,0.9391,0.9475,0.8076,0.9251,1.1406,0.6956,0.6564,0.5809,0.5557,0.5641,0.5977,0.5193,0.6312,0.5837,0.7824,0.5473,0.6648,0.6816,0.7348,0.648,0.8104,0.4941,0.634,0.5837,0.6033,0.4074,0.4689,0.385,0.6005,0.5305,0.4913,0.5501,3.2498,1.3794,0.7152,0.704,0.6452,0.6732,0.7432,0.7908,0.704,0.6984
7/16/2022,17.2243,0.3714,0.329,0.3004,0.4545,0.5236,0.3558,0.4923,0.4858,0.3493,0.4277,0.4111,0.3207,0.3244,0.2912,0.3133,0.2894,0.3539,0.3945,0.353,0.3262,0.3115,0.3392,0.4065,0.4111,0.3096,0.2681,0.2774,0.2617,0.472,0.3041,0.2903,0.2506,0.2442,0.2894,0.2506,0.305,0.3936,0.2866,0.9028,0.4562,0.3751,0.3585,0.3724,0.2608,0.2857,0.4093,0.3235,0.341
7/15/2022,9.4325,0.1874,0.1936,0.1829,0.2048,0.229,0.2028,0.2234,0.2112,0.1924,0.2046,0.2075,0.2052,0.1907,0.1833,0.1867,0.2002,0.1924,0.1995,0.2016,0.1992,0.1839,0.2008,0.2049,0.1897,0.1952,0.1979,0.1883,0.1817,0.1894,0.1947,0.1834,0.1826,0.1856,0.1833,0.1836,0.1892,0.198,0.1857,0.2772,0.2101,0.1906,0.1919,0.1844,0.1817,0.2008,0.1989,0.1933,0.1873
7/14/2022,34.2433,0.6364,0.8411,0.6495,1.1587,0.8175,1.1744,0.9802,1.1718,1.0301,0.7939,1.1875,0.7676,0.6784,0.4842,0.5288,0.5866,0.5052,0.8018,0.8018,0.5839,0.4868,0.5997,0.5682,0.6758,0.5813,0.6679,0.8647,0.4816,1.0091,0.7257,0.3766,0.5682,0.5603,0.4212,0.5183,0.5498,0.7073,0.5026,1.1122,0.5386,0.8149,0.744,0.6338,0.6994,0.6942,0.828,0.6154,0.5183
7/13/2022,21.3255,0.3652,0.4305,0.5011,0.5384,0.6704,0.4958,0.7383,0.689,0.4132,0.4305,0.5678,0.5145,0.4025,0.4518,0.3226,0.3532,0.4825,0.3892,0.3985,0.4052,0.4372,0.3932,0.3546,0.3625,0.3599,0.3879,0.4092,0.3226,0.5811,0.3799,0.2866,0.2959,0.2959,0.3785,0.3759,0.3572,0.4798,0.3346,1.1881,0.5684,0.3186,0.3985,0.4452,0.3066,0.4305,0.4452,0.4145,0.4572
7/12/2022,17.4289,0.3543,0.3062,0.31,0.4194,0.6098,0.3468,0.3373,0.3826,0.426,0.3383,0.4844,0.326,0.3524,0.3468,0.3175,0.3411,0.3487,0.3109,0.3911,0.3647,0.277,0.3392,0.376,0.2911,0.3505,0.3326,0.4665,0.2996,0.4901,0.3505,0.3128,0.2685,0.3024,0.2713,0.3147,0.3345,0.376,0.2694,0.8651,0.4414,0.3967,0.3505,0.2779,0.3571,0.2987,0.2949,0.3619,0.3477
7/11/2022,20.4026,0.3465,0.4916,0.4978,0.4854,0.7025,0.6764,0.3825,0.6566,0.5921,0.5313,0.5214,0.4147,0.318,0.3986,0.3812,0.3143,0.4271,0.4755,0.4681,0.4643,0.4271,0.3167,0.3329,0.4792,0.3837,0.3564,0.3564,0.3031,0.5127,0.3862,0.3552,0.344,0.3415,0.3056,0.3614,0.3304,0.3254,0.4668,0.804,0.4174,0.4953,0.3502,0.3788,0.3651,0.3589,0.3105,0.349,0.3428
7/10/2022,40.9077,0.7393,0.6438,0.8544,1.5027,1.065,0.8281,0.8511,1.2526,0.7162,1.1736,0.6372,0.9696,0.7228,0.8709,0.555,0.7985,0.6899,0.6109,0.8972,0.6307,0.7524,0.8709,0.9894,0.8215,0.8281,0.736,0.9927,0.5681,0.6076,0.8347,0.68,0.6241,0.4859,0.5221,0.4892,0.6636,0.7656,0.9367,3.5086,1.4812,0.7064,0.5188,0.6998,0.5846,0.782,0.8742,0.7722,0.8018
7/9/2022,52.8009,1.0761,0.7715,0.6998,1.3808,1.2419,1.327,0.9686,1.5913,1.7795,1.1433,1.6137,0.9552,0.8656,0.7625,0.8163,1.1254,1.1971,1.1388,0.7984,1.2419,1.0627,1.1344,0.7894,1.2374,0.6012,0.8566,1.327,0.7088,1.5152,1.0403,0.8656,0.6774,0.7849,0.7939,0.7222,0.7894,0.9372,1.103,3.2437,1.377,1.0224,1.1433,0.8745,1.2374,1.1836,1.4032,0.9328,0.9417
7/8/2022,20.7102,0.4755,0.5035,0.4145,0.4552,0.6001,0.6064,0.698,0.5378,0.431,0.351,0.6128,0.4183,0.3548,0.4298,0.4374,0.4514,0.3497,0.4234,0.3929,0.4755,0.4031,0.3624,0.4755,0.2963,0.3586,0.4043,0.3993,0.3472,0.4514,0.3878,0.3268,0.3281,0.2874,0.3332,0.2887,0.3789,0.3217,0.3535,0.9347,0.4688,0.4882,0.4463,0.4336,0.398,0.4628,0.3586,0.4476,0.3484
7/7/2022,16.6092,0.2769,0.3957,0.3199,0.4886,0.5549,0.4206,0.332,0.3828,0.3552,0.3879,0.3466,0.3552,0.2863,0.2657,0.35,0.2984,0.2769,0.3681,0.3156,0.307,0.2855,0.3277,0.3294,0.27,0.338,0.3053,0.4379,0.2691,0.2794,0.2941,0.2648,0.2674,0.2528,0.2898,0.2708,0.2915,0.3156,0.2751,1.1194,0.5414,0.3759,0.2631,0.3285,0.3337,0.2984,0.2915,0.3147,0.2941
7/6/2022,15.1738,0.3058,0.3317,0.3309,0.3898,0.4414,0.3582,0.3453,0.3883,0.3797,0.3152,0.3374,0.275,0.2743,0.2836,0.2872,0.2922,0.3381,0.2649,0.3144,0.2786,0.2592,0.237,0.2865,0.3396,0.2764,0.3245,0.3159,0.2535,0.3754,0.2944,0.2822,0.2226,0.2355,0.2771,0.2542,0.2614,0.3381,0.3216,0.8241,0.4253,0.3044,0.2578,0.2363,0.3087,0.2922,0.2743,0.2635,0.3001
7/5/2022,16.6092,0.2803,0.35,0.2631,0.3991,0.3638,0.3483,0.536,0.4404,0.3199,0.4318,0.332,0.375,0.3406,0.3182,0.2855,0.2803,0.3604,0.3707,0.3707,0.3371,0.3397,0.2984,0.2992,0.3053,0.3182,0.2674,0.3888,0.2674,0.3449,0.2958,0.233,0.301,0.3018,0.2304,0.2734,0.2941,0.3673,0.3294,0.8389,0.4311,0.3199,0.3836,0.3724,0.3044,0.3724,0.3983,0.2829,0.3466
7/4/2022,31.2702,0.6856,0.5506,0.6065,0.7391,0.7275,0.7461,0.6716,0.7368,0.8578,0.5367,0.5646,0.7321,0.6111,0.6274,0.4529,0.4808,0.5041,0.7089,0.6716,0.5297,0.4319,0.7158,0.6228,0.7717,0.4901,0.5832,0.788,0.4017,0.8974,0.6507,0.532,0.4087,0.3458,0.3575,0.3831,0.4901,0.546,0.4715,2.7871,1.1974,0.767,0.7438,0.411,0.6274,0.646,0.5041,0.518,0.4389
7/3/2022,32.9108,0.5528,0.6624,0.7546,0.9713,1.2727,0.7296,1.198,1.0734,1.0635,1.0236,0.8691,0.8119,0.4531,0.6948,0.5752,0.7197,0.5652,0.6624,0.625,0.7496,0.503,0.4457,0.5976,0.7745,0.503,0.4955,0.4781,0.4232,0.899,0.5503,0.5403,0.483,0.483,0.4332,0.5578,0.498,0.4606,0.4332,1.6023,0.7314,0.8044,0.4058,0.7122,0.5802,0.6051,0.63,0.7421,0.5104
7/2/2022,11.8932,0.2519,0.2251,0.2706,0.3236,0.3559,0.3002,0.2718,0.3204,0.3045,0.2971,0.2776,0.2609,0.2434,0.2371,0.2515,0.2597,0.2375,0.2332,0.2282,0.2574,0.2126,0.2461,0.2375,0.2356,0.2072,0.2508,0.2235,0.2208,0.2325,0.2445,0.227,0.2072,0.2153,0.2278,0.206,0.2282,0.2519,0.2484,0.2094,0.1835,0.2434,0.2535,0.2453,0.2297,0.2511,0.2445,0.2601,0.2422
7/1/2022,18.8644,0.3959,0.3535,0.3133,0.5002,0.5828,0.5306,0.6241,0.3861,0.422,0.4144,0.3535,0.3133,0.3448,0.3601,0.3959,0.3883,0.3307,0.4209,0.3742,0.3644,0.3166,0.3503,0.4622,0.2938,0.2905,0.3492,0.3655,0.3133,0.5035,0.3318,0.309,0.3242,0.2612,0.2981,0.284,0.3383,0.3209,0.309,1.2809,0.605,0.3427,0.4426,0.3514,0.334,0.3296,0.3057,0.4003,0.2818
6/30/2022,16.4041,0.3658,0.3339,0.3003,0.449,0.46,0.4936,0.4415,0.502,0.3154,0.3566,0.4373,0.3532,0.2709,0.2793,0.2776,0.3028,0.307,0.2717,0.3003,0.286,0.2978,0.2742,0.3936,0.3549,0.2642,0.3053,0.3902,0.2625,0.4171,0.3079,0.2381,0.2936,0.2961,0.27,0.2364,0.3171,0.3221,0.2558,0.7915,0.4125,0.339,0.2894,0.3616,0.3331,0.2868,0.3297,0.3247,0.3347
6/29/2022,14.7638,0.2553,0.3425,0.2918,0.444,0.4744,0.4386,0.3006,0.4399,0.3473,0.3026,0.2938,0.281,0.2823,0.3101,0.2607,0.3236,0.3175,0.281,0.2776,0.2654,0.2722,0.2931,0.3155,0.2397,0.2762,0.2695,0.3324,0.2438,0.3006,0.2911,0.2499,0.2363,0.237,0.2559,0.2607,0.2729,0.2884,0.262,0.705,0.3784,0.3283,0.3067,0.2377,0.2607,0.3094,0.2526,0.2904,0.2674
6/28/2022,23.581,0.5422,0.5811,0.4222,0.5827,0.9161,0.4534,0.6497,0.6668,0.4191,0.5983,0.5936,0.3973,0.3505,0.4487,0.416,0.4643,0.4471,0.525,0.4783,0.4814,0.4175,0.3474,0.3988,0.5562,0.3708,0.5094,0.5967,0.3723,0.4736,0.4004,0.2773,0.2882,0.363,0.3131,0.4175,0.3708,0.3521,0.4113,1.6293,0.742,0.4721,0.4097,0.4907,0.5141,0.3661,0.444,0.4253,0.4175
6/27/2022,23.786,0.3624,0.4887,0.4855,0.6166,0.9623,0.5471,0.6134,0.5803,0.6371,0.4113,0.4524,0.3435,0.3956,0.3798,0.3971,0.3529,0.5376,0.5203,0.4208,0.4035,0.5124,0.424,0.4887,0.4934,0.4382,0.3956,0.5234,0.3293,0.6197,0.405,0.3719,0.334,0.394,0.3087,0.405,0.4461,0.4113,0.5392,1.5715,0.7193,0.3419,0.5029,0.5424,0.5487,0.4366,0.4745,0.4319,0.4682
6/26/2022,42.0354,0.7385,0.7248,1.0958,1.5417,1.3307,1.3885,1.0142,1.2728,1.2796,0.8814,1.1129,1.0822,0.7929,0.7283,0.6772,0.6738,0.9291,0.6057,0.8882,0.7419,0.6466,0.5445,0.7146,0.5751,0.49,0.6296,0.6227,0.6568,0.6806,0.7487,0.6023,0.6398,0.4219,0.4185,0.6159,0.7657,0.912,0.895,2.8341,1.2159,0.7759,1.0039,0.7657,0.9154,0.7827,0.8576,0.8678,0.9359
6/25/2022,48.8024,0.7501,0.7583,1.15,1.7335,2.0109,1.7743,1.0929,1.456,1.3948,1.4846,1.0276,1.1174,0.995,0.999,0.742,0.844,1.0521,0.6971,0.8889,0.8766,0.8399,0.6808,1.3132,0.6604,0.9582,0.9623,1.505,0.6645,1.0398,0.8113,0.7216,0.6114,0.6073,0.6849,0.6522,0.897,1.1337,1.0888,2.7524,1.1838,0.7012,0.591,0.6073,0.6685,1.1174,0.844,0.9052,0.7542
6/24/2022,51.8777,1.2417,1.2592,1.0793,1.4786,2.1324,1.2285,2.0403,1.8296,1.0003,1.4874,1.7375,0.974,0.7985,0.9345,0.7634,0.7853,0.7371,1.0662,0.8073,1.0574,0.7239,0.5967,1.1671,1.3294,0.5703,0.6713,1.5576,0.7678,0.7327,0.9521,0.7897,0.7239,0.4958,0.7722,0.7108,0.9038,0.8643,0.7327,3.4764,1.4685,0.7678,1.11,0.9389,0.5747,1.1495,0.9696,0.8029,1.1188
6/23/2022,20.1973,0.3728,0.3704,0.435,0.4875,0.6241,0.6229,0.3972,0.4094,0.3069,0.396,0.4667,0.4094,0.3179,0.3069,0.3728,0.3374,0.4204,0.4667,0.3533,0.3484,0.3191,0.3228,0.3508,0.4716,0.3387,0.424,0.5192,0.3033,0.485,0.3899,0.3033,0.3289,0.2642,0.3191,0.3179,0.3228,0.3569,0.3008,1.7284,0.781,0.3387,0.4192,0.3594,0.4045,0.3691,0.4801,0.3508,0.3057
6/22/2022,16.9166,0.3227,0.3744,0.3004,0.4921,0.4368,0.4565,0.4939,0.4582,0.296,0.3851,0.4743,0.3655,0.2879,0.3325,0.3521,0.2951,0.32,0.2781,0.3307,0.3013,0.2817,0.2986,0.3914,0.3156,0.2639,0.2621,0.3905,0.2897,0.3067,0.3236,0.2612,0.2558,0.2897,0.263,0.2434,0.3093,0.337,0.3673,0.9205,0.4632,0.4101,0.4279,0.3209,0.3218,0.3655,0.3183,0.271,0.2933
6/21/2022,17.9421,0.3864,0.4053,0.3715,0.3864,0.457,0.3665,0.4202,0.5325,0.3098,0.3436,0.3407,0.2969,0.2949,0.3764,0.3993,0.2979,0.287,0.3307,0.4023,0.3327,0.3188,0.2899,0.287,0.4083,0.3705,0.3705,0.4281,0.2681,0.3864,0.3784,0.3158,0.2999,0.28,0.279,0.287,0.3029,0.3416,0.274,1.2641,0.5983,0.3088,0.4043,0.3377,0.3546,0.3993,0.3158,0.3735,0.3615
6/20/2022,29.835,0.6754,0.4745,0.6296,1.0379,0.6383,0.7715,1.0073,1.0226,0.7104,0.6274,0.9462,0.7802,0.5138,0.5379,0.5226,0.5684,0.5357,0.5684,0.5422,0.4767,0.42,0.6012,0.4331,0.6645,0.4593,0.5291,0.6842,0.4789,0.4942,0.6252,0.4942,0.5117,0.3741,0.4527,0.5029,0.516,0.5837,0.5684,2.1396,0.9427,0.4724,0.5444,0.4483,0.3806,0.4724,0.492,0.5575,0.4047
6/19/2022,20.7101,0.3446,0.3611,0.3154,0.4895,0.7691,0.5327,0.548,0.5912,0.5251,0.3332,0.5238,0.351,0.3611,0.3319,0.398,0.3815,0.4031,0.4107,0.4526,0.4221,0.4132,0.4349,0.4094,0.4743,0.3649,0.4196,0.337,0.337,0.4056,0.398,0.3497,0.2798,0.3408,0.3573,0.2696,0.3637,0.3421,0.3141,1.1601,0.5574,0.5098,0.5276,0.37,0.4234,0.4679,0.4997,0.3484,0.3891
6/18/2022,54.5441,1.1115,1.0463,1.4094,1.4094,1.2744,1.4652,1.4885,1.4187,0.8927,1.2279,1.4839,1.1441,0.8788,0.9626,1.1627,0.8416,0.8974,1.065,1.2372,1.186,1.1487,1.0696,1.1441,1.3163,0.8509,1.1348,1.6002,0.7485,1.3256,0.7904,0.8974,0.9114,0.5111,0.7252,0.539,0.916,1.0091,0.7159,3.3,1.3991,1.307,1.3582,0.9486,0.9626,1.2977,1.3489,0.7857,0.8788
6/17/2022,50.1348,1.1358,0.7397,0.7018,1.8141,1.654,1.4054,1.9153,1.5487,1.5445,1.279,0.8661,0.9335,1.022,0.9883,0.6807,0.765,1.1695,1.081,1.1442,0.8703,1.0768,0.7355,0.6596,0.7523,0.9841,0.8535,1.515,0.6259,1.5613,0.8493,0.8366,0.8408,0.4827,0.8029,0.8324,0.7692,1.1105,0.8661,2.6524,1.1444,0.7987,0.6259,1.022,0.9883,0.8661,0.9841,0.9799,0.6596
6/16/2022,21.0178,0.4882,0.4153,0.3697,0.6262,0.7316,0.5494,0.526,0.5976,0.5416,0.578,0.3906,0.3398,0.4023,0.3476,0.4062,0.3476,0.332,0.4934,0.4257,0.4557,0.3632,0.4752,0.371,0.2968,0.4205,0.3047,0.4075,0.3385,0.3906,0.3984,0.3763,0.3619,0.2617,0.3411,0.3658,0.3867,0.4452,0.3112,1.1626,0.5584,0.4036,0.4127,0.3086,0.4739,0.4804,0.4934,0.414,0.3294
6/15/2022,19.7874,0.3211,0.4602,0.4531,0.6228,0.6523,0.3918,0.6087,0.5981,0.4154,0.492,0.4166,0.426,0.3234,0.3376,0.3718,0.4307,0.3352,0.3906,0.3788,0.3788,0.3234,0.3517,0.4743,0.3506,0.3199,0.3293,0.4331,0.2928,0.3164,0.3859,0.2834,0.3293,0.2692,0.2739,0.3022,0.3494,0.4555,0.3128,1.4771,0.6821,0.3706,0.3553,0.2928,0.327,0.3305,0.2963,0.3211,0.3765
6/14/2022,20.9153,0.5205,0.403,0.5244,0.6949,0.7078,0.5657,0.4456,0.456,0.3255,0.403,0.6574,0.456,0.363,0.425,0.3514,0.3966,0.4056,0.3746,0.4766,0.3656,0.3488,0.4133,0.3526,0.3798,0.3875,0.4405,0.4379,0.3036,0.5735,0.3436,0.3488,0.2971,0.3191,0.2777,0.2777,0.3359,0.332,0.3746,1.1789,0.5648,0.4353,0.332,0.4082,0.4366,0.4844,0.3656,0.4017,0.4456
6/13/2022,16.404,0.3499,0.3927,0.2961,0.3516,0.4188,0.4633,0.4448,0.36,0.3053,0.4507,0.4045,0.3507,0.3373,0.291,0.3104,0.3062,0.281,0.3616,0.3146,0.2952,0.2667,0.2826,0.3028,0.3154,0.2978,0.3146,0.2868,0.2801,0.4188,0.3289,0.2751,0.2759,0.2616,0.2978,0.3011,0.2944,0.2583,0.3566,0.9049,0.4571,0.3633,0.3045,0.2633,0.3112,0.3347,0.3936,0.2768,0.2936
6/12/2022,46.9565,0.9185,1.1523,0.7432,1.721,1.351,1.721,0.9692,1.0977,0.6887,0.8991,1.6782,1.2614,0.8601,0.9185,0.9341,1.0744,1.0354,0.7315,0.8328,0.9068,1.0042,0.9224,1.086,0.7315,0.6341,1.0081,1.2458,0.6069,1.2146,0.7432,0.6497,0.5991,0.5679,0.6108,0.6614,0.8484,1.0744,0.677,2.7808,1.1949,1.0744,0.7004,0.7588,0.8679,0.7549,0.7549,0.6965,0.9926
6/11/2022,60.1827,1.5025,1.2782,0.8868,2.2488,2.7758,1.2364,1.9617,1.7061,1.7687,1.6487,1.6747,1.3147,0.939,1.132,1.1373,1.1842,0.9964,0.9338,1.1686,1.1738,1.2155,0.939,1.132,1.2103,0.7146,0.7302,1.4869,0.7929,1.3408,1.0746,0.5789,0.8137,0.6624,0.558,0.9651,0.9494,0.9442,0.8972,3.968,1.6619,1.1842,0.8033,1.1216,1.2677,1.4399,1.0538,0.8972,1.1112
6/10/2022,21.4279,0.3654,0.4607,0.5386,0.4675,0.5655,0.5977,0.5682,0.4581,0.4997,0.4339,0.6823,0.5386,0.3775,0.3748,0.4003,0.3372,0.4299,0.3842,0.399,0.3627,0.356,0.309,0.356,0.3412,0.4137,0.4084,0.595,0.3399,0.6259,0.3667,0.3667,0.305,0.3493,0.2942,0.2915,0.3587,0.446,0.4043,1.2913,0.609,0.3466,0.4567,0.3694,0.407,0.4742,0.4151,0.4594,0.4299
6/9/2022,19.5824,0.3311,0.3844,0.4748,0.4898,0.6879,0.6369,0.55,0.5315,0.5558,0.4493,0.4979,0.4701,0.301,0.3346,0.3694,0.3219,0.4389,0.3346,0.3763,0.4493,0.3821,0.3786,0.3705,0.4168,0.2848,0.3161,0.4979,0.3242,0.4111,0.3948,0.2501,0.3311,0.2605,0.3196,0.3161,0.345,0.4099,0.4006,0.7843,0.4096,0.4667,0.425,0.3358,0.3207,0.3416,0.3601,0.4342,0.3091
6/8/2022,18.1468,0.397,0.326,0.3655,0.4741,0.5127,0.4498,0.537,0.4163,0.4741,0.3645,0.3006,0.3645,0.3108,0.3716,0.3006,0.2894,0.3067,0.3716,0.398,0.3402,0.3026,0.2752,0.3432,0.4143,0.2783,0.2844,0.3503,0.2803,0.3199,0.3493,0.2864,0.2661,0.3209,0.3168,0.26,0.3097,0.2834,0.3067,1.6312,0.7427,0.3047,0.3747,0.2722,0.2671,0.3128,0.3179,0.3929,0.3118
6/7/2022,32.8081,0.7199,0.5785,0.5462,0.7769,0.829,0.7273,1.0052,1.2111,0.9729,0.8737,0.7546,0.576,0.581,0.6926,0.5909,0.6479,0.6951,0.5214,0.6033,0.5661,0.7199,0.7447,0.7819,0.6876,0.3949,0.5041,0.7993,0.4892,0.9605,0.6355,0.3949,0.581,0.4371,0.3875,0.385,0.5512,0.7869,0.5388,1.9845,0.8817,0.7422,0.6703,0.6256,0.4346,0.4941,0.8166,0.4693,0.4396
6/6/2022,20.1977,0.4009,0.4484,0.4289,0.4497,0.768,0.6302,0.5204,0.6448,0.4692,0.5253,0.435,0.4179,0.4009,0.3521,0.3569,0.4228,0.4021,0.4167,0.4533,0.4606,0.3326,0.363,0.3326,0.4606,0.3179,0.3167,0.4521,0.3362,0.3752,0.4253,0.3374,0.2935,0.3472,0.2813,0.3448,0.3606,0.4631,0.407,0.832,0.4284,0.3338,0.4167,0.3545,0.3155,0.4143,0.4106,0.3972,0.3435
6/5/2022,9.74,0.2145,0.211,0.1999,0.2062,0.2544,0.2225,0.2196,0.2257,0.1872,0.2143,0.2323,0.2002,0.1874,0.2037,0.1919,0.2006,0.2046,0.1888,0.194,0.1957,0.2016,0.2076,0.1874,0.1969,0.1952,0.1971,0.2036,0.1882,0.2051,0.1961,0.1888,0.1809,0.1837,0.1886,0.1938,0.1896,0.1926,0.1973,0.2782,0.2105,0.1943,0.2168,0.1935,0.2089,0.2022,0.2128,0.1891,0.1851
6/4/2022,11.8931,0.2247,0.2196,0.2114,0.2745,0.2858,0.3029,0.3049,0.2936,0.2819,0.299,0.2815,0.2383,0.2301,0.2216,0.2527,0.2399,0.2227,0.2636,0.2266,0.248,0.2496,0.2075,0.2364,0.2075,0.2188,0.2293,0.2694,0.2212,0.2309,0.236,0.227,0.1982,0.1963,0.2064,0.1998,0.2173,0.2383,0.2422,0.5478,0.3166,0.2566,0.2441,0.2056,0.2321,0.2216,0.2729,0.2309,0.2095
6/3/2022,19.89,0.4068,0.4354,0.3165,0.4711,0.4366,0.6007,0.3629,0.6197,0.5911,0.515,0.54,0.3664,0.4057,0.3462,0.3165,0.4366,0.3843,0.3307,0.3438,0.4378,0.433,0.32,0.3771,0.3355,0.3605,0.3367,0.3105,0.2903,0.3331,0.3747,0.2487,0.3296,0.351,0.3117,0.326,0.3355,0.4199,0.4223,1.3784,0.6433,0.3343,0.3224,0.37,0.4389,0.3819,0.4615,0.351,0.3284
6/2/2022,17.8396,0.3477,0.3881,0.3723,0.4097,0.5701,0.451,0.5917,0.3881,0.4363,0.3507,0.5199,0.4412,0.3477,0.332,0.3339,0.393,0.3349,0.2838,0.39,0.393,0.3418,0.2749,0.4353,0.3398,0.3467,0.2985,0.4904,0.3064,0.4589,0.3074,0.3084,0.2749,0.3084,0.2916,0.2995,0.3044,0.3261,0.3782,0.4943,0.2956,0.3703,0.3536,0.3861,0.39,0.3507,0.4195,0.3418,0.271
6/1/2022,21.0177,0.3307,0.5038,0.47,0.5793,0.4986,0.4882,0.7134,0.4492,0.4635,0.526,0.6093,0.4622,0.3164,0.3619,0.3307,0.4426,0.358,0.4192,0.4439,0.4557,0.3268,0.3515,0.5064,0.3528,0.3034,0.3789,0.4127,0.3333,0.6028,0.4348,0.2903,0.3307,0.2734,0.289,0.3567,0.3385,0.4622,0.4557,1.1224,0.5426,0.496,0.5325,0.4257,0.2981,0.3359,0.5025,0.3541,0.3854
5/31/2022,14.1487,0.2503,0.3333,0.3382,0.3407,0.3739,0.3628,0.2976,0.3364,0.2626,0.3579,0.3856,0.2823,0.2472,0.2792,0.2982,0.3142,0.2712,0.2497,0.313,0.3099,0.2946,0.3013,0.2755,0.2724,0.2804,0.2417,0.2798,0.2398,0.2952,0.2884,0.2472,0.2275,0.2583,0.2275,0.2349,0.2614,0.2448,0.2767,0.5585,0.3208,0.3032,0.3308,0.2368,0.3013,0.2571,0.3222,0.3118,0.2546
5/30/2022,34.8587,0.7146,0.8811,0.8462,1.0288,1.0584,1.139,1.0772,0.9912,1.1363,0.7388,0.8543,0.7226,0.6582,0.6233,0.7629,0.5561,0.5185,0.7817,0.583,0.6018,0.5024,0.7012,0.7441,0.5534,0.4567,0.677,0.9617,0.54,1.0852,0.5669,0.4648,0.5588,0.5695,0.5319,0.4487,0.6206,0.8113,0.6931,0.8278,0.4267,0.5534,0.8811,0.5293,0.685,0.8032,0.8704,0.7871,0.7334
5/29/2022,29.4252,0.5759,0.5395,0.5695,0.8501,1.1929,0.983,0.7794,0.9187,0.3959,0.4538,0.7173,0.4473,0.4859,0.6144,0.5266,0.5395,0.6187,0.7044,0.6059,0.6851,0.4752,0.668,0.6659,0.5802,0.5437,0.4452,0.6959,0.4559,0.4409,0.5073,0.3638,0.4452,0.4945,0.5073,0.3895,0.518,0.5652,0.5652,1.6013,0.731,0.4795,0.6059,0.6873,0.4388,0.4538,0.698,0.5887,0.6102
5/28/2022,20.7103,0.5137,0.5149,0.5213,0.6751,0.8047,0.6115,0.4882,0.6573,0.3383,0.3764,0.3357,0.4997,0.398,0.3535,0.3459,0.3789,0.445,0.3268,0.3497,0.4565,0.3166,0.4056,0.4234,0.4171,0.3205,0.3726,0.337,0.2976,0.4361,0.4005,0.2798,0.3738,0.3141,0.3205,0.2887,0.3777,0.4806,0.3039,1.1482,0.5527,0.3408,0.3192,0.3217,0.4552,0.4603,0.4819,0.3332,0.4399
5/27/2022,58.9522,0.7934,1.2621,1.5831,1.3182,1.8939,1.7768,1.6545,1.3233,1.5271,1.7513,1.4761,1.0481,0.9972,1.2061,0.9564,1.0685,0.936,1.2418,1.0125,1.3946,0.9055,0.6864,1.2316,1.5373,0.9921,0.824,1.5271,0.829,0.9462,0.8545,0.9004,0.5794,0.7322,0.7679,0.6813,0.8647,0.7322,1.0838,5.4471,2.2437,1.257,0.6558,0.7119,1.0176,0.931,1.3335,1.257,1.201
5/26/2022,55.3636,1.3413,0.8392,0.9624,1.5497,1.5544,1.8291,1.545,1.1139,0.8677,1.6776,1.6444,0.8061,1.0997,0.8771,0.9624,0.8203,1.0476,0.8298,0.9245,1.0192,1.0192,1.0476,1.2845,1.4123,0.8534,1.2087,1.4976,0.7871,0.9008,1.0476,0.7303,0.8392,0.5835,0.9008,0.8866,0.8961,1.1424,0.7303,3.6713,1.5452,0.9198,1.1518,0.9576,1.1518,1.1376,1.4739,1.0476,1.2276
5/25/2022,17.1222,0.2953,0.3692,0.392,0.4102,0.5981,0.4394,0.3938,0.3646,0.4294,0.3637,0.5206,0.3692,0.3062,0.2798,0.3163,0.3756,0.3728,0.3838,0.3573,0.3172,0.2898,0.3309,0.2962,0.3154,0.2907,0.2871,0.3208,0.2907,0.3208,0.3163,0.2561,0.2479,0.2606,0.278,0.2579,0.3245,0.36,0.3628,0.7683,0.4033,0.3911,0.4002,0.3902,0.3445,0.3208,0.3382,0.3683,0.3363
5/24/2022,18.5572,0.3926,0.4401,0.4306,0.6016,0.646,0.4158,0.5541,0.5246,0.5488,0.4623,0.5541,0.363,0.3007,0.3662,0.4042,0.3535,0.3282,0.3292,0.3504,0.3979,0.3894,0.3145,0.3915,0.3208,0.2617,0.3725,0.4306,0.2839,0.4285,0.3229,0.3219,0.3409,0.3229,0.3261,0.2733,0.3155,0.3018,0.3377,0.497,0.2966,0.4116,0.3356,0.3947,0.4169,0.3166,0.2997,0.3651,0.4031
5/23/2022,21.2229,0.332,0.3478,0.5131,0.5753,0.6876,0.4338,0.5435,0.5462,0.5766,0.4272,0.4814,0.5131,0.3782,0.332,0.3439,0.4417,0.3491,0.3372,0.4708,0.3663,0.3425,0.4814,0.5356,0.4774,0.2949,0.3584,0.3029,0.3095,0.5157,0.4219,0.2989,0.2949,0.324,0.3677,0.3134,0.3743,0.3478,0.3571,1.5048,0.693,0.4589,0.4258,0.3663,0.3293,0.4126,0.443,0.4192,0.4549
5/22/2022,35.0638,0.6457,0.6917,0.6782,0.8189,1.4278,0.7052,1.1843,1.0814,0.9272,0.8812,0.5834,0.4806,0.6565,0.5916,0.6511,0.8,0.6024,0.6619,0.6701,0.5834,0.6782,0.689,0.7891,0.4373,0.4535,0.4833,0.4508,0.4887,0.6268,0.6457,0.5997,0.6024,0.4617,0.5591,0.4129,0.5185,0.7134,0.4752,2.4956,1.0827,0.6971,0.8893,0.7134,0.7864,0.7431,0.9055,0.5537,0.7891
5/21/2022,59.3625,0.7933,1.0193,0.8601,2.0825,2.6886,1.1734,2.365,1.122,1.6562,1.3634,0.9885,1.2299,0.8447,1.1426,0.9628,1.3942,1.2966,1.2247,1.3326,0.9474,0.8498,0.7162,1.5894,0.67,0.8344,1.0347,1.3685,0.8549,1.6459,1.0655,0.7419,0.9011,0.7008,0.5724,0.8344,1.0809,0.8241,0.8395,5.1099,2.1111,0.9268,1.2607,0.7471,1.1323,0.9731,1.1426,1.0963,1.2504
5/20/2022,36.7042,0.7063,0.6632,0.603,1.2603,0.9618,1.3148,0.7092,0.9733,0.5513,0.557,1.0278,0.7838,0.735,0.4882,0.7178,0.7895,0.6432,0.5513,0.801,0.735,0.7264,0.6001,0.6202,0.9158,0.5484,0.7666,0.6747,0.4652,0.5972,0.6632,0.5599,0.5685,0.3705,0.5054,0.5829,0.6632,0.4968,0.801,3.3351,1.413,0.5915,0.5628,0.6862,0.8154,0.7494,0.6403,0.669,0.5427
5/19/2022,58.7472,0.9634,1.3085,0.9532,2.0595,2.0545,1.9733,1.9377,1.6485,0.9482,1.8768,1.1867,0.7503,0.7959,0.801,1.004,1.0243,1.1867,1.0395,1.1461,1.2527,0.9786,1.0192,1.1562,1.1258,1.1968,1.0801,0.8162,0.7097,1.5977,0.8873,0.7147,0.6132,0.6234,0.5625,0.598,0.8315,0.7706,0.9532,5.3057,2.1881,1.344,1.0192,0.6944,1.1867,1.4303,0.8315,1.3491,1.2527
5/18/2022,28.9122,0.7313,0.541,0.5368,0.7501,0.6142,0.7919,0.5682,0.8651,0.5326,0.472,0.4908,0.7334,0.4427,0.3988,0.6497,0.4134,0.6539,0.4573,0.5431,0.6267,0.4385,0.6205,0.6121,0.5577,0.4783,0.4762,0.7564,0.403,0.7522,0.587,0.3465,0.3193,0.3758,0.4615,0.3967,0.4971,0.5996,0.6246,2.2229,0.9755,0.4302,0.6393,0.5096,0.633,0.6686,0.4887,0.6686,0.5598
5/17/2022,20.608,0.3343,0.4075,0.3091,0.5399,0.5071,0.4655,0.6508,0.4503,0.6067,0.56,0.5487,0.4012,0.4113,0.3873,0.4176,0.4302,0.3407,0.4756,0.4289,0.4629,0.3091,0.4667,0.3848,0.3104,0.3343,0.3457,0.4756,0.347,0.5285,0.4138,0.3003,0.2688,0.3444,0.3432,0.3268,0.3369,0.4327,0.405,1.0851,0.5279,0.3356,0.5121,0.3533,0.3722,0.4302,0.3671,0.4541,0.3608
5/16/2022,29.1174,0.4581,0.6988,0.6249,0.9332,0.9945,0.9121,0.8678,0.7917,0.7939,0.8678,0.777,0.5404,0.5088,0.5616,0.5721,0.6566,0.5426,0.5045,0.5383,0.5172,0.4982,0.5785,0.6376,0.6671,0.38,0.551,0.5235,0.3778,0.8171,0.5489,0.4095,0.5088,0.4961,0.3694,0.456,0.5235,0.3968,0.5848,1.1124,0.5387,0.7368,0.6735,0.5911,0.418,0.5447,0.6038,0.4834,0.4285
5/15/2022,49.11,1.0629,0.8409,0.6641,1.1369,2.1112,1.4493,1.696,1.6795,1.2602,1.5767,1.0012,1.1903,0.697,0.8573,0.7134,0.6682,0.771,1.0135,1.0218,1.1122,0.845,0.586,1.0957,0.7956,0.6641,0.9971,0.7175,0.5819,1.1204,0.8244,0.5079,0.5408,0.5325,0.5325,0.7998,0.734,0.7792,0.8902,3.8665,1.622,0.7545,1.2232,1.0793,0.6518,1.0834,1.2602,0.7669,0.734
5/14/2022,63.7708,0.9921,0.9419,0.9475,2.3473,2.3919,1.4327,2.4867,1.4048,1.5944,1.4884,1.1204,0.9642,0.8415,1.2709,1.4327,0.8303,1.0534,1.4382,1.1705,1.4104,1.1482,1.1482,1.2709,1.0869,0.9196,0.8136,1.4271,0.953,1.9346,1.059,0.5626,0.9809,0.953,0.9698,0.6575,1.1371,0.7746,1.1984,6.3588,2.6023,0.9977,1.4606,0.7188,0.8917,0.9809,1.1984,1.0255,0.9809
5/13/2022,33.1156,0.7443,0.787,0.6665,1.0156,0.7443,0.7041,1.1688,1.1914,0.6313,0.8649,1.0834,0.8021,0.5936,0.5434,0.7468,0.7242,0.6288,0.6062,0.5308,0.5685,0.5685,0.6765,0.8674,0.7644,0.4002,0.679,0.7694,0.4731,0.8272,0.7016,0.5409,0.5484,0.5384,0.5183,0.4455,0.5158,0.6439,0.7067,0.8408,0.4318,0.7167,0.7468,0.7117,0.6012,0.4907,0.7519,0.5761,0.7167
5/12/2022,30.7578,0.706,0.5763,0.524,1.0724,0.8448,0.5854,0.6446,0.6036,0.5854,0.9518,0.6469,0.4762,0.4466,0.4261,0.6082,0.4375,0.6446,0.442,0.5103,0.656,0.4898,0.5831,0.8016,0.4443,0.392,0.4853,0.5604,0.4921,0.6264,0.4989,0.5217,0.3601,0.3669,0.4261,0.4216,0.4989,0.6537,0.442,3.1524,1.3411,0.5467,0.4716,0.6491,0.64,0.656,0.7106,0.4557,0.681
5/11/2022,27.8869,0.6579,0.4729,0.6976,0.9502,0.6499,0.5624,0.5505,0.5386,0.7275,0.5843,0.8388,0.7215,0.5664,0.4192,0.5644,0.463,0.4232,0.4411,0.6459,0.636,0.4431,0.5823,0.4948,0.644,0.4471,0.455,0.4033,0.3735,0.4371,0.5803,0.2959,0.465,0.4511,0.3715,0.4232,0.5127,0.5167,0.3993,2.5317,1.0969,0.3894,0.4272,0.4849,0.6539,0.4192,0.4809,0.5843,0.4113
5/10/2022,29.9374,0.6997,0.4782,0.5308,0.8292,0.6471,1.0837,0.9433,0.6756,0.8489,0.4913,0.7831,0.6997,0.6186,0.4102,0.6186,0.4453,0.5462,0.5747,0.612,0.476,0.6208,0.5045,0.6032,0.454,0.3926,0.4935,0.7348,0.4299,0.7831,0.6076,0.5023,0.4628,0.5133,0.4826,0.3422,0.5528,0.7019,0.4562,1.9647,0.8739,0.5418,0.691,0.6734,0.476,0.5879,0.4519,0.5593,0.4672
5/9/2022,50.1351,1.2158,1.2538,1.338,1.1442,2.2524,1.89,1.3422,1.397,1.6119,1.1063,1.7004,1.1905,0.9799,0.8029,0.963,1.0852,0.8408,1.1189,0.9335,1.1147,0.7144,0.6807,1.0684,0.8535,0.765,0.9209,0.7861,0.7566,1.595,0.883,0.4363,0.6386,0.6049,0.588,0.7818,0.7734,0.6386,0.8324,2.6131,1.129,0.6849,0.7102,0.8956,0.9672,0.7313,0.6428,1.1105,1.0515
5/8/2022,66.5392,1.4428,1.2555,1.554,2.0224,1.9053,2.2565,1.1501,1.5189,1.2613,1.718,1.1209,1.2438,1.3726,1.2379,1.1501,1.3199,1.2906,1.1267,1.1326,1.2555,0.8984,1.2028,1.3433,1.0916,1.1618,1.0623,1.1618,0.8867,0.9745,1.4194,1.0448,0.9687,0.7462,0.7462,0.8867,1.1618,1.2087,1.4311,6.4519,2.6389,0.8574,1.0682,1.5658,0.8165,1.5014,1.4662,1.2613,1.1794
5/7/2022,32.7059,0.52,0.6287,0.4533,0.7744,0.8881,0.8387,0.6978,0.9671,1.0462,0.9276,0.562,0.5447,0.4977,0.478,0.7349,0.5274,0.5422,0.7275,0.6484,0.7225,0.5545,0.5694,0.6064,0.6805,0.6633,0.5323,0.6657,0.4434,0.7225,0.6954,0.5422,0.4384,0.5348,0.4953,0.5521,0.5027,0.5447,0.4681,2.9097,1.2456,0.5718,0.4384,0.5916,0.6731,0.5496,0.8115,0.5447,0.431
5/6/2022,30.0401,0.5127,0.5964,0.4576,1.002,0.8742,0.6493,0.6207,0.7133,0.8653,0.7728,0.9094,0.5722,0.4113,0.4157,0.6163,0.6229,0.581,0.6185,0.4951,0.6449,0.473,0.4929,0.4289,0.6163,0.4311,0.6251,0.4245,0.4598,0.8786,0.6097,0.5017,0.3827,0.3386,0.4179,0.4554,0.5061,0.5127,0.5964,2.5014,1.085,0.451,0.6229,0.4554,0.6075,0.6736,0.5149,0.5127,0.5127
5/5/2022,29.6297,0.6209,0.6879,0.7463,0.9691,0.7874,0.6079,0.5949,0.9172,0.7031,0.489,0.8805,0.636,0.5971,0.6252,0.6382,0.5885,0.5668,0.675,0.5906,0.4933,0.4781,0.4176,0.5171,0.4003,0.53,0.5538,0.6555,0.4046,0.5365,0.5257,0.37,0.4068,0.489,0.3505,0.4911,0.4868,0.636,0.5841,2.1133,0.9324,0.4781,0.6166,0.6187,0.3722,0.6274,0.4392,0.556,0.6274
5/4/2022,38.5496,0.8907,0.6524,0.7288,1.0801,1.4039,0.9396,1.3764,1.3978,0.5058,1.1595,0.7074,0.7379,0.7196,0.7318,0.6402,0.683,0.6219,0.5608,0.7654,0.6157,0.6585,0.8968,0.6982,0.7624,0.6921,0.6585,1.184,0.5363,0.7838,0.7563,0.5577,0.5241,0.5485,0.5699,0.573,0.6952,0.6494,0.5974,2.2803,0.998,0.8265,0.5608,0.7288,0.8418,0.8449,0.8815,0.6402,0.686
5/3/2022,25.324,0.6102,0.4057,0.6275,0.7436,0.5322,0.5894,0.5131,0.6154,0.7557,0.5149,0.4023,0.5894,0.378,0.404,0.5443,0.4213,0.4802,0.5149,0.4283,0.4854,0.3971,0.3572,0.3798,0.624,0.43,0.3676,0.3884,0.3988,0.3867,0.4456,0.3659,0.3243,0.2949,0.3208,0.3105,0.4265,0.4785,0.5409,2.4507,1.0651,0.4993,0.6309,0.3347,0.5426,0.4542,0.4802,0.572,0.501
5/2/2022,26.7593,0.5944,0.4518,0.63,0.8664,0.8289,0.5081,0.6225,0.7482,0.7632,0.5812,0.5981,0.5381,0.4612,0.4593,0.4406,0.5287,0.5775,0.4518,0.4387,0.6075,0.54,0.418,0.4818,0.525,0.5381,0.4481,0.615,0.3711,0.6863,0.5025,0.3674,0.418,0.3242,0.3993,0.4218,0.4406,0.4556,0.5362,1.6032,0.7317,0.5794,0.4443,0.6,0.4012,0.63,0.54,0.6075,0.4368
5/1/2022,22.8629,0.4743,0.5427,0.4937,0.7419,0.6259,0.4446,0.5605,0.7835,0.6616,0.4402,0.6126,0.452,0.3614,0.4297,0.3688,0.5278,0.4669,0.3896,0.3941,0.4431,0.3569,0.3911,0.3837,0.4446,0.345,0.4476,0.5546,0.348,0.4491,0.4015,0.3198,0.3302,0.3688,0.345,0.3985,0.4193,0.4951,0.3762,1.4691,0.679,0.4654,0.5947,0.4624,0.3599,0.3837,0.3688,0.3643,0.3257
4/30/2022,22.8634,0.5278,0.4402,0.5472,0.4937,0.4803,0.617,0.4684,0.724,0.351,0.6467,0.6884,0.4283,0.4179,0.4179,0.4877,0.397,0.4639,0.4565,0.4773,0.4535,0.4833,0.4119,0.452,0.3302,0.4149,0.4312,0.4847,0.3465,0.4966,0.4164,0.3822,0.3316,0.3852,0.2975,0.4015,0.3807,0.3703,0.4327,1.5716,0.7193,0.3629,0.3792,0.397,0.3391,0.4461,0.4208,0.4907,0.5026
4/29/2022,22.2481,0.5571,0.3889,0.3348,0.5457,0.6212,0.4431,0.6169,0.4773,0.3875,0.6568,0.7252,0.3419,0.4402,0.3462,0.4801,0.4659,0.4345,0.3562,0.4459,0.4445,0.416,0.4046,0.4844,0.473,0.3049,0.3847,0.5442,0.3505,0.5642,0.4288,0.3163,0.2764,0.2849,0.3832,0.3505,0.3761,0.4032,0.4858,1.3559,0.6345,0.5214,0.3633,0.4388,0.5029,0.4146,0.3547,0.4374,0.483
4/28/2022,30.0401,0.6758,0.6405,0.5325,0.7375,0.7463,0.7111,0.6361,0.9601,0.9072,0.8962,0.883,0.6273,0.4179,0.6273,0.4488,0.6207,0.6427,0.7044,0.559,0.5193,0.5987,0.6075,0.6119,0.7463,0.4818,0.6207,0.8587,0.4466,0.4995,0.581,0.3342,0.4025,0.5149,0.4929,0.4907,0.5215,0.6626,0.6802,1.1648,0.5593,0.581,0.4422,0.5942,0.5325,0.5876,0.6273,0.6493,0.656
4/27/2022,54.5438,0.8602,1.0231,0.8602,1.9214,1.7166,1.6095,2.1215,1.9493,0.7392,1.67,1.2884,1.0138,0.7205,0.809,1.0975,1.2511,1.0696,1.1162,0.9207,1.1208,0.8462,0.6554,0.8695,1.2372,0.8322,0.9858,1.67,0.6647,1.172,0.8416,0.5995,0.7624,0.5949,0.5157,0.8322,0.9951,1.0091,0.688,3.9313,1.6475,1.2279,1.3535,0.8416,0.6042,0.8788,1.4187,0.8322,1.158
4/26/2022,35.7818,0.6084,0.6251,0.789,0.8695,1.2668,0.964,0.814,0.7001,0.9779,1.0973,1.1862,0.5334,0.6112,0.6056,0.7862,0.5362,0.8168,0.5612,0.7251,0.5556,0.4862,0.5862,0.664,0.5195,0.7362,0.7806,1.0501,0.4862,0.5973,0.5778,0.4361,0.4806,0.4973,0.425,0.5834,0.5639,0.5667,0.6167,2.5753,1.1141,0.6723,0.8279,0.7834,0.7834,0.6834,0.9223,0.5862,0.5501
4/25/2022,74.9468,1.124,1.1776,1.7935,1.8738,2.1751,1.8939,1.7734,1.5658,2.3023,2.2487,2.155,1.5257,1.2646,0.9432,1.1776,1.3382,1.2244,1.3918,1.7868,1.6462,1.2311,1.0571,1.0637,1.1642,0.9767,1.0771,2.2286,1.0972,2.0211,1.365,0.9165,0.9031,1.0303,0.8428,0.7558,1.2713,1.1709,1.3717,6.9125,2.8201,1.6395,1.3516,1.2981,1.5926,1.1843,1.1508,1.4052,1.6663
4/24/2022,35.7816,0.5417,0.639,0.5695,0.9029,1.1196,0.889,0.8862,0.9723,0.9418,0.9723,1.0446,0.7501,0.6084,0.5139,0.6528,0.7723,0.5639,0.6584,0.839,0.789,0.639,0.7751,0.6167,0.7612,0.639,0.5139,0.8862,0.4667,0.7862,0.5473,0.3834,0.4945,0.4917,0.4862,0.4612,0.6417,0.6445,0.5139,2.7348,1.1768,0.5278,0.8334,0.45,0.8306,0.7028,0.864,0.5973,0.689
4/23/2022,22.453,0.5107,0.5078,0.5482,0.5685,0.6292,0.4716,0.4803,0.567,0.5988,0.541,0.6378,0.5265,0.434,0.4471,0.4095,0.463,0.356,0.4182,0.421,0.4904,0.4312,0.3647,0.3488,0.3401,0.3632,0.4499,0.434,0.3632,0.3603,0.4312,0.3661,0.3184,0.278,0.3965,0.3459,0.3531,0.4528,0.4239,1.3025,0.6134,0.4586,0.5598,0.476,0.4196,0.5063,0.4384,0.4745,0.356
4/22/2022,45.932,1.1681,1.1756,1.1074,1.3805,1.7901,1.5777,1.4488,1.3767,1.0012,0.8684,0.8836,1.1946,0.8684,0.9822,0.785,0.7736,1.0505,1.0732,0.8191,0.7508,0.9329,1.0277,0.8077,0.8722,0.5612,0.7205,1.1339,0.6029,0.8381,0.876,0.7318,0.6522,0.7129,0.4474,0.7546,0.766,0.5991,1.0125,1.7375,0.7845,1.1529,0.6332,0.7546,0.7167,1.0922,0.9443,1.0429,0.9481
4/21/2022,41.113,0.8157,0.6435,0.7892,1.1998,1.4746,1.3786,1.5442,1.4713,1.2031,0.8488,1.4514,0.8918,0.5442,0.7627,0.6468,0.8455,0.9481,0.5971,0.8157,0.7561,0.8587,0.5541,0.7627,0.7495,0.5309,0.7197,1.0541,0.521,0.8322,0.7495,0.4283,0.5706,0.5276,0.5044,0.5806,0.7329,0.66,0.9647,2.7856,1.1968,0.6998,0.5276,0.6898,0.6998,0.6269,0.564,0.8422,0.5508
4/20/2022,36.8064,0.6794,0.858,0.6593,0.8177,1.0366,1.1749,0.786,0.9358,1.1115,0.5383,1.1058,0.8206,0.5008,0.7486,0.5786,0.7486,0.7226,0.8148,0.6362,0.7226,0.737,0.7082,0.6247,0.786,0.7543,0.8004,0.8177,0.5498,1.0165,0.737,0.4202,0.5383,0.5901,0.4835,0.5642,0.6016,0.7457,0.5066,2.5339,1.0978,0.6708,0.6333,0.4864,0.6132,0.7226,0.8494,0.6333,0.5872
4/19/2022,31.2705,0.5506,0.7973,0.6786,1.0137,1.3023,1.1417,0.8485,0.8182,0.767,0.9602,0.7438,0.5413,0.546,0.5646,0.667,0.6949,0.6786,0.5576,0.6251,0.7065,0.4855,0.7298,0.7228,0.7042,0.4599,0.6647,0.5623,0.4925,0.902,0.6553,0.4157,0.3505,0.4971,0.3877,0.5157,0.5576,0.7182,0.7112,0.3437,0.2363,0.4762,0.6181,0.5902,0.5879,0.7228,0.7787,0.6647,0.5157
4/18/2022,16.8141,0.3791,0.3333,0.3288,0.4364,0.3764,0.3703,0.5113,0.402,0.3403,0.3095,0.4822,0.4126,0.2865,0.3288,0.335,0.3562,0.2936,0.3306,0.3394,0.2998,0.2998,0.3218,0.2821,0.4011,0.3456,0.3474,0.2671,0.276,0.3747,0.3112,0.2883,0.2495,0.2592,0.2707,0.3006,0.2795,0.3782,0.3359,0.8277,0.4267,0.2689,0.3888,0.3826,0.3297,0.2901,0.3773,0.3403,0.3412
4/17/2022,17.0194,0.4048,0.3209,0.3335,0.4084,0.6095,0.4914,0.4264,0.3651,0.4481,0.4535,0.4932,0.2875,0.2992,0.3561,0.2947,0.348,0.329,0.2875,0.3777,0.3669,0.3471,0.2722,0.3272,0.3723,0.2542,0.2902,0.3155,0.2587,0.3245,0.3335,0.2749,0.3119,0.2821,0.2514,0.2388,0.2866,0.2668,0.3507,0.9052,0.4572,0.3579,0.3164,0.3714,0.3606,0.311,0.2902,0.2767,0.3128
4/16/2022,16.0965,0.3059,0.3019,0.2565,0.3561,0.5699,0.314,0.3788,0.4444,0.3966,0.331,0.3505,0.3108,0.3181,0.2986,0.2962,0.3456,0.3019,0.331,0.3181,0.3108,0.3496,0.3148,0.2873,0.3529,0.2509,0.3003,0.2614,0.2517,0.3764,0.3245,0.2274,0.2865,0.2865,0.2363,0.2468,0.28,0.28,0.2776,1.1016,0.5344,0.3084,0.3756,0.3416,0.28,0.2727,0.2622,0.3075,0.2849
4/15/2022,33.013,0.807,0.5569,0.5594,1.1872,0.9871,0.717,0.6444,0.6219,0.9046,0.6744,1.0521,0.4518,0.6744,0.4993,0.5244,0.6969,0.6094,0.767,0.6744,0.702,0.6969,0.5419,0.6669,0.7295,0.4143,0.6244,0.827,0.4768,0.872,0.6369,0.4868,0.3893,0.4193,0.3618,0.4943,0.5944,0.6169,0.4543,2.6656,1.1496,0.6894,0.4918,0.4318,0.4293,0.717,0.812,0.4868,0.5244
4/14/2022,41.0102,0.8203,0.6288,1.0117,1.2692,1.7809,1.3682,1.2692,1.3616,0.7576,0.6651,1.3616,0.7311,0.8401,0.543,0.8401,0.8731,0.741,0.9424,0.9721,0.916,0.5925,0.8236,1.091,0.9985,0.7014,0.6222,0.6915,0.5166,0.7014,0.8533,0.4076,0.6387,0.4902,0.444,0.4374,0.7509,0.8962,0.5265,2.1615,0.9513,0.9886,0.9787,0.5199,0.4902,0.6288,0.7146,0.8071,0.8929
4/13/2022,36.0895,0.515,0.9335,0.9251,0.8605,1.4728,0.706,0.9054,0.9588,0.6891,0.9616,1.0206,0.8661,0.6751,0.647,0.824,0.5683,0.6217,0.7678,0.6049,0.7509,0.6582,0.6807,0.9475,0.8324,0.4785,0.7453,1.0178,0.4841,1.1076,0.6386,0.383,0.5431,0.5796,0.4588,0.5206,0.6329,0.6189,0.7537,1.8177,0.8161,0.4897,0.7032,0.8324,0.6105,0.5852,0.6301,0.6358,0.6133
4/12/2022,40.2922,0.6155,0.9029,0.9449,1.3098,1.2937,1.0063,0.7835,0.8254,0.58,0.9546,1.1322,0.5994,0.8287,0.6155,0.8642,0.6963,0.9417,0.8448,0.7382,0.819,0.5348,0.9094,0.7479,0.5283,0.5057,0.664,0.7092,0.5509,0.622,0.777,0.6833,0.6833,0.4379,0.425,0.5057,0.6026,0.8642,0.538,4.007,1.6772,0.7705,0.9804,0.4864,0.693,0.8739,0.7996,0.6123,0.8061
4/11/2022,34.2437,0.8569,0.6968,0.8385,0.9251,1.1114,1.1219,0.7965,0.8359,1.0275,0.8149,0.5341,0.9015,0.5262,0.4868,0.5315,0.479,0.5524,0.8096,0.7414,0.5866,0.5524,0.7913,0.6863,0.6391,0.6181,0.6286,0.7729,0.4737,0.7335,0.7073,0.3477,0.5682,0.4632,0.3766,0.395,0.5866,0.6495,0.7545,1.9786,0.8794,0.5341,0.8228,0.5839,0.7755,0.6207,0.7729,0.7519,0.6049
4/10/2022,60.3876,1.5707,1.0311,1.2459,1.7226,1.4449,1.2197,2.3408,1.3349,0.9577,1.6911,2.1626,1.0939,0.9158,1.1096,1.3663,1.3716,1.0363,0.811,0.9525,1.0101,0.9053,0.6696,1.4973,1.293,0.9106,1.0887,0.8687,0.8582,1.162,1.2825,0.8687,0.6486,0.8844,0.5962,0.6172,1.0363,0.8896,1.0049,5.1485,2.1262,1.4868,1.3035,0.9577,1.424,0.9996,1.3192,1.293,0.8582
4/9/2022,78.0221,1.4411,1.371,1.4621,2.0363,3.1146,2.8625,3.0936,1.6161,2.0853,2.5264,1.189,1.7422,1.14,1.301,1.0279,1.266,1.8542,1.6441,1.357,1.4131,1.357,1.098,1.0209,1.0069,1.21,0.8879,1.315,0.9929,1.8962,1.4341,0.6848,0.9929,1.245,0.7969,0.9579,1.091,1.273,1.07,7.8657,3.195,1.5321,1.308,1.6651,1.133,1.5671,1.091,1.7072,1.084
4/8/2022,45.0089,1.1511,1.1289,0.8439,1.6618,1.0512,1.5804,1.7321,1.1363,1.3398,1.3695,1.0771,0.67,0.8254,0.5812,0.9031,0.6959,0.9364,0.6071,0.7329,0.7773,0.9031,1.0512,1.1992,0.8513,0.8883,0.6219,0.5923,0.5775,1.029,0.7884,0.6959,0.6293,0.5886,0.744,0.7329,0.6441,0.7181,1.0105,1.8719,0.8374,1.0475,0.7699,0.6367,0.8994,0.9698,1.0734,0.8698,0.9661
4/7/2022,50.8527,0.8823,1.0109,1.0109,1.4865,1.5979,1.6065,0.9637,1.0023,0.7795,0.9809,0.8352,0.8223,0.8266,1.028,1.1009,0.8266,1.1737,1.2294,0.7666,0.7709,0.8523,1.028,0.8437,0.6123,0.878,1.0794,1.2166,0.7152,1.4522,0.9252,0.4452,0.8352,0.6552,0.5138,0.6466,0.8994,1.0623,1.1737,5.3858,2.2196,0.7709,0.6209,0.6038,0.8395,1.028,1.058,0.8909,0.8994
4/6/2022,62.9506,1.0624,0.9195,1.6833,1.6998,1.48,1.9965,2.2658,1.9965,0.8261,1.4635,1.8097,1.3151,0.7986,1.2712,1.0953,1.3591,1.0843,1.3536,1.2107,1.1942,0.903,1.1833,1.3591,1.4965,0.7546,1.3261,0.936,0.9415,1.2437,1.2657,0.6228,0.6997,0.8041,0.8645,0.859,0.9525,0.8755,0.947,4.7927,1.9863,1.4415,1.6009,0.7821,1.502,0.859,1.2052,1.4635,1.3976
4/5/2022,73.511,1.1886,1.562,1.9093,2.2172,2.4923,1.8044,1.7848,1.49,1.3459,1.2345,2.7019,1.6538,1.1559,0.9135,1.5096,0.9659,1.3066,1.4114,1.7258,1.3852,1.0314,1.431,1.1428,0.979,1.0445,0.9266,2.3351,0.9004,1.942,1.1821,0.7104,0.9331,0.8087,0.8349,0.9462,1.1886,1.2738,1.4638,7.995,3.2459,1.2148,1.8241,0.8742,0.9528,1.3,1.3066,1.0642,0.9004
4/4/2022,73.9212,1.696,1.762,1.729,1.8081,1.874,1.8938,1.7883,2.7178,1.8147,2.0718,1.551,1.3401,1.4785,0.9379,1.2346,1.4983,1.017,1.3862,1.3994,1.2939,1.0039,1.3598,1.9597,0.8457,0.9841,1.5378,2.1443,1.0105,2.23,1.0632,1.1819,0.905,0.7797,0.8061,1.0632,1.1093,1.3928,0.8852,6.918,2.8223,0.9511,1.7092,1.1555,0.9907,1.4324,0.9248,1.1819,1.2807
4/3/2022,88.5823,2.0523,1.7703,2.0523,3.1885,3.535,2.8662,1.9556,2.4713,3.0596,2.3182,2.3343,1.7058,1.1417,1.7138,1.4076,1.9153,2.1006,1.5688,1.5366,1.6655,1.875,1.7622,2.3102,1.6897,1.6574,1.4237,2.4633,1.2626,2.4069,1.7541,0.9,1.2384,1.2304,1.1175,0.8194,1.319,1.456,1.6171,4.3538,1.8137,1.1175,2.0603,1.3835,1.5204,1.2626,1.2787,1.3432,1.7864
4/2/2022,92.3758,1.3311,2.2423,1.1539,3.3645,2.2086,3.3983,2.7232,2.1664,2.4111,1.5082,2.5461,1.6179,1.8711,1.5673,1.4661,1.4914,2.1242,2.1664,2.1495,1.8204,2.0482,1.5336,1.6179,1.947,1.0948,1.6095,2.757,1.3142,1.542,1.9723,1.1201,1.2973,0.8754,0.8248,1.5082,1.3395,1.5167,1.8711,6.7188,2.7439,2.1326,2.2761,1.7107,1.1454,2.0651,1.272,1.1454,2.0482
4/1/2022,62.7459,0.9933,1.4641,1.1466,1.9842,2.9478,2.3291,2.4605,1.6448,1.4203,1.7324,1.9788,1.497,1.059,0.8729,0.8291,1.0864,1.0426,1.1795,1.4751,1.4094,0.9769,1.0316,1.4641,1.2452,0.9003,0.9441,0.84,0.8127,2.028,1.0645,0.6594,0.6156,0.7032,0.8838,0.9167,1.1138,0.9222,0.9714,3.0428,1.298,1.2233,1.0207,1.1083,1.3601,1.5408,1.4641,1.2233,0.8181
3/31/2022,63.8737,0.9377,1.5635,1.0662,2.0217,1.7926,1.9155,2.2116,1.2953,2.1669,1.6194,1.8708,1.0998,1.2171,0.7813,0.826,1.2227,0.9377,0.988,1.2283,1.3735,1.0942,1.3959,1.3177,1.4797,1.2506,1.3232,1.6306,0.7533,2.0217,1.15,0.6807,1.0774,1.0551,0.9936,0.7757,0.9377,1.4015,1.4071,2.8935,1.2392,1.2115,1.5859,1.4238,1.1445,0.921,1.1668,1.4629,0.9433
3/30/2022,48.392,0.9785,0.8614,0.72,1.4188,1.3784,0.9139,0.8614,1.8268,1.4309,1.2855,1.3421,0.7524,0.9139,0.7927,0.8695,0.8937,0.6877,0.712,1.0593,0.7402,0.8655,0.817,0.918,0.8493,0.6918,0.8291,0.8049,0.7039,1.536,0.7604,0.5665,0.4817,0.6595,0.5706,0.6796,0.7968,0.8816,0.8453,5.0253,2.0778,0.6877,0.5948,0.8533,0.9987,0.8978,0.8493,0.8291,0.8816
3/29/2022,46.0343,1.1061,0.8094,0.6269,1.4903,2.095,1.2811,1.8173,1.1251,0.8285,0.8703,0.7562,1.0833,0.9464,0.6839,1.0453,0.8817,0.798,0.9768,0.8361,0.7182,0.6155,1.0224,0.8893,1.0491,0.6725,0.9464,0.9502,0.6839,1.3229,0.8703,0.4862,0.5014,0.5774,0.5356,0.4976,0.6763,1.0224,0.8247,2.8063,1.2049,1.0072,0.5242,0.9616,0.7334,0.8132,1.0985,0.992,0.973
3/28/2022,55.7738,1.2798,1.2368,0.8116,1.2464,2.1732,1.0935,2.1397,1.5903,0.7877,1.5378,1.6907,1.189,0.697,0.8212,1.0887,0.7447,1.2798,1.0218,1.0409,1.189,1.1843,0.7686,1.0505,0.7877,0.7208,1.2177,1.662,0.6826,0.8068,1.0791,0.7925,0.5919,0.5441,0.5536,0.5919,0.8928,0.7256,1.0553,5.4332,2.2382,0.974,0.697,1.06,1.0027,0.7877,1.1365,1.189,0.8881
3/27/2022,40.2928,0.8061,0.861,0.706,0.9449,1.1968,1.1032,1.0902,1.1419,1.1451,0.7705,0.8254,0.9126,0.6285,0.6866,0.8416,0.9288,0.5671,0.6188,0.7964,0.6769,0.819,0.4928,0.6898,0.8157,0.6026,0.6801,0.9708,0.5348,1.0547,0.8448,0.5187,0.5962,0.5057,0.664,0.6026,0.6995,0.9417,0.7447,2.8876,1.2369,0.7738,0.8125,0.8448,0.8706,0.6188,0.8739,0.7415,0.6058
3/26/2022,47.0592,0.9361,1.0963,0.9674,1.4009,2.104,1.5611,1.7759,1.6626,1.3814,1.4439,0.9986,0.8697,0.8971,0.9557,0.694,0.7526,1.0728,0.7135,1.0533,1.0494,0.9674,0.7955,0.9127,1.0689,0.9283,0.8893,1.4205,0.6276,1.3814,0.8736,0.5885,0.5768,0.5065,0.5729,0.6588,0.6666,0.8307,0.7994,1.2964,0.611,0.8268,1.1119,0.6627,0.8932,0.6901,0.651,0.9439,0.9205
3/25/2022,39.3699,0.9572,0.7847,0.8944,0.9603,1.0074,1.1454,1.227,1.1674,1.0137,0.7533,0.8035,0.6404,0.5776,0.6247,0.6058,0.7533,0.9007,0.8443,0.6874,0.9258,0.6058,0.609,0.5494,0.8254,0.6027,0.6623,0.6215,0.5933,1.1893,0.587,0.449,0.4239,0.5431,0.4459,0.4835,0.5713,0.5588,0.8348,3.5438,1.495,0.7752,0.8568,0.8411,0.8631,0.6843,0.6811,0.6592,0.54
3/24/2022,61.9253,1.2398,0.9594,0.8623,2.2805,1.655,1.2883,1.4447,2.0595,1.0834,1.7683,2.259,1.4231,1.1265,1.2128,1.051,1.3476,1.2128,1.4501,1.3584,1.3476,0.8893,0.803,0.8839,1.4824,0.6682,0.7383,0.8461,0.8569,1.6011,1.3207,0.7598,0.7113,0.7814,0.7059,0.7976,0.8677,0.8893,1.1265,5.6469,2.3223,0.9863,1.0834,0.9809,0.7113,1.2452,1.531,1.0834,1.1751
3/23/2022,45.6238,0.8439,1.1487,0.7686,1.7017,1.7393,1.0283,0.7724,1.5475,1.3819,1.4271,1.5889,0.9417,0.7649,0.6445,0.7686,0.8853,0.9944,1.0885,0.9116,0.953,0.9793,1.0057,0.6784,1.1411,0.6708,0.9869,1.1637,0.5692,0.8213,0.889,0.7649,0.6219,0.5279,0.6558,0.5015,0.6595,0.6219,0.7611,1.7841,0.8029,0.953,1.1261,0.8251,0.6671,0.8589,1.0395,0.9605,0.6859
3/22/2022,51.263,0.8156,1.2093,0.6426,1.7241,2.3774,1.9404,1.2309,1.5338,1.577,1.1314,1.3434,1.0363,0.9584,1.0146,1.166,1.0579,1.0536,1.1747,0.7897,0.807,0.6858,0.6036,1.1401,0.9108,1.0449,0.7853,0.9887,0.6469,1.6506,0.7594,0.4435,0.7291,0.7594,0.556,0.8416,0.7897,0.8589,0.8026,3.4517,1.4588,0.8978,0.7161,0.9108,0.9887,1.0492,0.8243,0.6728,0.7118
3/21/2022,45.2135,0.9891,1.0821,1.0114,1.6366,1.5994,1.097,1.6106,1.5473,1.004,0.7658,0.8514,1.0114,0.6653,0.8923,0.736,1.0524,0.7025,0.8179,0.736,0.7695,0.8365,0.7695,1.1082,0.963,0.8775,0.55,0.9928,0.6653,0.9444,0.7658,0.7398,0.7286,0.4681,0.4532,0.7509,0.803,0.6467,0.9779,2.8936,1.2393,0.5909,1.03,0.8737,0.5128,0.6951,0.9928,0.8849,0.8812
3/20/2022,65.1039,1.2688,1.3373,1.0746,1.6057,3.0733,1.7085,1.6057,2.1367,1.2345,2.0796,1.5143,1.7599,0.8234,1.3658,0.8633,1.4172,1.3145,0.9947,1.0689,1.3487,1.086,1.4344,1.0803,1.4058,0.8976,0.989,2.0625,0.8976,0.9376,0.9376,0.9547,0.8748,0.652,0.6806,0.6806,0.9433,1.2288,0.8976,4.2855,1.7868,1.6856,1.8398,1.5486,1.0518,1.56,0.8919,1.1888,1.0289
3/19/2022,40.2925,0.6478,0.7964,0.5413,1.0579,1.5197,0.7609,0.7996,0.861,0.7286,0.6188,1.0805,0.5768,0.7318,0.7512,0.7479,0.7253,0.7221,0.8416,0.7867,0.8448,0.6155,0.7867,0.5929,1.003,0.5703,0.8771,0.8965,0.4896,0.6317,0.7867,0.4702,0.509,0.5122,0.4508,0.5542,0.6155,0.8803,0.5897,4.9016,2.0291,0.7802,0.7189,0.4928,0.8545,0.6026,0.5509,0.6737,0.7156
3/18/2022,47.6742,0.8411,0.8332,0.8768,1.2537,2.0671,1.7417,1.0712,0.9721,1.5235,0.8808,0.7856,1.1546,0.8292,1.0236,1.0514,0.9364,1.1228,0.9125,0.9086,0.8332,0.619,1.0514,1.0871,0.8491,0.5832,0.861,1.103,0.5872,1.0474,0.9998,0.6904,0.6428,0.7102,0.5277,0.7221,0.861,1.0633,0.9244,3.0739,1.3102,1.107,0.5832,1.0831,0.6071,0.7816,0.976,0.9284,0.6745
3/17/2022,35.2687,0.5702,0.8729,0.4775,0.7802,1.222,0.9247,1.1265,0.9411,0.7148,0.9684,0.543,0.6548,0.6875,0.4857,0.5484,0.5948,0.6711,0.712,0.7639,0.5593,0.7284,0.5402,0.5321,0.5239,0.453,0.5512,0.8211,0.5593,0.6848,0.6057,0.4557,0.6221,0.4639,0.5893,0.603,0.603,0.6575,0.7393,3.1923,1.3568,0.8375,0.8647,0.5239,0.5839,0.5375,0.6002,0.5975,0.6221
3/16/2022,44.7014,1.1466,0.897,0.9117,1.2273,1.62,1.3595,1.6017,0.9044,1.4402,1.1503,0.7062,0.6548,0.8456,0.864,0.6475,1.0255,0.9301,0.8934,0.9484,1.0622,0.8566,0.9631,0.919,0.5997,0.7906,0.8456,0.7135,0.6548,0.6695,0.908,0.6034,0.4823,0.4603,0.5484,0.6842,0.8163,1.0658,0.8383,2.8929,1.239,1.0548,0.6181,0.7759,0.5594,0.6438,1.0952,0.7319,0.8346
3/15/2022,52.5958,0.742,1.2057,1.0764,1.3752,1.2147,2.0352,1.4109,1.7052,1.6339,1.6651,1.5447,0.6706,0.8624,0.791,0.8668,1.0541,1.1299,0.8579,1.0452,0.9337,0.6974,1.2057,1.0497,1.2905,0.7063,0.8802,1.5848,0.7598,1.1522,0.8311,0.6438,0.8802,0.8222,0.5101,0.849,0.9471,0.8267,0.6974,4.0522,1.695,0.8713,0.7063,0.6795,1.0943,0.9649,0.9337,0.7152,0.7286
3/14/2022,69.4097,1.7019,1.315,1.4133,2.5617,2.0888,2.0028,1.9967,2.1256,1.1124,1.6958,2.0581,1.7265,0.9343,1.008,1.0694,1.0203,0.9957,1.3212,1.1308,1.2843,1.5545,1.0448,0.9036,1.8247,1.358,1.2905,1.8861,0.9466,1.2536,1.4747,0.7071,0.965,0.7623,1.0141,0.9404,1.2536,1.5975,1.0325,5.0633,2.0927,1.2413,0.8483,1.5238,0.7869,1.1492,1.5177,1.3703,1.444
3/13/2022,76.6893,1.4512,1.6366,1.6229,2.4952,3.3401,2.1793,1.7809,2.2548,2.6257,1.9526,1.3619,1.4512,1.2176,0.9772,1.4649,1.0528,0.9772,1.4443,1.6023,1.2245,1.3,1.0184,2.09,0.9154,1.4305,1.5748,1.4305,0.8879,1.4168,1.1558,0.8192,1.0734,1.1008,1.2107,1.2588,1.1489,1.3619,1.7534,5.6831,2.3365,1.1146,1.4786,1.5405,1.4786,1.1833,1.9801,1.719,1.1146
3/12/2022,78.5342,2.0852,1.6832,1.1965,1.7184,2.2615,2.2192,2.6142,1.4998,1.4151,2.1416,1.5491,1.6832,1.3375,1.5209,1.2106,1.4151,1.3234,1.7819,1.5421,1.5562,1.6549,1.0554,1.796,0.9778,1.267,1.2035,2.2686,0.9284,1.9865,1.3023,0.9002,1.1118,0.999,0.9284,1.267,1.3658,1.8101,1.3658,6.5552,2.6796,1.2529,1.5703,1.0201,1.8877,1.0977,1.9159,1.3728,1.2388
3/11/2022,53.826,0.8311,0.9182,1.0694,1.656,1.4956,1.9081,1.491,1.7614,1.1794,1.6743,0.9136,1.1061,1.0832,0.9595,0.822,0.9228,1.019,0.822,0.8541,0.964,0.8724,0.9228,0.8266,0.8953,0.5837,1.1657,1.6239,0.7624,1.3536,0.964,0.8357,0.9045,0.7945,0.6203,0.5516,0.822,1.2436,0.6937,3.7713,1.5845,1.4177,1.3032,1.0786,0.767,1.1932,1.1382,0.8311,0.8541
3/10/2022,46.4444,0.701,1.1931,0.9163,1.5007,0.9971,1.2085,0.9317,1.7852,0.8587,0.7549,0.6703,0.9701,0.7933,0.7318,1.0086,0.9817,0.7356,0.628,0.8087,0.8433,0.6395,0.9202,0.7856,0.9317,0.8202,0.9971,0.6011,0.6895,0.7164,0.9894,0.7856,0.6472,0.4396,0.628,0.6011,0.8202,0.8164,1.0317,4.344,1.8098,0.9894,0.9202,0.9548,1.1009,0.8241,0.9202,1.0624,0.6395
3/9/2022,61.2081,1.1138,1.2894,1.1989,1.6086,2.0449,1.1829,2.0555,1.1563,1.9864,1.9385,1.0765,0.9648,1.2574,1.0393,1.1244,0.9807,0.9914,1.4171,0.9595,1.316,1.1936,0.9488,0.8903,1.3479,0.8477,0.9595,1.7044,0.8211,1.034,1.3,0.9754,0.8318,0.885,0.9275,0.8264,1.0393,1.4862,1.0606,5.5816,2.2966,0.7892,1.0872,0.7839,0.7573,1.018,1.2734,0.8743,0.9648
3/8/2022,67.3592,1.1402,0.9977,1.5141,2.1968,2.1493,2.5054,1.7991,1.4073,0.9383,1.0036,1.3657,1.2114,1.1639,0.8434,1.0333,1.0452,1.3598,1.4607,1.2708,1.3004,0.9087,1.0155,1.7872,1.247,1.0689,1.3004,1.7338,0.7899,2.0009,1.152,1.0749,0.8196,0.5881,0.9799,1.1105,1.0808,1.0214,1.152,5.543,2.2814,1.5557,1.5972,1.0511,1.1876,1.4666,1.5379,1.1698,1.431
3/7/2022,80.2778,1.7279,1.2581,1.2797,1.7495,1.9953,2.7759,1.5689,2.812,1.9519,2.4868,2.3567,1.4171,1.5255,1.6267,1.1352,1.511,1.352,1.5761,1.5183,1.9158,1.3376,1.1786,1.1569,0.9979,1.6411,1.3592,1.4604,1.1641,1.7857,1.7134,0.9184,1.0774,1.2147,0.7232,1.1424,1.4532,1.7495,1.6411,6.6353,2.7111,2.017,1.7351,0.9039,0.9256,1.67,1.2725,1.4821,1.67
3/6/2022,77.8176,1.8423,1.2698,1.4932,2.0727,3.462,3.092,2.8895,2.338,2.4497,1.4653,1.7585,1.7236,1.0883,1.0464,1.0394,1.6119,1.0045,1.3885,1.57,1.4164,0.9905,1.577,1.9191,1.9051,1.0533,1.5421,2.0378,1.1511,1.3326,1.1162,0.6135,1.1162,1.2628,1.0184,1.1232,1.4024,1.0673,1.1162,5.1023,2.1081,1.7166,1.4583,1.1092,1.6468,1.0533,2.0936,1.2349,0.9277
3/5/2022,64.2835,1.4162,1.5681,1.54,1.5569,1.8777,2.525,1.2192,2.4574,1.934,0.9321,1.6075,1.298,0.949,1.2529,1.3092,1.0953,1.3036,1.1854,1.4724,1.0278,0.8927,0.7126,1.4443,1.1122,1.0672,1.0503,1.0503,0.7745,1.388,0.9997,0.6451,0.8308,0.6451,0.6282,0.7182,0.9209,1.1967,0.9603,5.5432,2.2815,1.2811,1.2586,1.1798,1.0559,1.1741,1.3711,1.3261,1.2473
3/4/2022,65.6163,1.3017,1.342,1.3651,1.4285,2.5981,1.5437,1.8606,1.8548,1.7338,1.5667,1.7569,1.6877,1.1807,1.0482,1.4861,0.8984,1.3939,1.5379,1.1173,1.4458,0.9042,1.2268,1.342,1.3824,0.7832,1.0885,1.1577,0.8062,1.1692,1.221,0.9042,0.9099,0.9791,0.8811,0.6679,0.9503,1.5091,1.0885,4.951,2.0486,1.5495,1.2959,0.956,1.0712,1.2844,1.054,1.3132,0.9733
3/3/2022,64.8988,1.2876,1.555,1.3672,2.0216,2.1695,1.3729,1.8281,1.6005,0.8096,0.9291,0.986,1.1169,1.3103,1.3274,1.0941,1.1795,1.2364,1.4127,1.0429,1.555,1.316,0.9803,0.8495,1.1908,1.0031,1.3046,1.8623,0.9405,1.2534,1.3729,0.9746,0.9746,1.0145,0.9974,0.6503,1.0657,1.4526,1.0941,6.1083,2.5038,1.4753,1.2193,0.9064,0.7357,0.9974,1.5152,1.06,0.8779
3/2/2022,62.3358,1.612,1.1393,1.574,1.3566,2.1064,1.6283,2.2314,2.1554,1.6826,1.5685,2.2749,1.612,1.0686,0.7698,1.1556,0.835,1.4544,1.1936,1.3023,1.1773,1.0306,0.9274,1.5577,0.6937,1.1121,0.9817,0.8676,0.8078,1.3729,1.0143,0.7318,0.9763,0.71,0.8459,0.7698,0.8622,1.3729,0.7644,3.7504,1.5763,1.5305,1.3077,1.161,1.3621,1.411,0.7698,1.286,0.8839
3/1/2022,61.9255,1.4339,0.9917,1.6442,2.0109,2.1188,2.0217,1.5633,1.1805,1.0079,1.7736,2.1296,0.8461,1.229,0.9324,1.3746,0.8623,1.1913,0.8461,1.1643,1.1211,1.2398,0.8839,1.3908,1.5633,0.9917,0.9755,0.8893,0.8192,1.4986,1.2344,0.652,0.6358,0.6466,0.6358,0.5981,0.9971,1.4609,1.4555,4.7026,1.9508,1.3261,0.8192,1.0834,1.2721,1.105,1.5202,1.0942,1.0403
2/28/2022,76.2793,1.1226,1.3547,1.0475,2.0102,2.3175,2.5428,1.8873,2.7271,1.8327,2.2833,1.6415,1.4981,1.5732,1.1294,1.5527,1.7029,1.6005,1.266,1.2796,1.3001,1.7098,1.4845,1.1226,1.5459,1.1977,1.4162,2.2355,0.9519,1.5527,1.225,1.2318,0.6583,0.7129,1.1909,0.7744,1.0816,1.7234,1.3684,6.0128,2.4662,0.9724,1.1089,0.9519,1.7781,1.8395,1.7371,1.225,1.3342
2/27/2022,56.4915,1.505,1.1995,0.8601,1.3984,1.4662,1.3741,1.3547,2.0724,0.7825,0.9134,2.0578,1.0056,0.7728,1.0589,1.1656,0.7825,1.1462,1.0347,1.0783,1.1656,1.2044,0.8165,1.1607,1.4081,0.8795,0.9668,1.0783,0.7922,1.5875,0.8649,0.5546,0.5449,0.7777,0.6661,0.8165,0.9231,0.6952,1.2383,5.5924,2.3008,0.7825,1.0395,0.8795,0.7049,1.0686,0.9377,1.2189,0.7971
2/26/2022,59.1573,1.3331,1.1898,0.9903,1.5275,2.1874,1.9162,1.2972,2.3204,0.9545,1.5581,0.9494,0.9852,1.0824,0.7243,0.8829,0.8317,0.9238,1.2461,1.3177,1.3586,0.8061,0.7447,1.4712,1.1438,0.8112,0.9289,0.6936,0.8624,1.819,0.8419,0.7192,0.6527,0.7345,0.6578,0.9136,0.8164,0.9033,1.1796,6.3385,2.5943,0.9545,0.7908,0.9084,0.7601,1.3433,1.1131,1.0568,1.021
2/25/2022,52.4931,1.2167,0.8786,0.8385,1.8485,1.9197,1.4347,1.3769,1.19,0.7228,1.3635,1.0921,1.1856,0.9275,1.1322,0.8964,0.8474,0.7228,1.0432,0.9631,0.8741,0.9809,1.2167,0.8207,0.6071,0.9364,0.8786,1.239,0.7807,0.8697,0.8919,0.4959,0.5271,0.6427,0.8296,0.7406,0.9275,1.0521,0.794,4.4424,1.8485,1.0254,0.9631,1.1589,1.0031,0.9497,1.3012,1.0521,1.0432
2/24/2022,56.902,1.443,1.3061,1.3941,2.0592,2.289,1.0665,1.311,1.1985,1.9125,1.4723,1.2914,1.4723,0.9491,0.8513,1.1545,1.2229,0.9198,0.7535,1.0469,0.8904,0.7682,1.3256,1.0371,0.6459,0.9393,1.1594,0.8855,0.7339,1.2523,1.0762,0.7095,0.5481,0.5383,0.5579,0.9393,0.9687,1.0909,1.2963,3.8027,1.5969,1.4039,1.5946,1.0469,1.3256,0.8171,1.2572,0.9149,0.6655
2/23/2022,66.3341,1.4384,1.5609,0.8667,1.6425,2.6459,2.2259,1.9109,1.3333,1.1,1.7884,1.8409,1.205,1.065,1.135,1.3217,1.1642,1.03,1.0242,1.4617,1.0883,1.1525,1.45,1.275,1.2867,0.9892,0.8608,2.0917,0.82,0.96,1.3392,1.1175,1.0242,0.5808,0.7675,0.855,0.96,1.0067,1.38,5.5674,2.291,1.135,1.2108,1.1233,1.5667,1.4267,1.0183,1.0067,1.2225
2/22/2022,53.006,1.0353,1.1793,0.8373,1.3728,1.5438,1.2288,1.9174,1.5798,1.2513,1.0083,1.1658,1.1433,0.9498,0.9498,0.7742,1.2333,1.2558,1.1163,1.2378,0.9093,0.6887,0.6302,0.7517,0.9813,0.9588,0.7247,1.0938,0.7922,0.9138,1.0308,0.8958,0.5087,0.6617,0.8373,0.7742,0.9588,0.8733,0.6707,4.6597,1.934,1.3683,0.9363,0.9723,0.8238,0.9588,1.1748,0.7247,1.0173
2/21/2022,54.0308,0.9446,0.8801,1.2806,1.8376,2.3347,1.6259,1.4003,1.8744,1.4003,1.6995,1.5568,0.8157,0.8249,1.0367,1.1517,1.2714,0.9768,1.2898,1.2484,1.1655,0.7375,1.2852,1.2622,1.1747,0.9814,0.9952,1.4739,0.65,0.9216,0.8341,0.6592,0.6592,0.7421,0.8617,0.5994,0.9354,1.0321,0.8617,2.0497,0.9074,1.0044,1.2024,0.6454,1.1609,0.9906,0.719,1.0643,1.0044
2/20/2022,67.5646,0.935,1.4771,0.8636,2.1978,2.031,2.0429,2.1085,2.3229,2.0132,2.0013,1.894,1.0959,1.0184,0.9112,1.4354,0.9767,1.084,1.5843,1.1257,1.0184,1.1495,1.4413,1.5903,1.215,1.0244,0.9887,1.8106,0.935,1.6022,1.1793,1.0661,0.6432,0.6491,0.6611,0.6849,0.9231,1.4235,1.1614,5.8908,2.4182,1.1554,1.0601,1.4235,0.9589,0.9887,1.495,0.9053,0.9827
2/19/2022,79.355,1.608,1.2156,1.6723,2.9424,2.1432,1.658,1.9149,1.8578,2.029,2.0647,2.0576,1.3012,1.1014,1.2441,1.7507,1.2441,1.2513,1.5866,1.7722,1.7507,1.5224,1.5153,1.7365,0.923,1.5438,1.1799,1.1799,1.1371,1.3369,1.4439,0.8588,1.0229,1.13,0.9016,0.9587,1.2798,1.9363,1.501,7.5206,3.0593,1.0015,2.0718,1.3726,1.0087,1.13,2.0005,1.3298,1.5866
2/18/2022,40.2926,0.8319,0.9772,0.5671,1.4681,0.9352,1.5068,0.777,1.0902,0.7964,0.6995,1.2323,0.9481,0.5671,0.6898,0.89,0.693,0.7286,0.8287,0.8933,0.6769,0.819,0.6414,0.6963,0.932,0.5316,0.6349,0.5929,0.5057,0.9094,0.6543,0.6446,0.6575,0.3992,0.4282,0.5025,0.6414,0.7382,0.9255,3.5226,1.4867,0.8706,0.7415,0.7673,0.6091,0.7576,0.6414,0.6801,0.5639
2/17/2022,40.9078,0.8873,0.7788,0.8413,1.5093,1.2888,0.861,0.9466,1.1078,0.5385,0.7228,1.3316,0.6109,0.7393,0.68,0.7064,0.7788,0.8841,0.7853,0.6932,0.8939,0.5583,0.8479,0.657,0.6438,0.5649,0.7129,1.1802,0.6175,0.8873,0.8643,0.6274,0.6208,0.6504,0.6175,0.6241,0.6537,0.6307,0.6899,3.3716,1.4273,0.7261,0.499,0.8413,0.8742,0.7985,0.6866,0.782,0.6669
2/16/2022,57.1069,0.9278,1.4876,0.7756,1.2961,2.0818,1.2372,1.6104,1.6644,1.7774,1.1439,0.8591,1.193,1.1488,1.0064,1.0457,0.8542,1.139,0.9426,1.0015,1.0702,0.8296,1.3354,0.8738,0.751,0.6381,0.8984,1.743,0.8001,1.6546,1.0408,0.9573,0.7854,0.7216,0.5792,0.8885,0.9475,1.1439,1.0948,4.84,2.0049,0.7609,1.3059,1.0751,1.0359,1.0211,0.8296,1.1095,1.1783
2/15/2022,75.7665,1.2442,1.6236,1.1222,2.9315,3.433,1.4203,2.0099,2.8909,1.2238,1.9421,1.2577,1.5694,1.1561,1.2645,1.1696,1.5084,1.583,1.007,1.3932,1.3119,1.6236,0.8308,1.2577,1.1561,1.5152,1.5627,0.9324,0.9392,2.4843,1.2374,1.1154,1.1832,0.8172,1.129,0.9595,1.2984,1.705,0.9053,5.9641,2.447,0.9595,1.3594,0.946,1.8066,1.2984,1.9693,1.6914,1.6101
2/14/2022,98.7326,1.6637,1.9178,2.0902,3.5419,3.2062,2.2717,3.3695,2.9975,2.6346,2.7435,2.2263,1.2917,1.8634,1.1647,1.8452,1.5821,2.2717,2.2081,2.1356,2.2807,1.4823,1.5095,1.9269,1.4369,1.6275,2.0358,2.6164,1.446,1.7726,1.9178,1.5549,1.2192,1.4097,1.1466,1.5458,1.7545,1.9722,1.5277,6.9846,2.8485,1.6456,1.6456,1.6275,2.3896,1.8543,1.2101,2.2263,1.0921
2/13/2022,73.2032,1.086,1.6794,1.6272,2.2141,1.7511,2.7422,1.7446,2.1554,2.3119,1.7315,2.1228,1.1317,1.4186,1.0208,1.0469,1.6533,1.5685,1.6337,1.3012,1.3077,1.1773,0.7926,0.9947,0.8904,0.7926,0.9035,1.9272,1.0339,1.8489,1.4447,1.1773,1.1121,0.7665,0.7861,1.1382,1.0991,1.0143,1.2816,6.1379,2.5154,1.3599,1.0274,1.4707,1.7446,1.073,1.9206,1.6337,0.8904
2/12/2022,62.4381,1.5331,1.1357,1.3534,1.925,2.3061,2.1537,1.3915,2.2843,1.1738,1.6256,1.8869,0.9016,0.809,0.8853,1.0377,1.3589,1.0976,0.9615,1.0812,1.4732,1.103,0.809,0.9887,1.2718,1.2718,1.152,1.4187,0.9342,1.8161,1.1901,0.9996,0.7981,0.6403,0.76,0.6348,0.9724,0.8308,1.005,4.2026,1.7542,1.1574,1.6528,1.299,0.9832,0.9342,1.2282,1.2554,0.9996
2/11/2022,69.4097,0.9834,1.7326,1.5238,2.6906,1.6466,1.3089,1.6221,1.8554,1.8677,1.1676,2.0028,1.2598,1.2291,0.8483,1.1676,1.1431,1.2475,0.965,1.1492,1.3826,1.1247,0.8913,1.1738,1.6037,1.1308,1.2782,1.9537,0.8238,1.5607,1.2352,1.0448,0.7439,1.1001,0.965,0.7501,1.0325,1.2659,1.1247,6.7292,2.748,1.4563,1.5607,1.3764,0.8606,1.1676,1.2536,1.2413,1.4194
2/10/2022,58.1319,1.5102,1.054,1.3347,1.5904,2.1068,1.8461,1.6004,1.7107,1.6004,1.5403,1.5904,1.0891,1.1743,1.1142,1.1342,1.3197,1.2194,1.3448,1.2194,0.9237,1.1392,1.2595,1.5553,1.0791,0.7432,1.0941,0.7332,0.8084,1.1593,0.9287,0.5326,0.7582,0.6179,0.668,0.7332,1.049,1.2094,1.2295,2.6924,1.1602,1.2545,1.5553,1.1543,0.6529,1.2395,0.9437,0.8384,1.3197
2/9/2022,63.2584,0.9569,1.6421,1.0895,1.8742,2.808,1.725,2.0399,2.0565,2.062,1.8686,1.4266,1.211,1.1503,0.9292,1.3437,0.979,1.1668,1.3105,1.305,1.0563,1.1005,1.2276,1.5923,1.4708,0.8519,0.9734,1.5094,0.8298,1.3105,0.9071,0.559,0.7193,0.9016,0.6529,0.7635,1.1558,0.8629,1.4045,3.728,1.5675,1.5039,0.6861,1.2387,0.8077,1.515,1.2,1.3105,0.9071
2/8/2022,61.1051,1.6005,1.2925,1.4784,2.3546,2.2909,2.2378,1.8448,1.4146,2.0519,1.6855,1.9722,0.7774,1.0854,1.1438,1.1013,0.8677,1.1385,0.9473,1.0748,1.2978,1.2659,0.8623,1.2819,1.5899,1.0057,1.1969,0.9951,0.788,1.0057,0.9314,0.9579,0.6446,0.8199,0.7296,0.7455,1.0641,1.0588,1.0004,3.2081,1.363,1.4412,1.5049,0.8305,0.7243,0.8995,0.8464,1.4093,1.2766
2/7/2022,77.5094,2.0087,1.3066,1.4387,2.0434,2.9609,2.1338,1.8488,2.2589,0.9521,2.238,2.7385,1.8349,0.9938,0.966,1.2649,1.2024,1.8279,1.3622,1.7723,1.3205,1.0772,1.6194,0.9799,1.0286,1.1607,1.6403,1.5777,0.9174,2.0782,1.4943,0.6949,1.2441,0.7783,1.2302,0.8896,1.105,1.9044,1.1607,6.6819,2.7294,1.543,1.0077,1.2441,0.8757,1.4526,1.9461,1.682,1.2927
2/6/2022,88.2744,1.3547,1.4832,1.1219,2.0451,2.9442,2.3822,2.5508,2.0531,2.888,2.7033,2.2056,2.1896,1.138,1.0979,1.1219,1.1139,1.8123,2.1173,1.3547,1.9006,1.7802,1.2504,1.2905,2.1495,1.8284,1.6196,1.7962,1.1862,1.3949,1.6437,0.8972,1.3868,0.9534,1.435,1.0015,1.2423,1.1059,1.8765,7.6851,3.124,1.2905,2.4304,2.0772,1.2423,2.1254,1.4671,1.4832,1.9327
2/5/2022,86.3265,1.9682,2.1013,1.8585,2.4538,3.5347,3.3232,1.7645,3.2606,3.0099,2.0935,2.2267,1.3572,1.7724,1.2867,1.3337,1.9525,1.5609,2.117,1.9134,1.5217,1.5844,1.4747,1.2554,1.0439,1.0361,1.4434,2.0778,1.2006,1.553,1.5296,1.2946,0.8951,0.9891,0.8716,1.3102,1.5217,1.3729,1.6705,5.018,2.0749,2.2188,1.835,1.0048,1.3807,1.6549,1.3181,1.6314,1.6549
2/4/2022,57.1071,1.2716,0.864,1.3698,1.9296,2.018,1.9296,1.5269,2.0769,1.9443,1.3649,2.0769,1.0162,1.0653,1.1144,1.0948,1.2765,0.9033,1.301,1.0162,0.9917,0.9524,0.9917,1.3698,1.2274,0.9524,0.8001,1.6301,0.7707,0.9671,1.0408,0.643,0.864,0.6135,0.6234,0.8984,0.9229,0.7314,0.8836,2.6725,1.1523,0.9573,1.0948,0.9573,0.7265,1.3649,0.9524,0.9769,1.2176
2/3/2022,80.2775,1.4893,2.1398,1.3448,2.2772,2.5301,2.8482,1.8218,1.9302,1.2436,1.3882,1.3882,1.7279,1.4171,1.2436,1.2725,1.8941,1.0412,1.7062,1.7929,1.5255,1.2075,1.0051,1.1713,1.9953,1.2581,1.3809,2.1037,1.1135,1.7351,1.193,0.9039,1.1424,1.1424,1.1135,1.0485,1.1207,1.099,1.2508,9.3016,3.7598,1.0629,1.7134,1.5255,0.9328,1.099,0.9762,1.4749,1.4243
2/2/2022,70.4355,1.3717,1.7338,1.2343,2.252,3.2572,2.046,2.3144,1.4403,1.2156,1.303,1.1906,1.1594,0.9346,1.022,1.1032,1.5902,1.2281,1.6464,1.2406,1.4154,1.5715,1.6526,1.6152,1.765,1.3904,1.4466,2.1896,1.047,1.3404,1.484,1.1469,0.6599,1.0345,0.841,0.6911,1.2468,1.4216,0.9908,3.8635,1.6208,1.8337,1.6339,1.0283,1.5777,0.9596,0.9721,1.6714,1.0408
2/1/2022,80.0725,1.2117,1.464,2.091,2.646,2.646,2.4081,1.5505,2.7036,2.3793,1.9324,2.3649,1.7306,1.1973,1.673,1.0099,1.3342,1.5865,1.9613,1.2694,1.1829,1.0387,1.4063,2.1198,1.9108,1.5793,1.2694,1.4784,1.0532,1.3919,1.2838,1.0387,1.327,0.8658,1.2045,1.1541,1.4279,1.2117,1.3126,5.5876,2.299,1.8171,2.1991,1.2838,1.2622,1.3775,1.082,1.118,1.6297
1/31/2022,11.073,0.2472,0.226,0.206,0.2496,0.2656,0.253,0.2398,0.2552,0.2407,0.214,0.2524,0.245,0.2303,0.2333,0.218,0.2054,0.2294,0.2435,0.2189,0.2171,0.2143,0.2137,0.2438,0.202,0.2072,0.2281,0.2005,0.2091,0.2601,0.2235,0.1894,0.21,0.2017,0.2011,0.2088,0.2189,0.2389,0.2011,0.4478,0.2773,0.2364,0.2367,0.2266,0.23,0.2072,0.202,0.21,0.2364
1/30/2022,80.2774,1.2942,1.1496,1.9881,2.5518,3.0722,2.3928,3.0578,2.0387,2.5663,2.082,2.1543,1.7134,1.2581,1.6556,1.3014,1.5905,1.6122,1.8652,1.4315,1.7351,1.099,1.511,1.7134,1.6122,0.9906,1.4604,1.3014,1.2075,2.2916,1.4388,1.1569,0.8822,1.0123,1.0846,1.3303,1.3159,1.7568,0.9328,4.2024,1.7541,1.0629,2.2555,0.8967,1.7568,1.7134,1.5038,1.3231,1.2002
1/29/2022,76.2793,1.3138,1.7234,1.4435,1.7234,3.0549,2.3038,2.2901,2.932,2.256,1.1499,2.2628,1.4162,1.5049,1.5459,1.3342,1.266,1.2455,1.4845,1.1294,1.3411,1.0202,1.2523,1.1567,0.8358,0.8836,1.382,1.1977,0.986,1.0406,1.1704,0.8017,1.0133,0.9314,0.9246,0.7129,1.0816,1.7712,1.266,7.674,3.1197,1.0065,1.7098,1.8395,1.0543,1.3411,1.4435,1.3547,1.5869
1/28/2022,83.3533,1.7265,1.734,1.8169,3.1959,2.578,3.2863,2.0505,2.1635,1.3874,2.0656,2.4876,1.2291,1.3422,1.2593,1.312,1.1086,1.832,1.4251,1.9751,1.9751,1.3045,1.7566,1.3573,1.3648,0.9729,1.5607,1.9676,1.086,1.9073,1.312,0.8976,1.1764,1.2894,1.0106,1.2593,1.2367,1.6813,1.847,6.1859,2.5343,2.0279,1.4326,1.3196,1.734,1.6059,1.0408,1.5004,1.0332
1/27/2022,77.7146,1.5888,1.5819,1.059,2.2999,3.4642,1.5191,1.9374,2.3069,1.7422,1.3379,1.9723,1.4564,1.2333,1.1496,1.4355,1.0032,1.4355,1.3658,1.6795,1.554,1.2472,1.0172,1.0799,1.7074,1.4634,1.2612,2.1187,0.9893,1.6167,1.1287,0.7453,1.059,1.1636,0.7523,1.1775,1.2263,1.5679,1.4146,7.2815,2.9652,1.3379,1.9444,1.7283,0.8917,1.3309,1.8259,1.3518,1.1984
1/26/2022,78.0226,2.0293,1.098,2.1063,1.7072,3.1286,2.4564,1.5041,1.5531,2.4494,1.8612,2.8695,1.203,1.133,1.5951,1.3921,1.4271,1.231,1.4341,1.5251,1.189,1.196,1.147,1.154,1.371,0.8459,1.5041,1.126,0.9649,2.0152,1.168,0.7829,1.245,0.7198,0.8949,1.0349,1.126,1.252,1.7352,7.4486,3.031,1.3851,0.9509,0.8529,1.8752,1.4901,2.0783,1.329,1.4061
1/25/2022,80.2775,1.6411,1.9013,1.5472,2.335,3.4264,2.588,3.1734,1.7351,2.4145,2.6386,2.6819,2.1471,1.1063,1.3882,1.4893,1.2942,1.4388,1.4098,1.6411,1.2219,1.5399,0.9689,1.8724,1.1641,0.8316,1.5833,1.193,1.1207,1.5544,1.4315,0.7449,0.7449,1.2581,0.9689,1.0701,1.4604,1.8001,1.3592,4.4255,1.8419,1.605,2.1398,1.0629,1.7785,1.0774,1.1569,1.605,1.699
1/24/2022,97.6045,1.8871,2.2993,2.138,2.3978,3.3028,2.577,4.0197,3.4193,2.7473,1.448,1.8154,1.7975,1.5555,1.9767,1.5107,1.224,1.9498,1.457,2.1648,1.9408,2.1469,2.3351,1.8871,2.3799,1.3763,1.224,2.4695,1.3405,2.3709,1.4301,1.224,0.8835,1.1344,1.4928,1.4032,1.3315,1.9677,1.5018,6.321,2.5875,1.7527,2.3261,1.6272,1.5645,2.3172,2.2545,1.5555,1.7706
1/23/2022,87.557,1.3918,1.5828,1.8374,2.267,3.6194,2.9671,2.3067,3.4046,1.3918,1.4555,2.1079,2.3943,1.368,1.8215,1.3362,1.3839,1.4237,1.9965,1.8612,2.084,1.1452,1.4714,1.8135,0.9622,1.1134,1.5987,0.9861,1.0418,2.8239,1.7021,0.7236,0.7395,1.2884,0.9781,1.3521,1.4634,1.8055,1.4396,6.8985,2.8146,1.2646,2.0919,2.084,1.9328,1.9567,1.0497,1.1134,1.901
1/22/2022,75.356,0.9884,1.1433,1.076,1.992,3.393,1.7697,1.6081,2.8205,1.1972,1.5744,2.0459,0.9817,1.2511,1.4666,0.9749,1.7765,1.4801,1.3185,1.6889,1.7361,1.0019,0.8537,2.0459,1.8034,1.5609,1.4666,1.8371,0.9615,1.2915,1.3387,1.177,1.1501,0.7325,1.2376,1.1972,1.0827,1.0962,0.9345,7.355,2.9942,0.9345,1.992,0.9076,1.0221,1.3656,1.1366,1.4666,1.1299
1/21/2022,76.7919,1.7833,1.5494,1.3912,2.2855,3.049,2.7051,1.8452,2.2511,1.9346,1.6182,2.5675,1.9621,1.0954,0.9578,1.0885,1.1573,1.5356,1.687,1.1985,1.3774,1.2811,1.8039,1.398,1.4462,1.2467,1.6182,1.2949,1.1366,1.969,1.5838,0.662,0.7996,1.0266,0.944,0.944,1.0678,1.1022,0.9715,5.5531,2.2854,1.1229,1.4049,1.6457,1.2329,1.8589,1.7626,1.3086,1.2811
1/20/2022,62.5404,1.6774,1.552,1.3284,1.9938,1.5356,1.2084,2.5065,1.6065,1.5684,0.9902,1.9283,1.1157,1.2029,0.8648,0.8702,0.8484,1.4102,1.3066,1.432,1.3229,1.1593,1.4975,1.4647,1.4702,1.1048,0.8811,0.7175,0.9302,1.1757,0.8975,0.5375,0.5866,0.6412,0.7448,0.6357,1.1102,1.4484,1.3011,5.1144,2.1128,1.4593,0.7012,0.8975,0.783,1.5356,1.6611,0.8866,0.8157
1/19/2022,79.9698,1.7428,1.9227,1.2318,2.8799,3.0815,2.7144,1.9443,2.3114,1.822,1.1455,2.5345,1.2822,1.5629,1.3974,1.0159,1.7068,1.9083,1.2606,1.1886,1.5989,1.4333,1.786,2.1458,1.7572,0.8072,1.1023,2.4769,1.0951,2.6208,1.2318,0.764,0.7424,1.1742,0.9152,0.9943,1.3326,1.4405,1.4405,4.8516,2.0095,1.5485,1.6924,1.5125,1.7212,1.2102,1.3614,1.1814,1.3686
1/18/2022,93.606,1.3566,1.3737,2.1698,2.5893,3.0002,3.5738,3.6594,2.127,1.9045,1.6905,1.5278,1.7761,1.699,1.7161,1.7846,1.1854,1.5278,1.8702,1.562,2.2298,1.3223,2.0072,1.2881,1.2111,1.3652,1.7675,2.0928,1.2196,1.2795,1.9644,0.7745,1.5021,1.1255,1.0998,1.1768,1.408,1.8274,2.2383,10.169,4.101,2.2041,1.3309,1.485,1.0313,1.6134,1.1255,1.8873,1.6648
1/17/2022,77.9195,1.2085,1.9147,1.1525,2.0685,3.0753,1.6909,2.8726,1.9356,2.2712,2.3761,1.2155,1.649,1.0826,1.2854,1.0197,1.8028,1.4951,1.7119,1.3553,1.7468,1.3553,0.9218,1.5161,1.3203,1.1875,1.0896,1.1875,1.1246,2.5299,1.607,0.6281,1.0197,0.8099,0.754,1.0686,1.3973,1.9147,1.2294,6.4493,2.6379,0.9847,1.642,1.5371,1.4602,1.0546,1.3623,1.8238,1.3763
1/16/2022,80.5853,1.2337,1.4369,1.7998,2.7725,2.591,1.6692,1.4877,3.0556,1.0159,2.5112,2.4458,0.9796,1.5676,0.9724,1.074,1.3353,1.2845,1.7272,1.6982,1.2264,1.7998,1.7418,1.4006,1.1466,1.2119,1.6256,1.5313,1.0449,1.3788,1.5893,1.2482,0.7111,1.0014,0.9796,1.0159,1.1901,1.1321,1.2119,8.9393,3.6174,1.0304,1.6111,0.9216,1.7998,1.9523,1.0377,1.1248,1.7055
1/15/2022,73.3063,1.4271,1.8124,1.7405,2.6744,2.7201,2.4001,1.6099,1.9234,1.2965,1.0548,2.6418,1.832,0.8916,0.8981,1.2312,1.7014,1.7209,1.7797,1.5642,1.7536,1.6295,1.2834,1.5316,1.7863,0.9112,1.2246,2.1977,1.0352,2.1585,1.192,0.761,1.1528,0.774,0.7479,0.872,1.2116,1.6622,1.5903,3.2695,1.3871,0.9046,1.5512,1.303,1.4075,1.734,1.3683,0.9438,1.0418
1/14/2022,68.6921,0.9193,1.0588,1.0042,1.5747,2.7643,1.7386,1.5444,2.5944,1.0406,1.5808,1.1317,1.5504,0.9739,1.4837,1.1135,1.599,1.4837,1.1438,1.2045,1.5019,1.1438,0.7554,1.0528,1.0285,1.0224,1.2713,1.7386,0.8586,1.599,1.1924,0.6158,0.9617,0.6643,1.0588,0.9435,1.0953,1.4776,1.3077,6.2257,2.5499,1.6718,1.9207,0.901,0.7675,1.6718,1.4412,1.2773,1.4715
1/13/2022,67.3595,1.2767,1.7219,0.9265,2.6123,1.5557,2.1671,1.9059,2.4698,1.3776,1.621,1.431,1.6447,0.9443,1.158,1.3182,1.1936,1.2767,1.0867,1.3717,1.2292,1.2648,1.615,1.1876,1.6269,1.158,0.9146,1.7575,0.8909,0.9502,1.0392,0.8671,0.6831,0.7781,0.968,0.7484,1.2114,0.9027,1.1105,4.5462,1.8893,1.71,1.5082,1.0214,1.2114,1.4073,1.6922,1.431,0.9799
1/12/2022,70.2303,1.6166,1.598,1.4611,2.1518,2.9857,2.158,1.3988,2.3634,2.27,1.4673,1.4113,1.2246,0.8636,1.2184,1.5482,1.0503,1.4113,1.4175,1.3553,1.1126,1.3241,1.3179,1.3055,1.2432,0.9197,1.0503,0.8076,1.0566,1.3615,1.3802,1.0628,1.069,0.7205,0.789,0.9134,1.0877,1.4424,1.3615,5.3341,2.1993,1.0566,1.3677,1.3117,1.1623,1.3739,1.237,1.3179,1.5731
1/11/2022,56.7993,1.411,1.3232,0.8352,1.3671,1.8844,1.1622,1.738,2.0747,1.6794,0.8352,1.2598,1.4842,0.762,1.1524,1.2988,1.0939,1.1036,1.2988,1.1768,1.2842,0.8059,0.8889,1.4062,1.1524,0.7669,0.7767,1.6648,0.8108,1.7234,0.9621,0.6498,0.7669,0.7425,0.5571,0.6644,0.8694,0.7767,1.2256,3.3923,1.4355,1.411,1.4062,0.8938,1.0158,0.8157,1.4354,0.8743,0.6839
1/10/2022,46.0344,1.2012,0.8285,0.7068,1.0833,2.0494,1.5055,0.8589,1.2392,1.1289,0.8018,1.6196,0.8209,0.7372,0.8399,0.6535,0.8893,0.992,0.6269,0.7182,0.9844,0.6231,0.5888,0.7106,1.0338,0.8361,0.8855,0.6155,0.5508,1.3609,0.8247,0.5546,0.5394,0.5356,0.6839,0.741,0.8323,0.9426,0.7676,3.9855,1.6688,0.9159,0.5926,0.7296,0.6649,0.8209,1.167,1.0262,0.5508
1/9/2022,46.6491,1.2295,0.9628,0.9667,1.3455,1.9832,1.701,1.303,1.6237,1.1831,1.0633,1.0479,0.6189,0.901,0.7425,0.8624,1.0401,0.8701,0.843,1.0054,0.8198,0.7232,0.7155,0.6768,1.0595,0.5686,0.9242,0.7464,0.7116,0.7116,0.8855,0.673,0.5416,0.615,0.4565,0.7928,0.8005,0.7773,1.0595,3.265,1.3854,0.7889,0.5725,0.6305,0.9899,0.7851,0.7425,0.9822,0.9551
1/8/2022,53.0059,1.0533,1.1118,1.2423,2.0029,2.3945,0.9948,1.1298,0.9948,0.9858,1.2468,1.8634,0.8508,0.9858,0.8778,0.9948,0.7067,0.7472,1.0038,1.2198,1.0398,1.1433,0.8508,1.2423,1.2513,0.7877,1.0533,0.7517,0.6977,1.6159,0.8057,0.7652,0.8508,0.8102,0.6797,0.6347,0.9723,1.2513,0.7427,4.1073,1.7167,0.9228,0.6752,0.6797,1.0038,0.9093,0.6752,1.1478,0.8148
1/7/2022,73.6134,1.2952,1.3674,1.3543,1.971,2.5484,2.5025,1.4068,1.374,2.3319,1.5577,1.1312,1.8792,1.2559,1.4921,0.9409,1.269,1.5642,1.1771,1.5774,1.3477,0.9081,1.6102,1.0853,0.849,0.9737,0.9868,1.538,0.9015,2.3647,1.1312,1.1509,1.0721,0.9606,0.9278,0.9212,1.0065,1.1049,0.9343,6.91,2.8191,1.5577,1.7283,1.7086,1.7676,1.2034,1.4658,1.1377,1.5445
1/6/2022,60.5931,1.4973,1.4026,1.1239,1.8023,2.1179,1.2343,1.1817,1.6393,1.2027,1.7234,1.3237,1.1239,0.7715,1.0976,0.7767,0.7873,0.9766,0.9187,1.329,1.229,0.761,0.8504,1.4342,1.4447,1.1817,0.7294,1.7129,0.7715,1.9653,0.9503,0.6716,0.8977,0.5506,0.803,1.0187,0.9135,0.8083,0.8872,4.8056,1.9914,1.3447,1.5604,1.1502,1.4131,1.1081,1.1607,1.3184,1.1291
1/5/2022,59.0549,0.8968,1.0857,1.4226,2.0608,1.9281,1.9434,1.3103,1.9332,1.004,1.8566,1.4481,0.9529,1.1878,0.8457,1.2337,0.9427,1.0091,1.2337,1.4022,1.0244,0.9733,1.1316,0.8763,1.2337,1.152,0.9989,1.7494,0.8304,1.1418,0.9886,0.5138,0.9478,0.9631,0.9274,0.9835,1.0346,1.3562,0.9019,2.9661,1.2678,1.0346,1.6064,0.907,1.2541,1.3511,0.9938,1.3307,0.9172
1/4/2022,42.3432,0.8158,0.8432,1.0012,1.1592,1.1764,0.881,0.8158,0.8123,1.0768,1.0562,1.2519,0.7608,0.778,0.5479,0.5891,0.7883,0.7093,0.6887,0.7917,0.8432,0.802,0.5582,0.8741,0.7917,0.565,0.7505,1.2485,0.565,1.2931,0.7368,0.6028,0.4483,0.6475,0.6337,0.7093,0.7814,0.7574,0.6715,4.1079,1.7169,0.7951,0.5238,0.5753,0.5513,0.802,0.9669,0.8501,0.6303
1/3/2022,45.6245,1.2013,0.81,1.1298,1.4459,1.4083,1.4384,1.1186,1.6152,0.5881,1.0847,0.8853,0.5768,0.6483,0.8778,0.9455,0.8063,0.8439,0.6784,0.7047,0.7987,0.6746,0.6332,0.7649,0.5316,0.6972,0.9681,0.6407,0.5956,0.8477,0.6784,0.6934,0.5504,0.7122,0.5655,0.6558,0.6445,0.8288,0.9568,4.7085,1.9532,0.9417,0.8176,0.8251,0.8966,1.0433,0.7987,0.8364,0.558
1/2/2022,51.4681,1.2794,0.9013,1.0665,1.5229,1.775,0.9621,1.3099,1.2621,1.3142,0.9752,1.0447,1.0273,0.8317,1.036,1.0665,0.8274,0.6796,0.9187,0.8578,0.7926,0.7187,1.2273,1.2316,1.023,0.5796,0.797,0.8013,0.7709,1.0099,0.9534,0.7013,0.8665,0.7013,0.6839,0.7578,0.7752,0.7839,0.8752,5.9537,2.443,0.7578,0.7144,0.7665,0.6144,0.8535,0.9665,0.8448,0.8448
1/1/2022,49.7248,0.9177,0.7341,1.2766,1.264,1.3391,1.5561,1.748,1.1806,0.7508,1.3892,1.7939,1.1681,0.7383,0.901,0.8927,1.0971,1.1639,1.1764,0.876,1.1138,1.0429,0.9636,0.8051,0.9135,0.6006,0.8927,1.2056,0.6715,0.7884,0.7341,0.6382,0.6423,0.78,0.5672,0.634,0.8885,0.6757,1.0471,3.0505,1.301,0.9594,0.8885,0.7425,0.9845,1.1389,1.0804,0.9636,1.0471
12/31/2021,60.1587,1.1212,0.9751,1.6115,1.6115,1.2829,2.0131,1.7366,2.1852,1.1577,1.2463,1.3611,1.1107,1.1681,0.9334,1.3089,0.8865,1.3089,0.7978,1.3454,0.9908,1.3246,0.8917,1.0064,1.2881,1.2203,1.1629,0.923,0.7039,1.1994,0.9125,0.5318,0.8812,0.8291,0.5944,0.9543,0.996,1.1577,1.1107,5.8117,2.3871,1.4393,0.9647,0.8239,1.0586,1.142,0.9856,0.876,0.8291
12/30/2021,38.2933,0.8876,0.7331,0.6817,1.3148,0.8755,0.8846,0.7968,1.3632,0.8543,0.5696,1.1179,0.8876,0.6544,0.7241,0.7453,0.7301,0.6483,0.8392,0.8149,0.8786,0.8483,0.8634,0.7786,0.4666,0.6604,0.4969,1.1512,0.512,0.5544,0.6029,0.5332,0.4302,0.3848,0.4423,0.4908,0.7059,0.9301,0.6847,2.6974,1.1621,0.8574,0.6877,0.4999,0.6029,0.7331,0.8392,0.8392,0.8361
12/29/2021,36.7892,0.5524,0.6071,0.7568,1.2866,1.1829,1.0908,1.2405,1.3528,0.7972,1.0275,0.7223,0.8461,0.4891,0.6503,0.5006,0.7108,0.6129,0.659,0.6417,0.7568,0.8087,0.7597,0.6878,0.5956,0.5467,0.492,0.492,0.469,0.7511,0.6503,0.6302,0.6302,0.5985,0.4171,0.4373,0.6647,0.5927,0.8029,2.6688,1.1509,0.9181,0.8403,0.5093,0.4949,0.7309,0.8403,0.515,0.61
12/28/2021,36.7892,0.7972,0.8806,0.7425,0.8893,1.252,1.1714,0.7741,1.1455,0.5208,0.8317,0.682,0.7482,0.7165,0.6359,0.754,0.6187,0.6187,0.587,0.8605,0.7194,0.5784,0.8259,0.5237,0.6446,0.5841,0.4805,0.6647,0.4718,1.0476,0.5697,0.3624,0.397,0.5467,0.3999,0.4977,0.5927,0.5812,0.6762,3.2474,1.3784,0.7425,0.8547,0.8662,0.4805,0.8259,0.5927,0.7396,0.6705
12/27/2021,51.3663,0.995,0.9776,0.9039,1.1207,1.5804,1.6324,1.9967,1.0123,1.5717,1.5414,1.2855,1.1511,0.7087,1.0557,0.7434,0.8215,0.7868,0.7911,0.9256,1.1988,0.7955,0.7001,1.1424,0.9993,0.9212,0.7868,1.3332,0.7218,0.7391,1.0427,0.5266,0.5353,0.5483,0.7174,0.8432,0.8085,0.7001,0.9603,4.2096,1.7569,1.1251,0.9126,0.8519,0.9169,0.7391,1.0297,1.1164,1.086
12/26/2021,60.6208,1.6032,1.3243,0.977,1.7558,2.3662,1.94,2.1189,1.4243,1.6506,1.3822,1.4927,1.0665,1.0244,1.0349,1.2559,1.1454,0.8244,1.2822,1.2559,1.398,0.8402,1.398,1.5664,1.0454,1.077,1.2454,1.7085,0.8455,0.9034,0.9981,0.6034,0.5561,0.9139,0.5771,0.7771,0.9349,1.3717,1.1875,3.5241,1.4873,0.8402,0.7087,1.4506,0.7034,1.3664,1.0875,1.2822,1.298
12/25/2021,50.6719,1.0286,1.1908,1.2463,1.3017,1.7327,1.562,1.6815,1.0628,1.5236,1.1865,0.8494,0.9134,0.8153,0.6489,1.0798,1.0841,1.1439,1.0542,0.9433,1.0414,0.6958,1.1695,0.8537,0.7683,1.0329,0.6745,1.434,0.619,1.5706,1.0286,0.5721,0.5891,0.4867,0.6574,0.5721,0.7641,1.2164,0.6958,3.1986,1.3593,1.1353,0.9604,0.9305,0.8366,1.0756,0.7214,0.9305,1.0329
12/24/2021,44.656,0.6432,1.1161,1.1857,1.0354,1.9848,0.8411,1.6732,1.5706,0.8521,1.1784,1.2883,0.6615,0.5699,0.7128,0.6542,0.6029,0.8118,0.6908,0.7605,0.7202,0.8155,0.8228,1.0721,0.9584,0.8155,0.8961,1.3873,0.6689,1.2957,0.7605,0.4453,0.4599,0.4379,0.4929,0.6762,0.6945,0.9035,0.6652,3.2473,1.3784,0.6432,0.7422,0.9914,0.6139,1.0831,0.5845,0.8155,0.7348
12/23/2021,50.0937,0.9454,0.836,0.7476,1.2737,1.8588,1.7199,1.7536,1.2232,1.2106,1.0759,1.0043,0.8654,1.017,0.7476,0.6634,0.7097,0.958,0.836,1.1138,1.0801,0.8317,1.1559,0.8402,0.9707,0.7391,0.7518,1.56,0.6381,1.4842,0.9917,0.5708,0.4908,0.6129,0.6718,0.7265,0.7602,1.118,1.0548,3.8463,1.614,1.0296,0.5918,0.7854,0.697,0.9622,1.1348,1.0464,0.777
12/22/2021,49.1675,1.1712,1.2412,1.237,1.2494,1.6158,1.5581,1.871,1.5746,0.8418,0.9653,1.1423,1.1506,0.8459,0.9859,0.92,1.0394,0.8089,0.8254,0.8089,0.8254,0.6483,0.9694,1.1094,0.603,0.9447,0.6442,0.99,0.6524,1.3852,0.9694,0.4878,0.5701,0.6689,0.7636,0.7307,0.7718,0.7513,0.7842,2.9115,1.2463,1.0394,0.636,1.1629,1.0353,1.1465,0.9694,0.9447,0.953
12/21/2021,63.9761,0.9391,1.6836,1.6612,2.2434,1.5773,1.6836,2.3273,1.3254,1.4597,2.0922,1.6724,1.3086,1.0567,0.9783,1.1183,1.2134,0.8944,1.5493,0.9447,1.2806,1.3646,1.1071,1.3478,0.9335,0.8384,0.844,1.5493,0.8552,1.2414,0.9559,0.9391,0.7712,0.816,0.9727,0.9335,1.0791,1.2022,0.9056,5.554,2.2857,1.2302,1.2638,0.732,0.844,1.0119,1.1015,1.2694,1.0175
12/20/2021,75.0825,1.4278,1.5553,1.9242,2.4206,2.7963,1.5687,2.689,2.0114,2.1456,2.0986,1.2601,1.1058,1.193,1.3205,1.2266,1.7834,1.3138,1.1125,1.6358,1.6559,0.9784,0.9247,1.0522,1.2601,0.9851,0.9046,2.0181,1.0253,2.0919,1.4211,0.8912,0.7905,0.918,1.1863,0.871,1.3473,1.7297,1.1259,5.477,2.2555,1.3071,1.7834,1.401,1.7431,1.7699,1.3071,0.9784,1.2937
12/19/2021,69.9919,1.8157,1.4685,1.8962,2.7207,2.1504,2.1752,1.2515,2.1628,1.2515,1.6173,1.6235,1.4003,1.3445,1.1585,1.4189,1.4809,1.5243,1.4437,1.0903,1.2453,1.0965,0.9354,1.1337,1.3445,1.3135,1.0222,1.3135,0.923,1.6421,1.0965,1.016,0.706,0.8858,0.8114,0.768,1.2391,1.6483,0.9044,6.0974,2.4995,0.9106,1.6979,1.1585,0.892,1.3073,1.3507,1.1275,0.9106
12/18/2021,79.7096,1.8088,1.6726,1.0128,2.6191,2.447,2.0598,1.9451,3.157,1.5794,2.1602,2.4327,1.9522,1.5435,1.3427,1.3642,1.4359,1.063,1.0917,1.4861,1.7586,1.4216,1.7801,1.8088,1.7945,0.8623,1.1419,2.404,1.1061,1.1921,1.6869,1.02,0.7188,0.9483,0.9913,0.8479,1.3786,1.9307,1.0128,5.7044,2.3449,1.0559,1.5794,1.0989,1.4431,1.6224,1.9666,1.4001,1.5148
12/17/2021,74.1565,1.1392,1.728,2.0124,1.7875,3.5671,2.6674,1.5229,2.5152,2.4028,1.2318,2.4689,1.2649,1.2119,1.4898,1.0069,1.3773,1.761,1.0267,1.2119,1.4964,1.2847,0.9804,1.589,1.9397,1.2979,1.1987,1.8206,0.9076,1.814,1.556,0.6827,0.9473,1.1855,1.1656,0.815,1.0929,1.503,1.1127,2.5787,1.1154,1.8735,1.675,1.6221,1.2252,1.7412,1.589,1.3707,1.5824
12/16/2021,66.8683,1.5913,1.1262,1.1498,2.0799,1.868,1.4441,1.9857,1.6148,2.2447,2.1741,1.085,0.8142,1.2675,0.9378,1.1674,1.4735,1.3146,1.0261,1.3558,1.0674,1.45,0.8437,1.3676,1.4088,1.1792,1.2498,1.7031,0.9908,1.9092,1.0732,1.1027,0.7436,0.6847,0.8554,0.7612,1.2028,1.3381,1.3146,5.3592,2.2091,0.9967,1.138,0.9908,0.8554,1.556,1.4029,1.244,1.1498
12/15/2021,72.8841,1.0296,1.4708,1.1918,2.0029,1.7174,2.8139,1.9964,2.23,1.8147,1.5811,1.7758,1.5747,1.2502,0.8739,1.088,1.3086,1.3735,1.38,1.0945,1.1918,1.0491,0.7831,0.9647,1.3216,1.4514,1.3281,1.6331,1.0167,1.4644,1.406,0.7117,0.8285,1.1789,1.0037,1.2113,1.0296,1.646,1.2892,7.3287,2.9838,1.2567,1.9121,1.2567,1.4903,1.6914,0.9842,0.9907,0.9128
12/14/2021,73.1156,1.4234,1.6513,1.176,2.0615,2.335,1.7294,1.2867,1.6318,1.8206,1.0132,1.2736,1.9118,1.3843,0.9936,1.1174,1.6774,1.1629,1.4039,1.3583,1.7425,1.0457,1.3257,1.8271,1.3583,1.4234,1.1304,0.9806,1.1043,2.1918,1.0522,0.655,0.6876,0.8178,1.0783,0.8178,1.3257,1.2997,1.6643,6.9804,2.8468,1.0913,1.2215,1.749,1.215,1.7099,1.7946,1.3062,1.2606
12/13/2021,73.2315,1.4191,1.8301,1.6735,2.2606,2.7564,1.9149,2.9651,1.817,1.7453,1.2038,1.1582,1.4517,1.3408,1.3995,1.6213,1.6866,0.956,1.0408,1.7126,1.4061,1.5561,0.7994,1.9866,1.7518,1.1582,1.1517,0.9625,0.8516,1.5691,1.0473,0.5907,1.0082,0.9625,0.9364,0.8777,1.1451,0.9038,1.4322,5.5037,2.266,1.7583,1.4452,1.7844,1.0603,1.7387,1.3539,1.1517,1.119
12/12/2021,71.0331,1.8055,1.6164,1.5408,2.6754,2.9716,1.9946,1.2697,1.6416,1.9505,2.3287,2.0892,1.213,1.2571,1.3643,0.942,1.5912,0.9924,1.0302,1.503,1.5471,1.4336,1.7047,1.9127,1.8118,0.9987,1.3769,1.7362,0.9105,1.3454,1.503,0.86,1.1689,1.0428,1.0176,1.1689,1.1878,1.1374,0.8285,2.7453,1.181,1.6606,1.1563,1.213,1.5786,1.005,1.6606,1.2887,1.0743
12/11/2021,66.5212,1.0445,1.2376,1.5829,1.9808,1.4073,2.2208,1.7467,2.4783,1.3781,1.2083,1.5419,1.0972,1.1615,1.2376,1.0972,0.9274,1.5244,1.5419,1.0503,1.103,0.9801,1.0796,1.103,0.7811,0.8689,1.1908,1.3312,0.9626,2.0276,1.3722,0.8806,1.0269,0.8923,0.7811,0.787,1.0035,0.904,1.1615,6.0132,2.4664,1.103,1.46,1.5361,1.5478,0.9509,1.4951,1.3898,0.8572
12/10/2021,75.5452,1.4095,1.3284,1.0042,2.0039,3.598,2.1728,1.6662,2.3551,2.497,1.4838,1.0718,1.4095,1.3487,1.4298,1.1191,1.0988,1.7607,1.0448,1.1258,1.5378,1.45,1.1528,0.9502,1.9228,1.3014,1.4838,2.0444,0.8826,1.7472,1.1055,0.9705,1.1866,0.8556,0.9367,1.0245,1.1596,1.3622,1.423,6.5026,2.6589,1.6594,1.3622,1.2677,0.8151,1.7405,1.8283,1.1326,1.1528
12/9/2021,90.8162,1.8064,2.4027,1.9389,3.4793,2.6677,2.5352,2.7837,1.7733,1.823,1.7485,2.1128,1.7733,1.5083,1.6408,2.0383,1.6408,1.6159,1.4834,1.8561,1.4172,1.4586,1.4006,2.146,2.3447,1.4338,1.9224,1.8975,1.1356,1.4172,1.7319,0.9203,0.8375,0.9286,0.9203,1.028,1.3095,2.2454,1.8313,7.1921,2.9301,2.1211,2.3779,1.9058,1.0445,1.3012,1.293,1.7485,1.9472
12/8/2021,85.9573,1.7726,1.5309,2.061,3.0433,2.2871,2.1234,2.2091,2.7548,1.1022,1.4452,2.2715,2.178,1.375,1.8583,1.1022,1.8505,1.4763,1.5933,1.757,2.0688,1.5933,1.1177,1.4296,2.178,1.3906,1.0788,2.6457,1.1177,2.7003,1.3438,1.032,0.7513,1.0476,1.1723,0.8761,1.2893,1.2503,1.1333,7.7367,3.1443,1.9441,1.4452,1.375,1.0398,1.8973,1.5387,1.7414,1.0866
12/7/2021,78.0906,1.8558,1.8979,1.5054,1.7858,2.8722,1.6596,3.1805,2.7039,2.3605,2.5638,1.7717,0.9517,1.1199,1.4073,1.1269,1.4283,1.1619,1.8699,1.3302,1.5474,1.5965,1.0708,1.9259,0.9307,1.6035,1.5615,2.4446,1.1269,1.961,1.4563,0.8606,0.8536,1.2461,1.169,1.0568,1.3512,1.7297,1.2951,3.5018,1.4785,1.6105,1.8629,1.1199,1.4493,1.0919,1.5895,1.4143,1.6316
12/6/2021,80.9829,1.3855,2.035,1.3271,2.0131,2.1445,1.8307,1.4949,1.8599,2.2248,1.7066,1.6993,1.2395,1.276,1.0935,1.1227,1.619,1.6993,1.4585,1.7577,1.7869,1.0206,1.0717,1.9401,1.8088,1.4731,1.0498,1.1446,1.0644,1.6993,1.2614,1.0935,1.2468,0.8454,0.7943,1.3198,1.4074,1.4585,1.8307,9.7207,3.9247,1.8891,1.1373,1.0279,1.6409,1.5241,1.0571,1.4731,1.2833
12/5/2021,77.396,1.0341,1.6795,1.6864,2.8731,2.8454,1.4505,3.1021,1.624,1.4713,1.1452,2.7551,1.3672,1.0619,1.5268,1.5823,1.8252,1.4991,1.4366,1.3325,1.1313,1.0133,1.1313,1.3117,0.8745,1.4158,1.0827,2.082,1.1174,1.8738,1.2076,0.9023,1.1382,0.7912,0.701,1.2631,1.1313,1.2978,1.7628,5.8644,2.4078,1.5338,2.1583,1.5685,1.8391,1.1382,1.7489,1.6726,0.937
12/4/2021,56.109,1.379,1.2299,1.0615,1.3213,1.3646,1.3935,1.6532,2.0574,1.1144,1.201,1.9948,1.5137,1.0326,1.0759,0.9653,0.9845,0.946,1.0278,1.2539,1.3165,1.0326,1.1048,1.2539,1.4079,1.023,1.0952,1.2443,0.6574,0.8979,1.0038,0.5948,0.7199,0.8161,0.8306,0.7536,0.9605,0.7247,1.1337,3.7472,1.5751,0.7873,1.2058,0.845,0.8065,0.8113,1.2106,0.7344,1.2443
12/3/2021,71.0333,1.4147,1.629,1.5345,1.6353,2.3224,1.9316,2.8015,2.0135,1.0176,1.6038,1.6416,1.2319,1.2256,1.1059,1.1185,1.15,1.1059,1.6921,1.0491,1.3391,1.2004,1.4462,1.856,1.2824,0.734,1.4841,1.3454,0.8915,1.3517,1.068,1.0933,0.7529,0.7151,0.9357,0.9861,1.0239,1.5849,1.4336,6.0839,2.4942,1.3958,1.6984,1.5849,0.8285,1.4904,1.4021,1.4652,0.8411
12/2/2021,82.6024,1.4573,2.1585,1.0843,2.5241,2.2481,1.5393,2.1735,2.8449,1.1813,1.5916,2.3525,2.1362,1.0694,1.7855,1.5841,1.4946,1.4573,1.8005,1.5841,1.9795,1.3305,0.9351,2.1585,1.2559,1.3603,1.1738,2.4122,1.0917,1.6139,1.1663,0.853,0.7784,1.1738,1.3081,0.853,1.3678,1.144,1.972,7.4965,3.0498,1.4051,1.323,1.8527,1.2484,1.7557,1.5468,1.7184,1.2111
12/1/2021,76.4705,1.1458,1.7757,1.2211,2.0017,2.3577,1.8784,2.8165,2.3166,2.1181,2.2139,1.4265,1.5703,1.2143,1.0157,1.3375,1.4608,1.7004,1.3581,1.1595,1.762,1.5224,1.6936,0.9746,1.721,1.1321,1.3991,2.3303,0.913,1.7278,1.2896,0.8377,1.2759,1.1937,0.9198,0.9198,1.3307,1.3991,1.5361,6.3683,2.606,0.9678,1.9401,1.2759,0.8171,1.0842,1.1595,0.9746,1.3101
11/30/2021,77.1646,1.882,1.4047,2.0687,2.0341,2.5598,2.5183,1.4185,1.46,2.3177,2.456,1.8059,0.9344,1.1211,1.6053,1.6122,1.6122,0.9966,1.5638,1.3286,1.633,1.0866,1.3286,1.9165,1.6399,1.2871,0.8721,1.4739,0.9206,1.4047,1.2387,1.1488,0.8721,0.9275,0.9067,0.7338,1.3771,1.55,1.2318,6.0688,2.4882,1.7436,2.0756,0.9621,0.9966,1.633,1.8266,1.7436,1.3771
11/29/2021,81.6765,2.097,1.3455,1.5886,2.178,3.7031,2.738,2.9443,1.6918,1.5886,1.3455,2.7969,1.8612,1.1392,1.2718,1.4339,1.4192,1.9275,1.3455,1.596,1.4339,1.7802,1.876,1.6623,1.9275,1.3823,1.3087,0.9697,1.1024,1.1097,1.677,1.1392,0.8666,1.0213,0.8371,0.8003,1.2276,1.235,1.1539,6.6072,2.7,1.8318,1.3823,1.677,1.2129,1.1024,1.0508,1.8907,1.6991
11/28/2021,71.496,1.5509,1.8684,0.9286,2.643,2.4716,1.6969,2.9097,2.6113,2.2811,1.2271,1.1064,1.1001,1.3159,1.2144,1.0874,1.4874,0.9667,1.1191,1.6207,1.1064,1.5001,0.8016,0.9858,1.1064,0.8651,1.4302,1.6461,0.8524,2.0017,1.3985,0.8461,0.8397,0.7572,1.0683,1.081,0.9921,1.7033,1.2715,4.6235,1.9197,0.9985,1.5699,1.4683,1.462,1.7287,1.3794,1.3286,1.5572
11/27/2021,67.9095,1.0773,1.281,1.8262,1.6285,2.1796,2.593,2.6949,2.4672,2.0179,1.7962,1.1672,1.5925,1.3649,1.1192,0.8736,1.281,1.5745,1.1971,1.287,1.239,0.9695,1.2031,1.4967,1.7842,0.8317,1.4427,1.5086,0.9814,1.0893,1.1192,0.7837,0.6819,0.8377,0.8496,0.8736,1.1612,1.6464,0.9754,3.6236,1.5264,1.6524,1.0294,1.281,0.7298,1.0653,1.5266,1.5206,1.4607
11/26/2021,76.8177,1.1232,1.3847,2.0867,2.6854,2.5478,2.8024,1.3985,1.5705,1.5499,1.7976,2.5202,2.0179,1.3366,1.2746,1.6531,1.1095,1.4948,1.3985,1.5705,1.8252,1.371,0.965,1.9353,1.5981,1.0338,1.3366,1.3503,0.8755,2.3,1.3916,0.8617,0.786,1.0131,1.1576,1.0338,1.1852,1.8114,1.7632,4.6365,1.9249,1.7839,0.8893,1.66,1.8183,1.5981,1.3641,1.3572,0.8686
11/25/2021,75.5452,2.0242,1.8215,1.1393,1.7877,3.5237,1.9634,1.2947,2.3484,2.2741,1.3284,1.369,1.0448,1.1055,1.5378,1.477,1.5108,1.5176,1.1596,1.3352,1.5041,0.9502,1.2001,1.3825,1.0042,1.5446,1.038,2.22,0.8894,1.1798,1.2812,0.7948,1.038,1.0245,1.0853,0.9232,1.1326,1.4973,1.1934,6.6383,2.7123,1.0177,2.1322,1.4365,1.5108,1.6864,1.5176,1.0583,1.3892
11/24/2021,83.5276,2.2059,1.6697,1.1334,2.4854,2.2512,3.1802,3.3841,3.0216,1.1787,2.5836,1.4582,1.4506,1.5639,1.3525,1.4808,1.7452,1.9265,1.647,1.4355,1.6168,1.3978,1.715,2.1379,1.7527,1.0503,1.2694,1.5941,0.937,2.5231,1.6772,0.6803,0.9748,1.2392,0.9144,1.2316,1.496,1.3222,1.0806,5.8854,2.4161,1.9416,1.5866,1.0428,1.3676,1.3147,1.3449,1.0503,1.8132
11/23/2021,78.0903,1.5545,1.8629,1.6105,2.5217,3.6992,2.4516,1.3161,2.732,2.2554,1.8839,1.0778,1.7787,1.5054,1.3582,1.0218,1.1479,1.3232,1.8138,1.4493,1.7858,1.6105,0.8536,1.1199,1.0568,0.9447,1.3582,2.2343,1.0708,1.4283,1.4563,1.2951,1.183,0.8956,0.9657,0.8746,1.3792,1.1199,1.4423,5.7856,2.3768,1.8839,1.6876,1.6526,1.0568,1.3021,1.4213,1.0288,1.4563
11/22/2021,70.8022,0.9643,1.385,1.3159,1.8372,3.0807,1.385,1.8246,2.1198,1.1715,2.0005,1.9063,1.2406,1.1527,1.5232,1.2783,1.4227,1.5546,1.4541,1.1087,1.0773,1.4729,1.3285,1.1652,1.2783,0.7758,1.4855,1.7807,1.0585,1.1087,1.1401,0.6754,0.9517,0.6942,0.801,0.8512,0.9705,1.0145,1.5609,7.0042,2.8562,1.0647,1.2155,1.1778,0.9831,1.4164,1.7053,1.0585,1.4039
11/21/2021,50.3251,1.1063,1.3094,0.683,1.174,1.3899,1.3433,1.9824,1.6692,1.0132,1.0978,1.5803,0.7042,0.8396,0.882,0.9539,0.8439,1.0513,0.8608,1.1698,0.9878,0.7,0.6534,1.119,1.2671,0.6195,0.7127,0.6746,0.6534,1.5126,0.8862,0.8481,0.628,0.6873,0.6449,0.6661,0.9243,0.7423,0.9751,3.3775,1.4296,1.0936,0.9454,0.9581,1.1063,0.7423,1.1655,1.1274,0.8227
11/20/2021,60.5056,1.306,1.0488,1.0908,1.6893,1.2693,1.5528,1.8468,1.369,1.1905,0.97,1.1065,1.264,0.844,1.1748,1.3848,1.3113,1.4058,1.1328,1.2063,0.9648,1.117,0.8597,1.1223,1.3113,0.7915,1.0908,1.2693,0.907,1.4846,1.222,0.8965,0.8072,0.781,0.949,0.6025,0.9122,0.9542,0.718,6.0075,2.4641,1.0593,1.5266,1.2168,1.1538,0.8912,0.7652,1.4163,1.0803
11/19/2021,66.9843,1.3994,1.3876,0.9571,2.4376,1.9657,1.4761,2.237,2.1721,1.9716,1.4289,1.9716,0.9099,0.9689,0.9158,1.2815,1.2461,1.1871,1.1163,1.5764,1.0455,1.3051,0.7683,1.2874,1.6413,1.0337,0.8568,1.2756,0.8332,1.0986,1.3287,0.7801,0.6739,1.0219,1.0809,1.1104,0.9276,0.8804,1.3699,6.161,2.5245,1.5528,0.7978,1.4053,1.016,1.3699,1.4171,0.8981,0.9158
11/18/2021,71.3805,1.7195,1.2758,1.6434,1.7385,2.9998,2.0681,1.9857,2.5244,0.9146,2.03,2.3977,1.2315,1.4343,1.4343,1.2822,1.0984,1.6751,1.5357,1.2061,1.111,1.2124,1.2758,1.073,1.7702,0.9589,1.1744,1.4596,0.8322,1.1364,1.3836,0.8892,0.7878,0.8068,0.7561,0.7624,1.2061,1.6434,1.5674,4.7837,1.9828,1.6751,1.6181,0.8195,1.3012,1.111,1.1681,1.3772,1.542
11/17/2021,72.8843,1.367,1.8601,1.1983,2.2235,3.0216,1.5098,1.8991,2.2689,2.1716,2.3143,1.8926,1.2567,0.9712,1.1529,1.2437,0.9647,1.2632,1.2048,1.2762,1.6266,1.406,0.8869,1.7239,1.8082,1.3151,1.1205,0.9193,1.0426,2.1781,1.2957,0.5949,1.0815,0.848,0.7182,1.0426,1.0621,1.393,1.6331,4.4043,1.8335,1.6655,2.0483,1.2632,1.6136,1.2632,1.5292,1.3346,1.1724
11/16/2021,71.4962,1.5509,1.189,1.354,2.3446,2.1985,2.3001,2.1604,2.1985,1.3858,1.6461,1.1826,1.5509,1.1445,1.5382,1.1763,1.5763,1.2461,0.9286,1.6144,1.1953,1.1064,1.2524,1.8811,1.462,0.7826,1.2842,0.9858,0.9604,2.0842,1.3604,1.0493,1.1763,0.9159,0.8397,1.0556,0.9921,1.0493,0.8842,5.2387,2.1617,0.9223,1.4874,1.4112,1.5636,1.4874,1.8684,1.2651,1.4874
11/15/2021,62.4722,1.5394,1.5721,1.4794,1.6701,2.7595,2.3129,1.4958,1.6102,1.109,1.8499,2.3129,1.5121,1.2833,1.0872,1.4032,0.853,1.3215,1.218,1.3269,1.2997,0.9456,0.9565,0.9674,1.1907,1.1907,1.1799,1.0872,0.8585,1.3215,1.0546,0.8803,1.0491,0.9674,0.5807,0.8258,0.9293,0.7659,0.7604,3.9823,1.6675,1.06,0.6896,0.9456,0.7822,1.4849,1.5012,1.0709,0.7604
11/14/2021,65.4801,1.5347,1.6209,1.1208,2.2187,2.4084,1.23,2.167,2.19,1.7359,1.5232,1.2186,1.5807,0.9426,1.1898,1.368,1.5289,1.0461,1.0519,1.1553,0.9829,1.1553,1.1841,1.5289,1.0001,1.2128,1.0576,1.2933,0.776,1.0346,1.3335,0.6438,0.8334,0.8909,0.9599,0.8852,0.9139,1.1898,1.2588,5.7194,2.3508,0.9197,0.7587,0.9944,0.9656,1.3565,1.1783,1.1438,1.1266
11/13/2021,54.2583,1.3,1.2121,0.9392,1.8088,1.3555,1.3463,1.8597,1.1751,1.2861,1.3416,1.98,1.337,0.9207,1.0409,0.8467,0.8097,1.0872,0.879,1.263,1.2445,0.9577,0.842,1.1612,1.3509,0.7356,0.8698,0.8652,0.7958,1.2537,1.0409,0.657,0.62,0.8652,0.5552,0.7264,0.9253,1.1011,1.226,3.0085,1.2845,0.7403,1.4943,1.078,0.6154,0.8975,1.1011,1.2306,1.226
11/12/2021,56.225,1.3289,0.8852,0.7357,2.1101,2.033,2.115,1.5941,1.6231,1.787,0.8756,1.5845,0.8852,0.9479,1.0733,0.8949,1.0106,1.1697,1.1649,0.8466,1.3144,0.7213,0.7261,1.4543,0.8515,0.591,0.6586,1.7147,0.8273,0.7791,1.0637,0.5476,0.673,0.6489,0.673,0.6393,0.7791,0.9576,1.1939,4.7111,1.9542,1.4736,0.8032,1.2228,0.7116,1.3385,0.7213,1.1553,0.6537
11/11/2021,63.282,1.4105,1.2557,1.112,2.284,1.8417,1.5653,1.6372,1.5432,1.8915,1.5819,2.1623,1.0291,0.8466,1.3221,1.018,1.4603,1.4934,0.9572,1.0788,1.0346,1.3829,1.206,1.3055,1.2668,0.6974,1.2889,1.0733,0.7527,1.4105,1.3165,0.5647,1.0843,0.5923,0.7692,0.6642,1.0346,0.913,0.8964,5.8601,2.4062,1.4437,0.7305,0.7858,1.3331,0.9461,0.8411,1.4105,0.7803
11/10/2021,67.6781,1.217,1.4318,1.1573,2.0883,2.2554,2.5657,2.7209,2.5777,1.032,1.5751,2.1659,1.1872,0.8947,1.2289,1.3781,1.6109,1.217,0.9425,1.5572,1.1573,1.5035,1.5452,1.2289,0.8172,0.7575,1.2409,1.9272,0.9305,1.7839,1.0081,1.0081,0.7694,0.6262,0.9604,0.9425,1.1991,1.1812,1.4259,3.0192,1.2887,1.0081,1.1156,1.3543,1.6168,1.6228,1.5751,0.9723,1.2886
11/9/2021,70.455,1.1285,1.2846,1.3783,1.6718,1.5157,2.49,2.3526,2.6461,0.9411,1.1722,1.5407,1.7905,1.1472,1.472,1.447,1.6219,1.6468,1.2784,1.6281,1.0785,1.0161,0.8037,1.8967,1.2471,1.2784,1.0285,1.0535,0.8662,2.2964,1.2846,0.7662,0.8162,0.9349,0.7288,1.1535,1.2284,0.9661,1.1347,5.9982,2.4605,1.4907,0.9911,1.5469,1.5219,1.1972,1.0348,1.5906,0.8911
11/8/2021,68.1413,1.568,1.6822,1.5499,2.0852,2.5483,1.8145,2.2415,2.5182,1.4236,1.7424,1.586,1.141,1.3274,1.4417,1.0207,1.574,1.5138,1.6521,1.165,1.2552,1.3093,0.9365,1.5439,0.75,1.2913,0.9425,1.1891,0.8703,2.031,1.2372,0.6598,0.8463,0.6598,0.8042,0.9726,0.9966,0.8523,1.5559,4.6988,1.9494,1.0267,1.1289,0.75,1.147,1.2733,1.4356,1.4417,0.9906
11/7/2021,76.3548,1.2603,1.5269,1.8345,2.0806,2.9009,2.935,1.3287,2.2788,1.7798,2.2447,1.3355,2.0054,1.0963,1.5748,1.4176,1.773,0.9938,1.3014,1.233,1.691,1.192,1.5474,1.2057,0.9186,1.0416,1.1373,1.6431,0.8639,1.609,1.5201,0.7545,1.1236,0.7955,1.069,1.2398,1.2193,1.3424,1.7935,6.0438,2.4784,1.773,1.2809,1.4039,1.0758,1.6978,1.3424,1.4722,1.1783
11/6/2021,58.3075,1.5552,1.0772,1.0018,1.852,2.2393,1.4294,1.8117,2.2745,0.8408,1.0068,1.525,1.4294,1.208,1.1225,0.9565,1.374,1.0018,1.1628,1.0571,1.0823,1.3036,0.715,1.042,1.1074,1.042,0.6848,1.1376,0.8408,1.7363,0.9414,0.7653,0.5641,0.5339,0.8005,0.7553,0.8207,0.7251,0.7301,4.8134,1.9945,1.0521,0.9263,1.2181,1.2282,0.8609,0.9062,0.9816,1.0722
11/5/2021,57.729,1.0966,1.0419,1.1612,1.7232,1.5641,1.5143,1.8177,2.1558,1.6933,1.2458,1.1961,1.1712,0.8927,0.9623,1.3254,0.7982,1.1513,1.3104,0.8728,0.8529,1.022,0.9076,0.7435,0.838,0.9424,1.1513,1.5641,0.8629,1.3254,0.8579,0.9176,0.7286,0.6093,0.8529,0.664,0.8281,1.0767,1.3353,4.5494,1.8906,1.3701,0.6789,1.1165,1.2259,1.2557,1.2806,0.9027,0.6838
11/4/2021,46.1599,0.9489,0.8497,0.6093,1.2313,2.0556,0.9451,1.2504,0.9528,0.9375,1.258,0.7581,1.0711,0.6895,0.823,0.762,0.6475,0.6933,0.7925,0.8383,0.8993,0.7734,0.7925,0.865,0.781,0.6093,0.8268,1.2237,0.5979,0.72,0.7887,0.5864,0.6895,0.7124,0.7162,0.7009,0.7505,1.0405,0.7238,5.1649,2.1327,0.8917,0.5597,0.9718,0.7314,0.6971,0.6093,0.7658,0.7238
11/3/2021,43.2679,0.6146,1.0237,0.5546,1.6126,1.5421,1.133,0.9038,1.0519,0.8509,1.0942,1.0625,1.1083,0.8156,0.6675,0.7803,1.0025,0.9743,0.9743,0.7944,0.8262,0.7556,0.7415,0.9496,0.8368,0.7415,0.7168,0.6957,0.6146,1.26,0.671,0.5969,0.6181,0.6181,0.7274,0.731,0.7239,0.8403,0.8544,2.5055,1.0866,0.6216,0.8897,0.8755,0.7697,0.7133,0.865,0.9567,0.9038
11/2/2021,33.6657,0.4926,0.8648,0.816,1.2215,1.2318,0.911,0.7724,0.8827,0.5978,0.875,0.9366,0.4567,0.5876,0.6902,0.7672,0.5183,0.6107,0.4978,0.7801,0.7056,0.6646,0.4926,0.6261,0.5799,0.544,0.6184,0.6415,0.5183,0.9572,0.6004,0.3566,0.3823,0.4336,0.5055,0.4721,0.6158,0.739,0.508,1.9405,0.8644,0.7159,0.7698,0.6877,0.4439,0.6774,0.8186,0.5619,0.7133
11/1/2021,29.1533,0.5792,0.6278,0.4544,0.8626,0.7103,1.0361,0.5876,0.9092,0.7822,0.4797,0.5178,0.5982,0.4565,0.5622,0.4607,0.6447,0.6003,0.4522,0.6426,0.6807,0.448,0.5326,0.4903,0.3845,0.4142,0.6024,0.3951,0.4311,0.6849,0.6172,0.4544,0.5009,0.4078,0.4565,0.4395,0.5284,0.4544,0.613,2.2284,0.9776,0.5157,0.5347,0.6151,0.374,0.6278,0.5622,0.6744,0.5432
10/31/2021,27.4186,0.5978,0.6055,0.6754,0.6133,0.8269,0.7337,0.4832,0.5939,0.4036,0.724,0.5065,0.4113,0.5473,0.4424,0.6075,0.4929,0.5143,0.5026,0.4579,0.623,0.4385,0.3647,0.4269,0.3609,0.522,0.5395,0.5473,0.3977,0.5007,0.489,0.357,0.4871,0.4405,0.4385,0.357,0.5084,0.4463,0.5143,2.7226,1.172,0.689,0.4987,0.3706,0.6405,0.5919,0.388,0.4599,0.3861
10/30/2021,30.1952,0.5551,0.6749,0.4552,0.837,0.9968,0.8059,1.1144,0.7193,0.5906,0.9257,0.8569,0.6661,0.6239,0.4086,0.4419,0.5129,0.6771,0.6905,0.5418,0.5706,0.6106,0.5817,0.4796,0.4508,0.5551,0.4441,0.5107,0.4596,0.6128,0.6017,0.4863,0.4397,0.4374,0.3464,0.382,0.4774,0.4241,0.4885,2.3856,1.0395,0.5196,0.4197,0.5795,0.3908,0.5329,0.6949,0.5418,0.6372
10/29/2021,32.9716,0.7185,0.6486,0.5313,1.1181,1.228,1.1331,0.8359,0.761,0.8833,0.5937,0.9633,0.6112,0.4588,0.6736,0.6137,0.5937,0.6336,0.5412,0.5562,0.6561,0.5163,0.4963,0.6761,0.7885,0.6286,0.6162,0.6661,0.4563,0.5038,0.5337,0.3914,0.4414,0.3564,0.3764,0.4813,0.5038,0.6686,0.5587,2.432,1.0577,0.5462,0.4913,0.4938,0.776,0.6961,0.721,0.6936,0.6511
10/28/2021,35.4011,0.7339,0.6599,0.5366,1.0682,0.838,0.6681,1.1504,0.7065,0.5667,0.5969,0.7777,0.5256,0.4845,0.5886,0.7695,0.501,0.7722,0.7996,0.753,0.6489,0.5914,0.4297,0.7941,0.7119,0.7229,0.6489,0.8928,0.5448,0.6434,0.6243,0.5667,0.3694,0.5914,0.6023,0.5229,0.5558,0.7887,0.49,2.9828,1.2744,0.7284,0.9531,0.7476,0.627,0.5996,0.8298,0.701,0.7202
10/27/2021,40.1444,0.8931,0.8256,0.8321,1.0474,1.6003,1.0892,1.3914,0.7999,0.7356,0.906,1.1696,0.9028,0.8096,0.771,0.6006,0.9028,0.9221,0.7003,0.8738,0.652,0.8674,0.4817,1.0571,0.6231,0.8128,0.6231,0.6617,0.5717,1.0217,0.8321,0.6103,0.4142,0.6649,0.6038,0.6038,0.5749,0.697,0.607,2.4206,1.0532,0.5685,0.9542,0.8192,0.6038,0.7324,0.8738,0.5685,0.7967
10/26/2021,37.0208,0.7384,0.8487,0.8487,1.2724,1.4146,0.8487,1.3014,0.956,0.9938,1.0518,1.1156,0.7239,0.5788,0.6571,0.6919,0.5875,0.689,0.8951,0.7935,0.6107,0.6252,0.7906,0.6832,0.4627,0.6716,0.7239,0.9705,0.4801,0.9154,0.5759,0.5178,0.4656,0.6165,0.5642,0.5701,0.6078,0.8399,0.7006,1.3955,0.65,0.7413,0.6629,0.4656,0.6687,0.5642,0.8603,0.8051,0.808
10/25/2021,31.8146,0.5191,0.6144,0.7358,0.7406,1.0669,0.8549,1.1121,0.7358,0.7501,0.6572,0.974,0.4405,0.6382,0.6311,0.5239,0.5882,0.6954,0.7239,0.6906,0.6977,0.5263,0.4358,0.5429,0.8025,0.4191,0.4786,0.6001,0.4548,0.7692,0.5001,0.5144,0.5286,0.3572,0.3858,0.4858,0.5382,0.6525,0.5858,2.3971,1.044,0.7763,0.5406,0.4429,0.4048,0.5358,0.6668,0.5548,0.4834
10/24/2021,28.2285,0.5308,0.5996,0.464,0.6906,0.6602,0.9657,1.0385,0.9717,0.7614,0.7978,0.5712,0.5409,0.4418,0.5146,0.4054,0.4681,0.462,0.5712,0.5004,0.5288,0.551,0.5429,0.4074,0.375,0.5247,0.4964,0.4033,0.4357,0.4681,0.4923,0.4135,0.3831,0.4256,0.3629,0.3831,0.4863,0.6178,0.64,2.3879,1.0404,0.7068,0.375,0.6218,0.377,0.4236,0.4236,0.4438,0.5348
10/23/2021,28.9224,0.4303,0.5809,0.6646,0.6918,0.6165,0.673,0.8822,0.7588,0.6165,0.8613,0.56,0.4156,0.5977,0.4261,0.4847,0.4491,0.5454,0.537,0.6562,0.4554,0.4596,0.5223,0.56,0.4115,0.5223,0.6123,0.8383,0.4387,0.6625,0.5328,0.3696,0.5014,0.3236,0.47,0.4659,0.5182,0.6688,0.5935,2.1563,0.9493,0.7002,0.5767,0.6772,0.491,0.4638,0.6395,0.4177,0.4763
10/22/2021,43.6148,0.8398,0.9894,0.7401,1.0748,1.8833,1.1853,0.8291,1.2173,0.9146,1.228,1.3811,0.7721,0.6332,0.7828,0.9609,0.8896,0.7116,0.6475,1.0143,0.9003,0.8149,0.7045,0.6083,0.6083,0.505,0.8291,0.5406,0.651,1.2707,0.7792,0.6973,0.6012,0.5299,0.5371,0.6546,0.7935,0.968,0.6902,3.147,1.339,0.651,0.6439,0.8505,0.6475,1.0499,1.0321,1.0107,0.8647
10/21/2021,30.0789,0.606,0.4714,0.4625,0.7076,0.9704,0.8842,0.5288,1.052,0.5972,0.4736,0.4669,0.4228,0.4912,0.584,0.5464,0.5795,0.6237,0.5266,0.701,0.6259,0.6303,0.4272,0.4956,0.754,0.489,0.6303,0.5398,0.4404,0.5244,0.5089,0.3786,0.3389,0.4404,0.3764,0.383,0.5354,0.6811,0.6325,2.5785,1.1153,0.6811,0.6855,0.5376,0.5531,0.7098,0.5023,0.6789,0.5089
10/20/2021,27.6493,0.5125,0.5223,0.4044,0.711,0.8957,0.5616,0.9448,0.654,0.8642,0.6972,0.707,0.4319,0.5459,0.4811,0.3985,0.4319,0.5361,0.4555,0.4555,0.4909,0.5341,0.6363,0.4339,0.6756,0.4201,0.5498,0.4398,0.4123,0.764,0.5007,0.4398,0.314,0.3258,0.3258,0.4594,0.4811,0.5125,0.4378,2.3328,1.0187,0.4182,0.4182,0.5341,0.4378,0.5125,0.4929,0.5027,0.6166
10/19/2021,27.881,0.451,0.5981,0.3953,0.9579,0.6239,0.6518,0.8068,0.6995,0.4967,0.5444,0.5225,0.4072,0.4689,0.5842,0.5166,0.5822,0.5782,0.5027,0.61,0.6239,0.5802,0.4152,0.5722,0.4788,0.4868,0.3754,0.4351,0.441,0.6398,0.4331,0.3714,0.3695,0.4132,0.3297,0.3396,0.5225,0.5921,0.5384,2.5495,1.104,0.5822,0.6895,0.4152,0.5663,0.6478,0.3913,0.5046,0.4748
10/18/2021,35.1694,0.7454,0.7698,0.8839,0.8894,0.8405,1.2263,0.7943,1.2996,1.0877,0.5742,0.9763,0.4655,0.5525,0.6503,0.509,0.8269,0.5661,0.7834,0.6122,0.7236,0.5117,0.4492,0.6095,0.5769,0.6258,0.653,0.9953,0.49,0.8486,0.6285,0.4574,0.3759,0.403,0.471,0.4384,0.6476,0.5715,0.7698,2.5164,1.0909,0.7182,0.5525,0.8052,0.8024,0.5253,0.5715,0.5117,0.7753
10/17/2021,36.2108,0.9001,0.6378,0.9001,0.7986,1.0863,0.6886,1.25,1.0017,0.982,1.0271,1.0892,0.635,0.4911,0.5475,0.6857,0.824,0.8409,0.5447,0.7196,0.6068,0.5503,0.5306,0.9537,0.6857,0.7083,0.4713,0.6406,0.4826,0.9058,0.5503,0.4065,0.398,0.5221,0.429,0.5193,0.556,0.8691,0.8353,2.5922,1.1208,0.8889,0.6462,0.5306,0.5701,0.5419,0.7309,0.5278,0.7901
10/16/2021,32.1615,0.79,0.6475,0.488,1.0486,0.7272,1.0389,0.9857,1.1645,0.749,0.5315,0.6982,0.5822,0.5653,0.546,0.6716,0.6112,0.5992,0.5967,0.5653,0.6644,0.6813,0.5702,0.8384,0.6571,0.4131,0.6257,0.6233,0.5001,0.9737,0.6789,0.5146,0.36,0.4421,0.4228,0.5243,0.546,0.4397,0.604,1.9424,0.8651,0.7224,0.4252,0.4711,0.7272,0.6934,0.488,0.6016,0.5388
10/15/2021,33.7815,0.8241,0.6153,0.5663,1.1618,1.1309,1.1464,0.6591,0.7983,0.4425,0.9891,0.574,0.8009,0.5766,0.5199,0.69,0.5508,0.4812,0.6333,0.6359,0.7184,0.5096,0.6178,0.6565,0.4451,0.6849,0.6668,0.6539,0.4245,0.8705,0.6127,0.5147,0.4348,0.3781,0.3935,0.4786,0.5972,0.7467,0.5689,2.8367,1.2169,0.6617,0.8396,0.6153,0.4193,0.6385,0.6694,0.6488,0.4657
10/14/2021,37.3678,0.6923,0.7364,0.8128,1.1652,0.9097,0.8039,0.8715,1.1446,1.1622,1.1622,1.1211,0.707,0.5573,0.5808,0.7805,0.707,0.7834,0.7775,0.7364,0.7922,0.7981,0.5338,0.9302,0.478,0.5484,0.7716,0.8157,0.5837,0.6512,0.6747,0.4515,0.5808,0.5338,0.5338,0.6336,0.6835,0.6777,0.8421,2.2955,1.004,0.6718,0.5279,0.8832,0.6072,0.7129,0.6483,0.5661,0.7247
10/13/2021,36.211,0.9227,0.7111,0.7393,1.3036,1.202,1.1174,0.824,0.9622,0.5616,0.9876,0.9566,0.7309,0.6999,0.5701,0.7901,0.714,0.8014,0.714,0.6096,0.5616,0.5419,0.4516,0.6209,0.7252,0.4488,0.6886,0.9171,0.5334,1.0243,0.6462,0.5137,0.4742,0.5701,0.5419,0.5785,0.5814,0.8776,0.7901,1.6993,0.7695,0.5926,0.8296,0.7365,0.6942,0.6886,0.855,0.714,0.6265
10/12/2021,45.0025,1.014,0.8068,0.7402,1.4285,1.6357,1.0843,1.5099,0.8734,0.6329,0.7291,0.9437,1.1806,0.7624,0.9141,1.0214,0.9622,0.6958,0.8142,0.8068,0.977,0.9067,0.9585,0.792,0.9881,0.5367,0.9178,1.3027,0.6181,0.6921,0.903,0.4035,0.718,0.5589,0.5737,0.6403,0.6995,0.866,1.0214,2.7268,1.1737,1.1695,1.0547,0.7772,0.9881,1.0954,0.9437,0.7698,0.6736
10/11/2021,35.8635,0.5317,0.9301,0.6515,1.0695,0.9942,0.8967,1.1725,0.9747,1.0109,0.7323,0.8075,0.9301,0.7407,0.4927,0.7295,0.6097,0.6821,0.6989,0.6181,0.6905,0.7574,0.7267,0.5763,0.462,0.632,0.7462,0.8772,0.5484,0.9078,0.6571,0.593,0.5456,0.462,0.4035,0.5205,0.6208,0.4787,0.6543,2.0584,0.9108,0.919,0.5846,0.8438,0.8438,0.7629,0.6069,0.6097,0.5902
10/10/2021,29.3852,0.5152,0.5794,0.6628,0.9879,0.6628,0.6393,0.7826,0.7719,0.6607,0.5366,0.9601,0.7462,0.5195,0.5537,0.6564,0.5131,0.6436,0.6286,0.5174,0.6863,0.4853,0.543,0.5901,0.5452,0.5559,0.419,0.573,0.4489,0.4682,0.5773,0.3099,0.3698,0.496,0.3955,0.3399,0.4532,0.4019,0.4917,2.3169,1.0125,0.4661,0.6072,0.573,0.5708,0.5751,0.4383,0.6008,0.5366
10/9/2021,37.0206,0.6252,0.6397,0.9386,1.2056,0.9879,1.2869,1.0547,0.8283,0.5033,0.5991,0.6252,0.7268,0.5933,0.721,0.808,0.8632,0.8574,0.8022,0.6832,0.7848,0.7326,0.7471,0.6194,0.4569,0.4627,0.4685,0.9734,0.4975,1.1592,0.6107,0.5468,0.6513,0.5323,0.3988,0.5236,0.6687,0.8167,0.6455,2.6285,1.135,0.8632,0.8109,0.5178,0.7239,0.8574,0.4888,0.8051,0.5439
10/8/2021,30.7732,0.6312,0.7679,0.4878,0.8863,1.2985,0.6358,0.9842,0.9273,0.5197,0.9045,0.8476,0.4673,0.4491,0.6608,0.4422,0.5379,0.6267,0.4787,0.5105,0.6221,0.4855,0.4149,0.7041,0.4468,0.3762,0.5515,0.6745,0.4627,0.7132,0.49,0.3853,0.3511,0.3762,0.49,0.3602,0.5675,0.6654,0.5834,2.128,0.9381,0.6312,0.7611,0.6404,0.5584,0.6927,0.5356,0.67,0.4331
10/7/2021,34.2442,0.765,0.6994,0.8595,0.9934,1.2899,0.786,0.6942,0.6679,0.4895,0.6758,0.6128,0.786,0.6548,0.6522,0.6023,0.6784,0.5656,0.4973,0.5682,0.6391,0.4842,0.4921,0.8123,0.7703,0.4475,0.6076,0.5393,0.5367,0.5525,0.5315,0.4422,0.4449,0.374,0.3661,0.3792,0.5472,0.458,0.6338,4.1579,1.7366,0.5262,0.563,0.7834,0.5105,0.5944,0.521,0.7782,0.4763
10/6/2021,38.1776,0.7823,0.6103,0.6736,1.2048,1.419,0.9603,0.7491,1.2108,0.9332,0.559,1.3376,0.728,0.5318,0.6223,0.5741,0.5258,0.8336,0.8849,0.8125,0.8819,0.5982,0.6918,0.9905,0.9483,0.7008,0.5077,0.8306,0.568,0.568,0.728,0.6223,0.6676,0.5469,0.5529,0.4835,0.5499,0.8245,0.6435,2.0943,0.9249,0.6284,0.9935,0.8487,0.8547,0.8819,0.6042,0.74,0.7491
10/5/2021,36.5579,0.7321,0.9292,0.5322,0.992,1.0348,1.3632,1.229,0.9577,0.8492,0.715,1.1405,0.5265,0.5065,0.5579,0.7921,0.8321,0.8321,0.5722,0.7978,0.7492,0.695,0.7978,0.8778,0.8806,0.5094,0.7692,0.7835,0.5436,0.6065,0.5722,0.6293,0.5551,0.615,0.5408,0.4865,0.6579,0.6007,0.7807,1.5993,0.7302,0.7492,0.7892,0.7921,0.6093,0.5922,0.7264,0.6179,0.8092
10/4/2021,30.8888,0.6244,0.5306,0.803,0.8556,1.2859,0.6061,0.6244,1.0777,0.4963,0.4551,0.6016,0.4848,0.5535,0.5329,0.5352,0.7183,0.6542,0.5649,0.5375,0.6794,0.4757,0.581,0.6084,0.645,0.5329,0.6244,0.629,0.4505,0.7641,0.4802,0.4734,0.3589,0.4459,0.3818,0.375,0.5123,0.5855,0.4871,2.3006,1.006,0.5581,0.7755,0.5832,0.5352,0.5787,0.7503,0.4802,0.6885
10/3/2021,33.6659,0.4901,0.6312,0.6184,0.8956,0.8545,1.0085,0.9674,0.6338,0.9469,0.8622,1.142,0.6055,0.5594,0.5927,0.544,0.6825,0.7082,0.6055,0.7185,0.5594,0.7108,0.7775,0.5722,0.7313,0.6466,0.5927,0.4952,0.4952,1.0265,0.5517,0.4772,0.4362,0.4901,0.5747,0.5106,0.5696,0.5594,0.6004,2.2445,0.984,0.8673,0.7544,0.7749,0.449,0.6697,0.449,0.5414,0.4875
10/2/2021,30.8892,0.7778,0.6496,0.4551,0.8167,0.8945,1.0731,0.7938,0.5924,0.6656,0.5993,0.597,0.732,0.494,0.4871,0.6931,0.581,0.5741,0.6885,0.7252,0.5993,0.5535,0.6771,0.6313,0.391,0.391,0.407,0.7686,0.4528,0.4986,0.5398,0.4642,0.4642,0.3521,0.4551,0.4322,0.4894,0.6519,0.4413,2.409,1.0487,0.6107,0.7824,0.6405,0.5741,0.5123,0.7023,0.4619,0.597
10/1/2021,30.5418,0.6446,0.5228,0.5025,0.906,0.6739,0.5792,1.0097,0.8745,0.471,0.4529,0.87,0.7933,0.4191,0.5792,0.4597,0.6829,0.7099,0.4665,0.5318,0.5251,0.471,0.5905,0.6851,0.4304,0.4958,0.5048,0.7099,0.3943,0.9286,0.5769,0.4056,0.3628,0.4304,0.5093,0.4755,0.5025,0.6333,0.6153,2.7148,1.1689,0.7032,0.8001,0.4732,0.471,0.489,0.4507,0.4439,0.4304
9/30/2021,29.7322,0.56,0.547,0.4209,0.6795,1.1642,0.9077,0.9729,0.8208,0.4557,0.4601,0.9773,0.4231,0.5166,0.447,0.4275,0.5578,0.5426,0.6991,0.5839,0.6665,0.5492,0.5644,0.5687,0.4731,0.5426,0.4535,0.66,0.4731,0.886,0.5057,0.3623,0.3862,0.3862,0.3384,0.4579,0.4492,0.6665,0.5948,2.0929,0.9243,0.723,0.7056,0.5991,0.4926,0.56,0.4818,0.4557,0.5492
9/29/2021,23.6009,0.3773,0.3851,0.3398,0.733,0.7876,0.4974,0.5754,0.6737,0.3757,0.7049,0.7392,0.5052,0.3835,0.4865,0.4912,0.5192,0.4896,0.4756,0.4132,0.4334,0.4693,0.4397,0.538,0.5551,0.4366,0.449,0.6113,0.357,0.552,0.3851,0.3383,0.3211,0.3991,0.3274,0.4054,0.4163,0.3632,0.4319,1.349,0.6317,0.41,0.3352,0.343,0.5333,0.4849,0.4303,0.4896,0.4116
9/28/2021,28.9225,0.583,0.6479,0.7504,0.855,0.6395,0.6353,0.7922,0.9764,0.4491,0.8634,0.8676,0.5684,0.5726,0.537,0.5182,0.6625,0.5475,0.5203,0.6291,0.4575,0.5223,0.6228,0.606,0.4533,0.5998,0.3864,0.855,0.4219,0.5621,0.5391,0.334,0.3968,0.4784,0.4721,0.3947,0.5098,0.6625,0.6165,1.6157,0.7366,0.4617,0.4345,0.4575,0.3801,0.5705,0.5475,0.6625,0.5495
9/27/2021,32.7403,0.6788,0.6813,0.6268,0.9237,1.3542,1.1192,1.0449,0.753,0.993,0.7679,0.5823,0.8198,0.5353,0.518,0.7431,0.7233,0.7357,0.7802,0.5526,0.6912,0.4487,0.6244,0.8371,0.4289,0.4388,0.6862,0.9732,0.4413,0.9262,0.5526,0.5625,0.4264,0.424,0.5229,0.5675,0.5551,0.5675,0.5056,1.2462,0.5913,0.5056,0.8693,0.5353,0.5056,0.5452,0.7011,0.5551,0.5724
9/26/2021,28.4597,0.58,0.5513,0.4756,0.8111,0.8377,0.5943,0.7661,0.8725,0.5493,0.6761,0.6413,0.5165,0.4101,0.402,0.4695,0.5124,0.5759,0.4654,0.5329,0.6372,0.5738,0.5329,0.6065,0.5759,0.5063,0.58,0.7579,0.449,0.6618,0.5268,0.3181,0.449,0.4777,0.359,0.4081,0.4674,0.4551,0.6311,2.2811,0.9984,0.6393,0.4879,0.5145,0.4961,0.4756,0.5636,0.4163,0.3733
9/25/2021,26.2614,0.4899,0.6579,0.552,0.9227,0.5922,0.6049,0.8423,0.6086,0.5337,0.4954,0.4168,0.4826,0.3785,0.5355,0.5045,0.4278,0.5392,0.4114,0.5209,0.5319,0.4917,0.4095,0.6122,0.5447,0.4753,0.3657,0.3639,0.3986,0.4497,0.468,0.3292,0.4223,0.3803,0.3182,0.4041,0.4388,0.583,0.3986,1.9976,0.8869,0.6579,0.5666,0.5319,0.4388,0.5739,0.5593,0.5666,0.5794
9/24/2021,24.0633,0.4012,0.5715,0.4092,0.5442,0.6245,0.8204,0.4494,0.5008,0.4526,0.414,0.3803,0.5442,0.3642,0.3675,0.5168,0.5265,0.4414,0.3867,0.557,0.5185,0.5201,0.4606,0.3851,0.5297,0.3112,0.3916,0.5249,0.3883,0.3819,0.4735,0.3257,0.3466,0.4028,0.2904,0.3144,0.398,0.5442,0.361,2.4885,1.08,0.414,0.3867,0.3996,0.512,0.4895,0.3851,0.353,0.414
9/23/2021,27.6497,0.4418,0.652,0.6579,0.935,0.7129,0.5282,0.5577,0.54,0.4732,0.5086,0.9389,0.5597,0.3966,0.5675,0.485,0.4712,0.4634,0.5675,0.597,0.6481,0.538,0.5813,0.4221,0.6717,0.5695,0.5557,0.6913,0.4339,0.428,0.5734,0.43,0.4241,0.4634,0.3808,0.4575,0.4339,0.3887,0.4948,1.7927,0.8063,0.4614,0.7345,0.4555,0.5498,0.4987,0.6206,0.5538,0.5361
9/22/2021,27.5339,0.5046,0.6335,0.4675,0.6335,0.6999,0.5593,0.8718,0.6296,0.7097,0.7214,0.7488,0.4226,0.3933,0.4167,0.532,0.6023,0.4694,0.4167,0.6023,0.4753,0.4343,0.3815,0.6257,0.4265,0.3952,0.3679,0.5066,0.446,0.5925,0.5769,0.3991,0.4362,0.4362,0.4499,0.4812,0.4382,0.5749,0.4147,2.3313,1.0181,0.5964,0.6453,0.3757,0.5046,0.655,0.3952,0.6316,0.487
9/21/2021,32.2774,0.7299,0.8246,0.8391,0.8294,0.9824,1.0528,0.6595,0.9193,0.6571,0.7542,0.8804,0.6498,0.6328,0.5697,0.6425,0.6012,0.6716,0.6571,0.7299,0.543,0.6522,0.5502,0.6231,0.6061,0.424,0.5721,0.9338,0.4192,0.9654,0.6474,0.3949,0.3755,0.3803,0.4094,0.5405,0.5672,0.7275,0.7469,1.3149,0.6183,0.5454,0.6498,0.742,0.7008,0.6716,0.492,0.7469,0.4337
9/20/2021,30.5425,0.7009,0.5003,0.6175,0.7956,1.2893,1.03,0.8655,0.8948,0.5927,0.6378,0.7122,0.7235,0.5206,0.5206,0.5071,0.6288,0.6761,0.6288,0.5747,0.5905,0.6648,0.4282,0.5837,0.6874,0.4597,0.5634,0.8474,0.4868,0.5454,0.6265,0.3335,0.5138,0.3425,0.338,0.4169,0.4777,0.5116,0.7077,1.5596,0.7146,0.4935,0.6919,0.4823,0.6941,0.7325,0.5657,0.4372,0.6288
9/19/2021,33.0872,0.5354,0.6283,0.4702,0.9469,0.8867,1.0623,0.6684,0.8741,0.6985,0.9569,1.1225,0.6734,0.5204,0.701,0.691,0.7136,0.6534,0.7989,0.7738,0.706,0.4953,0.5129,0.5706,0.5505,0.4903,0.5154,0.548,0.5229,0.9594,0.5304,0.5681,0.3523,0.563,0.5104,0.3774,0.5003,0.7738,0.7211,1.8447,0.8267,0.7211,0.6935,0.4978,0.5555,0.7838,0.7813,0.6283,0.6107
9/18/2021,27.9963,0.6306,0.4946,0.5166,0.9265,1.0185,0.5906,0.9445,0.6346,0.5486,0.5066,0.8626,0.6786,0.4346,0.4946,0.5606,0.5066,0.5906,0.5006,0.4506,0.6406,0.3946,0.6126,0.4126,0.3906,0.5086,0.4926,0.7886,0.3706,0.4826,0.5426,0.3506,0.4426,0.4346,0.3646,0.3446,0.5146,0.5506,0.4926,1.7798,0.8012,0.6586,0.5826,0.5706,0.5066,0.5706,0.5146,0.4446,0.5446
9/17/2021,25.4516,0.5873,0.4808,0.6396,0.863,0.7234,0.7286,0.7408,0.8769,0.5436,0.603,0.6082,0.493,0.3813,0.4232,0.4337,0.5628,0.4703,0.4232,0.4284,0.4267,0.493,0.4372,0.5907,0.5506,0.5209,0.507,0.4058,0.3866,0.7338,0.5087,0.3307,0.3325,0.2958,0.3412,0.4127,0.4372,0.5262,0.3499,1.3352,0.6263,0.486,0.6082,0.3639,0.4232,0.5332,0.5925,0.5,0.3848
9/16/2021,27.0714,0.6034,0.4852,0.5786,0.7522,0.7445,0.5614,0.8456,0.5366,0.4222,0.6225,0.4947,0.5805,0.4775,0.4775,0.6034,0.5481,0.4699,0.5405,0.4394,0.51,0.5252,0.4299,0.4318,0.4012,0.51,0.5138,0.6129,0.4051,0.5977,0.4909,0.4165,0.3173,0.4508,0.3917,0.4203,0.4432,0.5138,0.4794,2.1678,0.9538,0.529,0.7007,0.4089,0.4546,0.4203,0.6911,0.5481,0.5519
9/15/2021,27.1867,0.5159,0.5082,0.5044,0.9572,0.9917,0.9034,0.8612,0.7941,0.7384,0.4372,0.7365,0.4775,0.3988,0.5101,0.443,0.5408,0.4948,0.4986,0.631,0.4813,0.5235,0.3988,0.4928,0.5024,0.5178,0.4564,0.7365,0.4199,0.5677,0.5197,0.2952,0.4123,0.4238,0.4199,0.3547,0.4717,0.4046,0.3816,1.3661,0.6384,0.6367,0.677,0.6099,0.5811,0.4142,0.5063,0.4314,0.6022
9/14/2021,24.5263,0.4542,0.5088,0.4476,0.56,0.8244,0.8492,0.6377,0.7253,0.555,0.517,0.4344,0.5418,0.3815,0.4691,0.4327,0.4113,0.5451,0.4807,0.5121,0.5104,0.4046,0.3468,0.4146,0.4096,0.3137,0.522,0.4641,0.3468,0.6393,0.5187,0.3237,0.3666,0.4162,0.4245,0.3022,0.4245,0.5071,0.5352,1.6137,0.7358,0.4658,0.3898,0.5286,0.5104,0.4889,0.5732,0.3799,0.3617
9/13/2021,27.6502,0.6147,0.6402,0.4477,0.9723,0.8858,0.9075,0.9939,0.9821,0.4143,0.5911,0.6186,0.5852,0.4398,0.4712,0.4437,0.485,0.5597,0.4241,0.6343,0.6501,0.4634,0.4811,0.6147,0.3671,0.4143,0.4929,0.5263,0.43,0.6599,0.4791,0.371,0.3907,0.3081,0.4005,0.4162,0.4909,0.4084,0.4693,1.7335,0.783,0.6952,0.5007,0.4084,0.6324,0.5538,0.4143,0.4005,0.5832
9/12/2021,32.7397,0.5031,0.7654,0.8297,0.9905,1.3146,0.8074,1.0251,1.0524,0.5749,0.5402,0.847,0.4586,0.5303,0.4734,0.466,0.5798,0.56,0.753,0.7035,0.5477,0.4858,0.6689,0.5353,0.7679,0.4314,0.7134,0.5922,0.4611,0.7283,0.5699,0.3473,0.4462,0.424,0.4314,0.3992,0.5872,0.7827,0.5328,2.2423,0.9831,0.8223,0.6615,0.5427,0.7109,0.7233,0.607,0.7258,0.4932
9/11/2021,28.2285,0.5834,0.6441,0.4094,0.7776,0.903,0.7209,0.8848,0.7088,0.6582,0.4701,0.4701,0.4741,0.5085,0.551,0.4175,0.4175,0.549,0.458,0.5915,0.551,0.5085,0.5429,0.5773,0.5996,0.4883,0.5045,0.4802,0.4033,0.5207,0.4438,0.4721,0.4317,0.4519,0.4883,0.4539,0.5288,0.5004,0.46,2.4808,1.0769,0.3912,0.6805,0.4539,0.642,0.5935,0.5348,0.4013,0.3689
9/10/2021,24.2947,0.5333,0.3964,0.4192,0.6734,0.8739,0.6474,0.8722,0.5512,0.4958,0.5366,0.5366,0.5447,0.3655,0.4697,0.4355,0.385,0.5252,0.5056,0.4225,0.4469,0.4518,0.3573,0.4127,0.53,0.3101,0.4095,0.5414,0.3557,0.6001,0.4404,0.3541,0.3932,0.3932,0.3818,0.3704,0.4225,0.486,0.4779,1.6694,0.7578,0.4583,0.3915,0.5154,0.5414,0.4486,0.3915,0.4355,0.3606
9/9/2021,27.5342,0.6726,0.5241,0.3972,0.7488,1.161,0.7175,0.9168,0.8582,0.5046,0.6824,0.7312,0.5046,0.5632,0.5027,0.5573,0.6257,0.4089,0.5202,0.6413,0.5593,0.4441,0.4675,0.3933,0.5827,0.4128,0.4636,0.657,0.3854,0.657,0.4245,0.3737,0.3601,0.4558,0.3972,0.3444,0.4597,0.3952,0.487,1.4102,0.6558,0.5202,0.6999,0.6179,0.5183,0.448,0.6257,0.5906,0.489
9/8/2021,28.6911,0.6757,0.5557,0.6819,0.8805,1.1433,0.6632,0.7626,0.7522,0.6384,0.5681,0.537,0.6239,0.5081,0.4294,0.6488,0.6074,0.5598,0.5019,0.5143,0.6695,0.535,0.4253,0.7481,0.6922,0.4894,0.4046,0.5515,0.386,0.5577,0.595,0.4088,0.3529,0.3839,0.3198,0.3343,0.5163,0.5391,0.5557,1.5447,0.7087,0.6301,0.5826,0.535,0.657,0.5039,0.6798,0.5784,0.5536
9/7/2021,29.5003,0.6762,0.6074,0.4892,0.7472,0.7192,0.8998,1.0181,0.5709,0.6526,0.7321,1.0073,0.4032,0.5279,0.4999,0.5816,0.5623,0.5193,0.6461,0.6246,0.5236,0.4268,0.4784,0.7558,0.7235,0.558,0.6117,0.5902,0.4268,0.7687,0.5859,0.3236,0.3408,0.3322,0.4978,0.4204,0.4634,0.487,0.6827,1.6079,0.7336,0.6655,0.7923,0.5709,0.386,0.6848,0.4053,0.6203,0.5515
9/6/2021,27.1872,0.5178,0.537,0.6252,0.8344,0.7097,0.537,0.8536,0.8632,0.6463,0.7154,0.8133,0.5255,0.4583,0.4813,0.5619,0.4084,0.631,0.5926,0.56,0.608,0.4813,0.5389,0.5677,0.4583,0.4909,0.3835,0.4161,0.395,0.7595,0.4737,0.3585,0.4526,0.4353,0.3547,0.395,0.4372,0.5427,0.5178,1.4735,0.6807,0.5849,0.6828,0.4564,0.443,0.4948,0.3988,0.4334,0.6003
9/5/2021,22.6751,0.4323,0.4338,0.4308,0.7346,0.7096,0.6495,0.4499,0.5057,0.4499,0.6656,0.4602,0.3281,0.3545,0.3633,0.4704,0.4528,0.5174,0.422,0.4587,0.5203,0.3765,0.5027,0.5291,0.3384,0.466,0.3252,0.3134,0.3501,0.6187,0.4426,0.2709,0.356,0.3105,0.378,0.2929,0.3677,0.3941,0.4866,1.3157,0.6186,0.5585,0.4969,0.3457,0.4631,0.4866,0.5541,0.4117,0.4954
9/4/2021,21.6339,0.3957,0.3984,0.3398,0.558,0.7147,0.7188,0.7611,0.5525,0.573,0.4203,0.3698,0.4925,0.4162,0.3235,0.4203,0.4789,0.3916,0.3848,0.4393,0.5021,0.4448,0.4707,0.4053,0.3616,0.4243,0.4025,0.3848,0.3385,0.5075,0.4012,0.273,0.3085,0.3494,0.3316,0.3466,0.3753,0.5089,0.468,1.1344,0.5473,0.5143,0.5334,0.3194,0.4598,0.3425,0.3494,0.3739,0.3057
9/3/2021,24.5263,0.5137,0.3931,0.4559,0.8095,0.5749,0.603,0.8856,0.4741,0.7087,0.4443,0.5286,0.4427,0.3782,0.5236,0.4955,0.5269,0.3964,0.5633,0.4179,0.4972,0.4113,0.4988,0.4146,0.4906,0.4972,0.4377,0.5798,0.3435,0.7153,0.4526,0.3964,0.3137,0.3832,0.3732,0.3881,0.4179,0.5203,0.4741,1.6706,0.7582,0.3914,0.4674,0.3881,0.3947,0.5683,0.3518,0.436,0.3584
9/2/2021,17.8163,0.4023,0.4248,0.3178,0.5623,0.3905,0.4435,0.5151,0.5122,0.3326,0.4376,0.4572,0.2953,0.3384,0.3522,0.363,0.3218,0.3119,0.3865,0.3777,0.363,0.3286,0.3522,0.3738,0.3993,0.3453,0.3169,0.2933,0.2756,0.4229,0.3316,0.3247,0.3051,0.2373,0.2737,0.2648,0.3355,0.2786,0.3856,0.8155,0.4219,0.3443,0.4013,0.3807,0.3041,0.3983,0.2894,0.3198,0.3905
9/1/2021,27.187,0.5523,0.4909,0.5677,0.7691,1.0819,0.8325,0.9073,0.8632,0.4142,0.4756,0.5504,0.5485,0.395,0.441,0.5715,0.5178,0.4334,0.6137,0.4564,0.5619,0.4219,0.606,0.6329,0.5197,0.3566,0.5619,0.6425,0.3873,0.7519,0.4506,0.3182,0.3796,0.3758,0.4717,0.3643,0.4909,0.5159,0.6214,1.2642,0.5984,0.6905,0.6041,0.5562,0.5542,0.56,0.5389,0.443,0.4641
8/31/2021,22.2121,0.3756,0.539,0.485,0.6655,0.8261,0.6172,0.4921,0.7309,0.6613,0.4452,0.7011,0.5419,0.4495,0.431,0.3656,0.3912,0.4339,0.4211,0.4822,0.4779,0.3756,0.36,0.4992,0.387,0.3258,0.3571,0.4594,0.3571,0.5802,0.4708,0.2775,0.3628,0.3443,0.2718,0.323,0.3656,0.3315,0.5049,0.8491,0.4351,0.3756,0.3727,0.3159,0.4708,0.5035,0.4381,0.5092,0.4552
8/30/2021,26.03,0.5597,0.484,0.5832,0.8194,1.0231,0.7472,0.5327,0.5687,0.383,0.5056,0.731,0.3668,0.4047,0.4768,0.5597,0.6012,0.4425,0.4353,0.4317,0.4425,0.5651,0.5976,0.63,0.5778,0.4443,0.4371,0.3488,0.3722,0.7761,0.4371,0.4317,0.356,0.3812,0.4425,0.3956,0.4029,0.4984,0.457,1.4025,0.6528,0.6066,0.5146,0.5832,0.5038,0.585,0.5687,0.502,0.4606
8/29/2021,19.8986,0.4808,0.3939,0.4165,0.6283,0.7687,0.4344,0.4974,0.6628,0.3428,0.3511,0.3261,0.4534,0.3166,0.3178,0.3618,0.3202,0.4249,0.3999,0.413,0.3737,0.4023,0.294,0.3999,0.4701,0.3202,0.3213,0.5415,0.2916,0.5331,0.3523,0.3321,0.3083,0.3416,0.3356,0.3237,0.3666,0.2976,0.3261,1.2435,0.5902,0.4772,0.2916,0.2821,0.4165,0.382,0.3154,0.3344,0.3237
8/28/2021,25.9145,0.4873,0.4103,0.4354,0.8367,0.9692,0.6486,0.6808,0.5052,0.4497,0.7005,0.7758,0.6092,0.5142,0.4425,0.4121,0.4175,0.4013,0.4103,0.5715,0.4676,0.5393,0.4211,0.3924,0.5429,0.3978,0.5482,0.7005,0.4103,0.6056,0.4372,0.3261,0.3046,0.4067,0.2992,0.31,0.4766,0.3798,0.5984,1.7391,0.7852,0.5966,0.5608,0.516,0.5859,0.5626,0.3763,0.4963,0.4533
8/27/2021,12.2626,0.2272,0.2668,0.2298,0.2617,0.3598,0.2579,0.338,0.3031,0.2443,0.2724,0.2707,0.2839,0.2549,0.2217,0.2579,0.2651,0.2425,0.2315,0.2617,0.257,0.246,0.2208,0.237,0.2165,0.2391,0.2289,0.2575,0.2127,0.2882,0.2242,0.2293,0.2349,0.2029,0.2003,0.2306,0.2221,0.22,0.2651,0.5843,0.3309,0.2489,0.2148,0.2387,0.2255,0.2327,0.2391,0.2165,0.2472
8/26/2021,10.2964,0.2069,0.2117,0.2213,0.2576,0.222,0.2422,0.2312,0.2303,0.2305,0.2204,0.253,0.2112,0.1926,0.1988,0.2193,0.2108,0.2018,0.1958,0.2018,0.2108,0.2114,0.2149,0.2048,0.2273,0.2059,0.1938,0.2365,0.191,0.236,0.1997,0.1986,0.2013,0.1931,0.1933,0.1869,0.199,0.1972,0.1912,0.3616,0.2434,0.2101,0.1977,0.1965,0.1954,0.2149,0.2108,0.2215,0.1926
8/25/2021,13.304,0.2409,0.2484,0.2685,0.381,0.3523,0.3629,0.382,0.2945,0.3078,0.268,0.3338,0.2616,0.225,0.2356,0.233,0.2319,0.2865,0.2324,0.2786,0.2425,0.2765,0.2696,0.3109,0.2844,0.2224,0.2621,0.3348,0.2245,0.3035,0.2669,0.2192,0.2446,0.2446,0.2409,0.2197,0.2611,0.2372,0.2706,0.5466,0.3161,0.2924,0.2531,0.2627,0.2186,0.2568,0.2759,0.2839,0.2372
8/24/2021,10.1808,0.1998,0.2064,0.2083,0.2207,0.2753,0.2303,0.2042,0.2293,0.2088,0.2378,0.2218,0.2258,0.2101,0.2094,0.2018,0.1994,0.2081,0.2098,0.1976,0.2122,0.2146,0.1941,0.2057,0.2085,0.1924,0.2005,0.2336,0.1928,0.2406,0.2064,0.1885,0.2029,0.1909,0.1994,0.1874,0.2029,0.1913,0.1937,0.3562,0.2412,0.2029,0.2057,0.1926,0.214,0.1946,0.1926,0.2155,0.2024
8/23/2021,10.2965,0.2186,0.2213,0.2195,0.2512,0.2291,0.233,0.2521,0.2197,0.2367,0.2255,0.2135,0.2243,0.1988,0.1977,0.208,0.1945,0.2215,0.2041,0.2227,0.1997,0.2002,0.2195,0.2238,0.2002,0.2002,0.2108,0.2225,0.1917,0.2036,0.2153,0.2004,0.1954,0.1883,0.1933,0.1869,0.2071,0.208,0.2167,0.2946,0.217,0.2264,0.2335,0.2105,0.2002,0.2041,0.2261,0.2186,0.1901
8/22/2021,10.1809,0.2079,0.2,0.2273,0.2264,0.2402,0.2301,0.2229,0.2116,0.2031,0.2255,0.2162,0.2188,0.1937,0.2,0.1922,0.2162,0.219,0.2136,0.2146,0.219,0.1935,0.2096,0.2149,0.207,0.2007,0.1985,0.195,0.1937,0.2055,0.2005,0.188,0.1896,0.1885,0.1907,0.1961,0.1959,0.1979,0.2186,0.385,0.2525,0.2234,0.1972,0.1893,0.2138,0.2205,0.2085,0.192,0.2162
8/21/2021,10.1804,0.2179,0.2105,0.226,0.2255,0.2227,0.2388,0.2548,0.2511,0.2397,0.2253,0.2255,0.1907,0.2083,0.2024,0.1965,0.2118,0.2118,0.2129,0.2088,0.2175,0.1968,0.2125,0.1952,0.2179,0.1955,0.1935,0.2098,0.1907,0.1985,0.2037,0.2013,0.2,0.1848,0.1861,0.1972,0.1965,0.2179,0.2011,0.3211,0.2274,0.1946,0.2155,0.2079,0.1974,0.2133,0.2024,0.2072,0.1961
8/20/2021,10.5279,0.2197,0.2256,0.2329,0.2663,0.2263,0.2663,0.2405,0.2503,0.2286,0.2306,0.2101,0.2197,0.2031,0.196,0.2058,0.2064,0.1975,0.2276,0.216,0.2129,0.199,0.2205,0.2334,0.197,0.2122,0.2099,0.2321,0.194,0.2132,0.2089,0.1854,0.2053,0.2041,0.2033,0.2021,0.2041,0.2127,0.1942,0.4196,0.2661,0.2276,0.2081,0.1942,0.2056,0.1983,0.2053,0.1973,0.1922
8/19/2021,10.2961,0.1967,0.1974,0.1954,0.2413,0.2684,0.2601,0.2114,0.2305,0.1912,0.2048,0.2307,0.2158,0.2029,0.199,0.2025,0.2043,0.2034,0.2227,0.2193,0.2066,0.1926,0.2082,0.211,0.2236,0.2059,0.2165,0.2427,0.1995,0.2298,0.214,0.202,0.1839,0.1981,0.2023,0.1993,0.1965,0.2135,0.2193,0.3218,0.2277,0.2257,0.2186,0.2098,0.188,0.2007,0.2252,0.1967,0.2188
8/18/2021,11.4533,0.243,0.2561,0.2264,0.2834,0.2502,0.2979,0.2299,0.2544,0.2392,0.271,0.2357,0.2299,0.2254,0.2285,0.2464,0.2295,0.2295,0.2537,0.224,0.243,0.225,0.2388,0.2357,0.2278,0.2005,0.2164,0.2129,0.215,0.2419,0.2126,0.2009,0.205,0.2047,0.2188,0.1953,0.2129,0.2195,0.2071,0.5578,0.3205,0.2513,0.2047,0.2116,0.2164,0.2326,0.2091,0.2274,0.234
8/17/2021,10.1807,0.2022,0.2203,0.2177,0.2491,0.2646,0.2203,0.2373,0.2524,0.2249,0.2264,0.1955,0.2249,0.2077,0.2136,0.2061,0.1974,0.1963,0.2072,0.2029,0.2151,0.209,0.2033,0.2094,0.214,0.19,0.1979,0.1974,0.1979,0.2011,0.1955,0.1848,0.1915,0.1935,0.1989,0.1874,0.2009,0.1926,0.2179,0.3341,0.2325,0.2181,0.1959,0.2094,0.2168,0.2151,0.2061,0.1928,0.195
8/16/2021,10.5277,0.2021,0.2205,0.2066,0.2637,0.2501,0.2445,0.2622,0.2218,0.1988,0.2392,0.2478,0.2066,0.219,0.216,0.2015,0.2215,0.2187,0.2182,0.2117,0.2134,0.219,0.221,0.2175,0.2127,0.2152,0.2175,0.2417,0.1952,0.2329,0.2127,0.2026,0.1975,0.1985,0.1894,0.1967,0.2038,0.2015,0.1965,0.3015,0.2197,0.2167,0.2243,0.2251,0.2175,0.2086,0.217,0.2195,0.222
8/15/2021,9.0236,0.1829,0.181,0.1784,0.1952,0.1923,0.2035,0.1919,0.1919,0.197,0.201,0.1895,0.1902,0.1817,0.1871,0.181,0.1886,0.1837,0.181,0.1809,0.1826,0.1836,0.1816,0.1951,0.1874,0.1863,0.1851,0.1878,0.1772,0.1864,0.1828,0.1732,0.1756,0.1815,0.1821,0.1776,0.1834,0.1846,0.1862,0.2714,0.2079,0.1787,0.1921,0.1913,0.183,0.1846,0.1879,0.1814,0.1864
8/14/2021,11.3374,0.2554,0.2237,0.2411,0.3035,0.3335,0.2358,0.2912,0.2785,0.2671,0.2424,0.2948,0.2514,0.2137,0.2087,0.2064,0.2381,0.2211,0.2174,0.2174,0.2191,0.2264,0.2284,0.2538,0.2488,0.204,0.2201,0.204,0.2047,0.2728,0.2114,0.2144,0.2124,0.193,0.2024,0.1997,0.2231,0.205,0.2131,0.3403,0.235,0.2234,0.2391,0.2261,0.2461,0.2474,0.2304,0.2331,0.2187
8/13/2021,10.1803,0.1976,0.1965,0.2026,0.2231,0.2293,0.2214,0.2484,0.246,0.1981,0.2175,0.2131,0.2136,0.2098,0.1989,0.195,0.1946,0.1965,0.2205,0.2181,0.2122,0.2136,0.1922,0.2024,0.2203,0.2074,0.2122,0.195,0.1907,0.2011,0.2024,0.1839,0.1869,0.1835,0.1915,0.1972,0.1965,0.1981,0.2042,0.4293,0.27,0.2066,0.2033,0.2194,0.2173,0.1965,0.2042,0.2098,0.192
8/12/2021,10.2966,0.2103,0.2181,0.2167,0.2551,0.2204,0.2415,0.2388,0.247,0.1919,0.2147,0.2105,0.2,0.2032,0.1993,0.211,0.2202,0.2082,0.2193,0.2059,0.2142,0.2103,0.1887,0.1993,0.225,0.1899,0.1984,0.1963,0.1995,0.2431,0.2151,0.191,0.2029,0.1993,0.199,0.2023,0.2075,0.2186,0.2085,0.3287,0.2304,0.2255,0.1961,0.2117,0.2199,0.2147,0.2039,0.2137,0.211
8/11/2021,23.0223,0.4431,0.4431,0.4957,0.6954,0.5257,0.5723,0.6654,0.6939,0.5107,0.4896,0.6909,0.5557,0.4281,0.398,0.4896,0.3635,0.38,0.4025,0.5272,0.425,0.4656,0.5017,0.4626,0.4776,0.3785,0.4311,0.6609,0.3169,0.4656,0.4506,0.2748,0.3004,0.377,0.2974,0.3875,0.4266,0.386,0.5272,1.2901,0.6086,0.3514,0.5062,0.416,0.3574,0.5362,0.401,0.359,0.413
8/10/2021,19.0888,0.4472,0.3452,0.2953,0.618,0.7111,0.5903,0.567,0.4572,0.4516,0.476,0.4882,0.2964,0.3807,0.3141,0.3862,0.3918,0.3829,0.3663,0.4306,0.3929,0.3884,0.3297,0.3807,0.3252,0.2787,0.3086,0.5115,0.292,0.3352,0.3319,0.2942,0.2709,0.2676,0.3153,0.2875,0.3241,0.3707,0.3252,1.0771,0.5248,0.3208,0.4328,0.2831,0.2776,0.445,0.3286,0.3241,0.3485
8/9/2021,11.4534,0.2516,0.2271,0.2613,0.3031,0.3038,0.2737,0.2754,0.273,0.2257,0.2768,0.2893,0.2375,0.2047,0.2337,0.2133,0.2371,0.225,0.2502,0.2475,0.244,0.2102,0.2444,0.2306,0.2316,0.2078,0.2219,0.2748,0.2071,0.2689,0.2371,0.2116,0.2053,0.1936,0.2143,0.2223,0.2205,0.223,0.2333,0.2807,0.2115,0.244,0.2357,0.2026,0.2036,0.2523,0.2464,0.2226,0.2419
8/8/2021,21.8655,0.505,0.419,0.5064,0.5743,0.5563,0.6381,0.4675,0.7046,0.3455,0.3608,0.4204,0.5258,0.3649,0.3372,0.4454,0.4357,0.358,0.3885,0.401,0.462,0.4315,0.4232,0.3788,0.4592,0.3206,0.3511,0.3109,0.3428,0.3691,0.4176,0.315,0.3844,0.3039,0.2679,0.3414,0.3746,0.4176,0.4537,1.6563,0.7526,0.5327,0.5147,0.3844,0.383,0.444,0.5008,0.4024,0.4149
8/7/2021,26.6087,0.6747,0.6151,0.5816,0.9371,0.7045,0.5574,0.9464,0.9501,0.4737,0.4179,0.5426,0.6189,0.429,0.5574,0.4886,0.4886,0.5519,0.6319,0.429,0.5481,0.537,0.3751,0.6542,0.5202,0.5519,0.4421,0.5109,0.3844,0.6096,0.5537,0.4235,0.3788,0.4495,0.39,0.3602,0.4253,0.5035,0.3956,1.3246,0.6221,0.4253,0.5481,0.4737,0.5146,0.5091,0.5761,0.4905,0.5146
8/6/2021,20.1299,0.5002,0.4808,0.3001,0.5827,0.5815,0.6507,0.3923,0.6482,0.3498,0.4275,0.5221,0.3207,0.4008,0.4214,0.3341,0.328,0.4081,0.3486,0.4165,0.3826,0.3486,0.4432,0.3207,0.3316,0.3086,0.385,0.5403,0.3353,0.4311,0.4202,0.2431,0.3159,0.3025,0.2722,0.3244,0.3777,0.3717,0.3729,1.052,0.5149,0.4335,0.4808,0.4141,0.3886,0.4117,0.4408,0.3219,0.4299
8/5/2021,20.0143,0.3565,0.4238,0.4802,0.6593,0.5511,0.64,0.6352,0.6184,0.5163,0.3781,0.4106,0.3793,0.3889,0.3901,0.3901,0.4394,0.3841,0.425,0.3589,0.3673,0.3217,0.4346,0.4971,0.4358,0.2892,0.4214,0.2976,0.2868,0.3397,0.3949,0.2616,0.27,0.2892,0.3132,0.3108,0.3313,0.3613,0.3973,0.9643,0.4804,0.443,0.4178,0.3793,0.3024,0.3385,0.4178,0.4346,0.3901
8/4/2021,19.5517,0.3792,0.3503,0.3677,0.4855,0.489,0.4959,0.5201,0.4959,0.5837,0.5536,0.3677,0.4046,0.3896,0.3007,0.3792,0.3145,0.3746,0.3965,0.4254,0.3492,0.3607,0.2984,0.3642,0.3365,0.3122,0.3723,0.5051,0.2984,0.5248,0.4116,0.3261,0.2845,0.3411,0.3399,0.303,0.3607,0.3088,0.3989,1.0587,0.5176,0.422,0.4173,0.3989,0.3792,0.3353,0.43,0.3457,0.3769
8/3/2021,21.2867,0.5121,0.455,0.3872,0.5825,0.4656,0.5825,0.7035,0.5799,0.3846,0.5626,0.633,0.5081,0.4311,0.3314,0.4457,0.4218,0.3859,0.4244,0.3673,0.4417,0.358,0.4749,0.3859,0.4377,0.3022,0.4045,0.3128,0.3314,0.4789,0.3726,0.3514,0.2823,0.261,0.3726,0.3673,0.3859,0.4683,0.366,1.0735,0.5234,0.3394,0.5281,0.4523,0.2969,0.4576,0.4789,0.4125,0.4045
8/2/2021,22.7908,0.3797,0.3989,0.353,0.7716,0.8707,0.6237,0.7302,0.5216,0.6636,0.4433,0.4995,0.4447,0.353,0.4285,0.3693,0.4033,0.3915,0.5083,0.4137,0.3944,0.3575,0.3308,0.3693,0.535,0.3619,0.3501,0.4714,0.3264,0.3589,0.4137,0.3737,0.4004,0.3412,0.3767,0.3382,0.427,0.4388,0.4477,1.5106,0.6953,0.4462,0.3575,0.3663,0.4876,0.5335,0.5586,0.4344,0.4196
8/1/2021,17.2378,0.3551,0.3237,0.2886,0.4004,0.4198,0.4734,0.4004,0.3717,0.3773,0.3348,0.3801,0.2978,0.3135,0.3486,0.32,0.2803,0.3865,0.3348,0.3145,0.3523,0.3135,0.3699,0.3967,0.3256,0.3191,0.2729,0.3717,0.2692,0.442,0.3191,0.2683,0.3062,0.2812,0.2941,0.2517,0.2932,0.357,0.3302,1.0014,0.495,0.356,0.4346,0.3274,0.2729,0.3976,0.3976,0.369,0.3311
7/31/2021,23.485,0.4067,0.4485,0.4113,0.5306,0.6343,0.6204,0.4485,0.6064,0.5631,0.5151,0.5801,0.4578,0.3602,0.4686,0.3943,0.5058,0.5011,0.4795,0.4067,0.4144,0.4996,0.5228,0.5476,0.4222,0.4593,0.3773,0.6591,0.3293,0.4005,0.4857,0.2689,0.3989,0.3432,0.2859,0.32,0.3958,0.3788,0.3401,2.1271,0.9378,0.3664,0.45,0.4717,0.354,0.3804,0.3835,0.402,0.4237
7/30/2021,13.3045,0.2765,0.2908,0.2282,0.3014,0.3544,0.2674,0.2669,0.355,0.3083,0.2743,0.3375,0.2335,0.2462,0.2356,0.2781,0.2648,0.2812,0.2796,0.2415,0.2452,0.2754,0.2754,0.2765,0.2643,0.2462,0.2728,0.3428,0.2351,0.32,0.2765,0.2208,0.2452,0.2266,0.2505,0.2277,0.2515,0.2521,0.2383,0.5306,0.3098,0.2961,0.2987,0.2892,0.2749,0.2722,0.2308,0.2839,0.2542
7/29/2021,17.4692,0.321,0.3665,0.3845,0.4167,0.374,0.4403,0.4867,0.5511,0.2983,0.3703,0.3343,0.3447,0.3617,0.3693,0.3191,0.3305,0.3816,0.2964,0.3125,0.356,0.2765,0.3021,0.374,0.2973,0.3106,0.2917,0.4574,0.2936,0.4053,0.3049,0.3163,0.2765,0.2367,0.2737,0.2547,0.3333,0.3163,0.3684,1.2078,0.5762,0.3049,0.3153,0.2718,0.3418,0.4034,0.34,0.3257,0.2775
7/28/2021,13.5355,0.32,0.299,0.2674,0.3521,0.3067,0.3947,0.315,0.2818,0.2696,0.2464,0.2912,0.227,0.2464,0.2674,0.2569,0.294,0.2575,0.2541,0.2624,0.294,0.2303,0.2209,0.304,0.2386,0.2741,0.2353,0.2741,0.2403,0.31,0.2752,0.2281,0.2342,0.2292,0.2386,0.248,0.2635,0.2397,0.2962,0.7261,0.3867,0.2746,0.2929,0.2353,0.2586,0.2968,0.248,0.2868,0.2458
7/27/2021,14.8081,0.2736,0.2606,0.3519,0.4138,0.3314,0.3437,0.3512,0.3825,0.3437,0.2987,0.2579,0.3498,0.2817,0.2456,0.2885,0.313,0.3049,0.2994,0.3015,0.2899,0.313,0.2722,0.326,0.247,0.23,0.3137,0.3199,0.2477,0.2844,0.3008,0.2572,0.2164,0.262,0.2688,0.2293,0.2695,0.2681,0.3226,0.859,0.439,0.2763,0.3382,0.2593,0.2463,0.3062,0.3239,0.2708,0.2572
7/26/2021,15.6182,0.3046,0.284,0.3609,0.3663,0.5179,0.46,0.3663,0.463,0.3122,0.3091,0.2802,0.2573,0.303,0.2581,0.2787,0.2718,0.3084,0.3106,0.2878,0.3213,0.2969,0.2924,0.3396,0.3312,0.3213,0.2771,0.2832,0.2558,0.2916,0.2931,0.2657,0.2627,0.284,0.2566,0.2375,0.2893,0.3244,0.3411,0.8217,0.4243,0.3068,0.2558,0.3289,0.3335,0.268,0.3312,0.3503,0.3327
7/25/2021,18.6257,0.4366,0.3346,0.444,0.4929,0.4525,0.5099,0.3728,0.4886,0.2857,0.4313,0.4206,0.3388,0.3802,0.2952,0.2899,0.3303,0.3207,0.3739,0.3632,0.3877,0.3898,0.3834,0.3218,0.4036,0.2963,0.2931,0.4568,0.3069,0.5216,0.3367,0.2782,0.2846,0.2952,0.2697,0.3122,0.3261,0.2889,0.3983,1.2892,0.6082,0.3303,0.3335,0.4196,0.3048,0.3144,0.4557,0.2984,0.359
7/24/2021,14.8081,0.3362,0.3056,0.2858,0.3457,0.5166,0.4322,0.3634,0.3137,0.249,0.3164,0.2953,0.2906,0.2606,0.2654,0.2953,0.2531,0.3314,0.309,0.3015,0.2749,0.2565,0.3022,0.249,0.3199,0.2715,0.3035,0.3716,0.2443,0.296,0.2831,0.2239,0.2375,0.232,0.2586,0.2218,0.2783,0.2824,0.3042,0.7198,0.3842,0.3471,0.3348,0.2865,0.3015,0.3287,0.2518,0.2708,0.3049
7/23/2021,13.4201,0.248,0.242,0.2463,0.3369,0.4149,0.3715,0.3721,0.3103,0.3043,0.3276,0.248,0.3076,0.2637,0.2696,0.2756,0.294,0.2453,0.2463,0.2707,0.2463,0.236,0.2279,0.2556,0.2978,0.255,0.2832,0.345,0.2236,0.3314,0.2827,0.2501,0.248,0.248,0.2252,0.2247,0.2431,0.2995,0.2393,0.4759,0.2883,0.313,0.2225,0.2518,0.2724,0.2637,0.229,0.2686,0.2778
7/22/2021,16.8904,0.3089,0.372,0.2894,0.4023,0.5934,0.5232,0.4174,0.4938,0.2769,0.4574,0.4938,0.2822,0.2654,0.3009,0.3463,0.3454,0.364,0.3151,0.2929,0.3818,0.3418,0.3045,0.3516,0.2787,0.348,0.34,0.3151,0.2609,0.388,0.3516,0.2698,0.2974,0.2582,0.2405,0.2547,0.3178,0.3027,0.3089,0.776,0.4064,0.356,0.3071,0.3747,0.2618,0.3294,0.3943,0.324,0.308
7/21/2021,17.5847,0.3459,0.3363,0.39,0.4178,0.4417,0.5635,0.4571,0.5558,0.4954,0.3545,0.4695,0.3354,0.3632,0.2759,0.2798,0.3354,0.3181,0.2817,0.3421,0.3114,0.3392,0.3862,0.4082,0.297,0.2836,0.3018,0.4331,0.2807,0.3938,0.3708,0.2817,0.2913,0.2539,0.3018,0.2683,0.3191,0.3085,0.3286,0.8924,0.4521,0.3037,0.4178,0.3526,0.3181,0.3056,0.4034,0.3574,0.2635
7/20/2021,18.6262,0.4047,0.3271,0.4334,0.5811,0.4812,0.5683,0.6183,0.546,0.2889,0.5003,0.4174,0.3622,0.3601,0.3739,0.291,0.3218,0.4004,0.3813,0.3526,0.4036,0.3792,0.2697,0.3027,0.3282,0.3335,0.3973,0.3856,0.2942,0.3399,0.3282,0.2942,0.3186,0.2921,0.3059,0.2793,0.3101,0.3664,0.2782,1.0689,0.5215,0.291,0.3314,0.2846,0.3781,0.3951,0.3399,0.4143,0.3845
7/19/2021,19.0889,0.4694,0.4295,0.4017,0.4428,0.7133,0.4073,0.6002,0.4516,0.5459,0.3652,0.4705,0.4339,0.3319,0.3252,0.313,0.3241,0.4273,0.4284,0.3652,0.394,0.404,0.2898,0.364,0.4261,0.3275,0.3918,0.4783,0.2798,0.4605,0.313,0.2654,0.3419,0.2864,0.3252,0.3197,0.3408,0.3064,0.4095,0.6418,0.3536,0.3252,0.4483,0.3363,0.3796,0.4206,0.4361,0.3552,0.4217
7/18/2021,18.5103,0.4399,0.3348,0.2928,0.5745,0.4778,0.4631,0.4368,0.3937,0.4326,0.3054,0.4568,0.3905,0.3212,0.3495,0.379,0.3243,0.3317,0.318,0.3569,0.3275,0.3096,0.3306,0.4389,0.4357,0.3065,0.3559,0.3317,0.3117,0.4893,0.3842,0.3222,0.3306,0.3264,0.2823,0.2686,0.3254,0.298,0.3811,1.1111,0.5381,0.3527,0.3926,0.3485,0.3884,0.4137,0.3674,0.3716,0.2907
7/17/2021,20.1298,0.4226,0.3341,0.3595,0.5706,0.7392,0.6507,0.5099,0.5378,0.5354,0.5573,0.3874,0.3049,0.4117,0.4044,0.3171,0.4068,0.3595,0.3171,0.4372,0.351,0.3632,0.2868,0.4323,0.3098,0.3704,0.3959,0.3607,0.3401,0.4942,0.3632,0.3328,0.3244,0.351,0.3438,0.2807,0.3353,0.3595,0.4408,0.9571,0.4776,0.4675,0.5015,0.3231,0.4493,0.419,0.4687,0.3486,0.3183
7/16/2021,23.3695,0.4971,0.3726,0.5924,0.5632,0.6539,0.7323,0.7015,0.5801,0.3449,0.368,0.6308,0.4049,0.3388,0.451,0.5248,0.4925,0.4126,0.4341,0.4971,0.3972,0.4387,0.4126,0.4848,0.5693,0.3065,0.4095,0.6293,0.3496,0.3711,0.4326,0.4034,0.408,0.3557,0.3496,0.3373,0.3803,0.5463,0.451,1.7451,0.7875,0.5017,0.3296,0.3496,0.5002,0.4556,0.368,0.3834,0.3234
7/15/2021,21.0556,0.3599,0.4891,0.3756,0.5139,0.6497,0.497,0.7085,0.6954,0.544,0.51,0.3899,0.4461,0.3129,0.45,0.3586,0.4722,0.3977,0.4526,0.4199,0.4108,0.3312,0.3325,0.51,0.5139,0.3834,0.4121,0.4552,0.3181,0.4917,0.3455,0.322,0.2711,0.3168,0.3051,0.3547,0.3351,0.4043,0.4787,1.1608,0.5577,0.3547,0.3103,0.3194,0.45,0.4839,0.4226,0.3403,0.3207
7/14/2021,20.824,0.4757,0.3911,0.3744,0.6104,0.4783,0.6553,0.6027,0.4975,0.5296,0.4706,0.3744,0.3129,0.3911,0.3988,0.4655,0.3872,0.4116,0.3693,0.4591,0.477,0.4116,0.3744,0.4565,0.4693,0.3013,0.4398,0.5065,0.3436,0.427,0.3616,0.2936,0.3129,0.3218,0.3449,0.3244,0.3347,0.4616,0.4385,1.0861,0.5283,0.4975,0.4937,0.2975,0.3436,0.4193,0.3693,0.436,0.2962
7/13/2021,21.9808,0.3736,0.526,0.5525,0.4812,0.828,0.7021,0.4631,0.6043,0.3708,0.4001,0.5777,0.5162,0.4155,0.3694,0.4463,0.4826,0.4421,0.4617,0.4491,0.4701,0.3876,0.389,0.3302,0.5358,0.2939,0.4477,0.3904,0.34,0.4784,0.4323,0.3568,0.3526,0.3079,0.3764,0.2925,0.3512,0.4281,0.4113,1.16,0.5574,0.4365,0.4211,0.4365,0.4812,0.4183,0.3442,0.4756,0.4155
7/12/2021,24.5264,0.5154,0.3881,0.3799,0.6459,0.5782,0.4922,0.7897,0.6426,0.5997,0.5815,0.5435,0.4212,0.3749,0.4509,0.4658,0.4113,0.3997,0.4526,0.4278,0.5501,0.4013,0.3584,0.3666,0.598,0.4294,0.3716,0.5435,0.3749,0.5782,0.4724,0.3336,0.3104,0.3799,0.289,0.3005,0.4294,0.3765,0.484,2.3443,1.0232,0.5749,0.5302,0.3567,0.4476,0.4873,0.4443,0.4377,0.3716
7/11/2021,17.9319,0.3842,0.416,0.3842,0.4587,0.6047,0.4746,0.4169,0.4189,0.414,0.4458,0.5192,0.415,0.2769,0.2928,0.3415,0.3037,0.3425,0.3663,0.3643,0.403,0.3405,0.3534,0.2978,0.3474,0.258,0.2779,0.4557,0.3097,0.4229,0.3494,0.265,0.268,0.3017,0.3027,0.268,0.3127,0.3156,0.2729,0.9935,0.4919,0.3544,0.3047,0.27,0.3633,0.3732,0.3206,0.3742,0.3236
7/10/2021,13.9968,0.2914,0.256,0.2986,0.3982,0.3244,0.4042,0.4192,0.4018,0.2938,0.3238,0.3694,0.3124,0.256,0.2554,0.2638,0.2404,0.2572,0.3172,0.2566,0.2578,0.3022,0.3094,0.2716,0.2746,0.2806,0.2638,0.2344,0.232,0.2842,0.2602,0.2171,0.2374,0.253,0.25,0.2296,0.2638,0.289,0.2908,0.6178,0.3441,0.2374,0.2548,0.2662,0.2734,0.2692,0.2602,0.277,0.2554
7/9/2021,17.2378,0.3995,0.3514,0.3625,0.5195,0.5436,0.3856,0.5611,0.4383,0.4577,0.4096,0.4604,0.3995,0.2932,0.3422,0.3163,0.3366,0.3542,0.2905,0.3329,0.3015,0.3551,0.3838,0.3967,0.3699,0.2858,0.3237,0.3283,0.2803,0.3717,0.2978,0.2295,0.3172,0.3099,0.2738,0.2424,0.3108,0.3182,0.2858,0.6772,0.3675,0.3773,0.3145,0.3616,0.2951,0.357,0.3533,0.3228,0.2747
7/8/2021,17.8163,0.3689,0.3964,0.3571,0.4788,0.523,0.5681,0.4062,0.4818,0.3031,0.3964,0.4317,0.311,0.2874,0.3797,0.3748,0.3021,0.3002,0.4062,0.3208,0.4032,0.3316,0.3551,0.4111,0.3198,0.2619,0.3758,0.3335,0.2904,0.3542,0.2962,0.2972,0.2403,0.2913,0.2796,0.3021,0.3119,0.2894,0.2717,1.1762,0.5638,0.3139,0.2599,0.3767,0.3198,0.4042,0.2962,0.3895,0.3061
7/7/2021,23.8314,0.5102,0.4089,0.5656,0.8142,0.5371,0.515,0.7968,0.6416,0.5419,0.3978,0.4627,0.4912,0.4136,0.4516,0.4991,0.477,0.5007,0.5086,0.4912,0.3978,0.4342,0.5118,0.4295,0.3661,0.3867,0.4659,0.6131,0.3329,0.5276,0.4706,0.3614,0.2902,0.3028,0.3187,0.3946,0.3978,0.3598,0.5166,1.4631,0.6766,0.5593,0.3915,0.4516,0.4231,0.4928,0.4469,0.5039,0.5197
7/6/2021,19.0888,0.3463,0.3363,0.3918,0.4494,0.6446,0.4306,0.6402,0.5426,0.4794,0.3552,0.364,0.2931,0.3319,0.3341,0.4195,0.4184,0.2975,0.3585,0.3851,0.3518,0.3341,0.3585,0.455,0.4616,0.2687,0.3053,0.5126,0.3141,0.5126,0.3175,0.3119,0.2931,0.313,0.3042,0.2798,0.333,0.3363,0.4206,1.0381,0.5094,0.404,0.3618,0.4217,0.2942,0.3929,0.3175,0.3796,0.3674
7/5/2021,24.295,0.6017,0.6066,0.6083,0.6327,0.5496,0.7354,0.6571,0.6197,0.6685,0.6506,0.7859,0.4893,0.4111,0.4306,0.3801,0.3964,0.5268,0.4812,0.504,0.4127,0.3606,0.4812,0.4909,0.5349,0.4502,0.3589,0.6099,0.3573,0.693,0.3899,0.3378,0.3101,0.3215,0.2856,0.4274,0.4502,0.3997,0.4567,1.1677,0.5604,0.4975,0.4486,0.4975,0.3492,0.4111,0.4991,0.548,0.4518
7/4/2021,28.3438,0.6244,0.482,0.6447,0.6854,0.7811,0.6061,0.541,0.9641,0.899,0.5613,0.7587,0.3966,0.3904,0.5634,0.5959,0.5451,0.543,0.4983,0.4983,0.5369,0.5369,0.4006,0.5247,0.5084,0.4352,0.4291,0.4393,0.3742,0.5166,0.5573,0.3681,0.5064,0.4454,0.4555,0.4433,0.4718,0.5878,0.4047,2.1421,0.9437,0.5329,0.657,0.539,0.5329,0.6061,0.7139,0.5796,0.5756
7/3/2021,19.6666,0.3522,0.477,0.3732,0.6194,0.6754,0.414,0.5832,0.4187,0.3008,0.3907,0.5797,0.4385,0.337,0.3113,0.4058,0.3207,0.33,0.4128,0.4245,0.3463,0.3568,0.386,0.4758,0.3323,0.281,0.3767,0.4572,0.3148,0.5108,0.3848,0.2588,0.2565,0.2903,0.267,0.3288,0.3265,0.428,0.2973,1.179,0.5649,0.3253,0.435,0.3335,0.4233,0.4,0.4688,0.3277,0.3685
7/2/2021,22.2125,0.4424,0.4751,0.5362,0.5362,0.8261,0.7451,0.6286,0.7067,0.5504,0.4026,0.6726,0.4751,0.4367,0.4125,0.3799,0.458,0.4978,0.3813,0.5092,0.5049,0.4793,0.3884,0.3941,0.4751,0.3202,0.3159,0.6101,0.3088,0.549,0.3884,0.3571,0.2875,0.3045,0.3301,0.3159,0.4168,0.4282,0.3585,0.7685,0.4034,0.4822,0.4282,0.4708,0.4779,0.522,0.3855,0.3585,0.3102
7/1/2021,19.2044,0.4569,0.365,0.328,0.5487,0.5207,0.523,0.4748,0.6294,0.3056,0.3762,0.505,0.4367,0.3011,0.3347,0.3314,0.3616,0.3258,0.3482,0.3459,0.3359,0.3527,0.2922,0.3056,0.4277,0.3863,0.3426,0.3896,0.3202,0.3762,0.3807,0.2798,0.3123,0.2552,0.3336,0.2753,0.3605,0.3123,0.3997,1.2161,0.5794,0.4703,0.3639,0.393,0.3078,0.4031,0.4378,0.3706,0.4053
6/30/2021,24.0635,0.4799,0.5779,0.3819,0.6245,0.7128,0.708,0.8092,0.512,0.5136,0.3819,0.6984,0.3819,0.4092,0.5072,0.3739,0.4654,0.4815,0.5442,0.4237,0.4558,0.4622,0.3707,0.361,0.3337,0.4767,0.4751,0.5522,0.3964,0.7096,0.496,0.2952,0.3916,0.4012,0.4028,0.3096,0.406,0.3498,0.549,1.6285,0.7417,0.4751,0.3482,0.4044,0.3932,0.4606,0.4446,0.4654,0.5201
6/29/2021,17.1217,0.2916,0.3518,0.33,0.4868,0.5963,0.3637,0.4485,0.3719,0.4349,0.4339,0.392,0.3765,0.3126,0.361,0.3655,0.3883,0.3309,0.3683,0.2935,0.3728,0.3719,0.2743,0.3801,0.3062,0.319,0.2743,0.2752,0.2707,0.3938,0.3062,0.2506,0.2907,0.277,0.2871,0.3081,0.2825,0.2907,0.3126,0.8888,0.4507,0.3819,0.2761,0.3181,0.2962,0.2843,0.3518,0.3792,0.3528
6/28/2021,22.9065,0.35,0.4305,0.5557,0.5751,0.7793,0.514,0.4171,0.7033,0.508,0.5319,0.5229,0.5691,0.3396,0.432,0.3888,0.3813,0.4052,0.3634,0.3962,0.4842,0.3455,0.4365,0.3992,0.3262,0.4544,0.4663,0.5334,0.35,0.5677,0.3709,0.4022,0.3306,0.28,0.2844,0.4067,0.3679,0.4678,0.3411,1.9597,0.872,0.4096,0.3336,0.3441,0.3515,0.5274,0.5527,0.4439,0.3336
6/27/2021,27.6493,0.6501,0.4929,0.6383,0.7817,0.654,0.8819,0.6795,0.7011,0.5125,0.5852,0.5695,0.6088,0.5518,0.426,0.4457,0.5066,0.4319,0.4044,0.4987,0.4437,0.5872,0.6049,0.4201,0.6284,0.4162,0.5715,0.8131,0.3907,0.4398,0.483,0.3396,0.3769,0.3278,0.3376,0.3985,0.4437,0.4634,0.5439,2.2186,0.9738,0.6166,0.5557,0.5891,0.5105,0.4889,0.595,0.5105,0.54
6/26/2021,22.328,0.4747,0.5077,0.3429,0.6982,0.7598,0.7341,0.5607,0.5335,0.5335,0.651,0.6667,0.3271,0.3572,0.3544,0.4031,0.4131,0.383,0.3486,0.4217,0.5077,0.3716,0.4976,0.4733,0.4274,0.3028,0.3515,0.4432,0.3099,0.6209,0.393,0.3099,0.3515,0.3271,0.3615,0.3286,0.3859,0.4633,0.4446,1.2279,0.5841,0.3501,0.565,0.4862,0.3228,0.4747,0.4375,0.3888,0.3486
6/25/2021,22.7909,0.5645,0.498,0.535,0.5912,0.8648,0.4595,0.6015,0.6622,0.6193,0.6148,0.4625,0.3752,0.3501,0.4063,0.3589,0.5098,0.4507,0.4536,0.393,0.427,0.3663,0.3604,0.4802,0.3353,0.461,0.4595,0.4492,0.3397,0.3723,0.4373,0.2717,0.282,0.3456,0.2746,0.3545,0.3545,0.5305,0.5128,1.4193,0.6594,0.3767,0.5764,0.3797,0.4359,0.4817,0.4403,0.4462,0.39
6/24/2021,20.1301,0.4032,0.362,0.3401,0.5609,0.6288,0.4614,0.368,0.6046,0.5087,0.4651,0.5172,0.3704,0.3704,0.3353,0.3717,0.3935,0.4287,0.4408,0.4432,0.4311,0.4081,0.3814,0.3571,0.3571,0.2977,0.3838,0.4541,0.3037,0.4772,0.3426,0.2431,0.2952,0.2673,0.3474,0.362,0.3692,0.3753,0.3959,1.4377,0.6666,0.3074,0.2868,0.4493,0.2892,0.4081,0.3814,0.3171,0.3632
6/23/2021,20.2459,0.3173,0.4753,0.4299,0.4802,0.5255,0.5206,0.6896,0.5781,0.5267,0.354,0.6369,0.3112,0.381,0.3601,0.4471,0.4018,0.3136,0.332,0.4153,0.3479,0.3846,0.3589,0.3969,0.3504,0.3148,0.4153,0.3455,0.2965,0.3246,0.3467,0.305,0.3467,0.3552,0.3185,0.2806,0.3283,0.4618,0.4238,1.4024,0.6527,0.3075,0.3663,0.3565,0.3969,0.4091,0.403,0.365,0.3883
6/22/2021,26.2614,0.4808,0.6031,0.6323,0.7474,0.9044,0.9227,0.4935,0.6835,0.3621,0.7602,0.6342,0.5702,0.4698,0.4059,0.4296,0.5337,0.4771,0.4862,0.5556,0.5009,0.5009,0.3621,0.5757,0.4497,0.468,0.5355,0.5009,0.4168,0.3986,0.4589,0.2908,0.3475,0.457,0.4168,0.4406,0.415,0.4041,0.4735,1.7853,0.8033,0.4223,0.373,0.5757,0.5849,0.5593,0.667,0.4716,0.4534
6/21/2021,22.791,0.3959,0.4847,0.4211,0.6814,0.5867,0.7184,0.5394,0.7051,0.5675,0.6178,0.393,0.4714,0.3382,0.4728,0.3471,0.3767,0.4669,0.4861,0.5069,0.4965,0.3989,0.495,0.5438,0.4107,0.4196,0.3294,0.4211,0.3308,0.5143,0.3619,0.3856,0.3663,0.2776,0.3486,0.3338,0.427,0.4063,0.3989,1.2611,0.5972,0.4788,0.5009,0.5128,0.3604,0.5009,0.5157,0.4758,0.3442
6/20/2021,18.3948,0.4515,0.4328,0.4141,0.5939,0.3891,0.3787,0.3902,0.5461,0.5118,0.3205,0.4078,0.4588,0.3777,0.3496,0.308,0.3777,0.333,0.2956,0.361,0.3361,0.3018,0.2779,0.413,0.2675,0.2706,0.3319,0.4764,0.306,0.439,0.3579,0.2665,0.2644,0.2956,0.3091,0.3257,0.3018,0.4286,0.2779,1.1716,0.5619,0.3714,0.2966,0.3361,0.3725,0.3496,0.3132,0.361,0.3153
6/19/2021,24.5261,0.4162,0.4179,0.5815,0.5583,0.5997,0.522,0.8145,0.6773,0.4427,0.5897,0.5071,0.6129,0.4261,0.4757,0.4641,0.4179,0.5666,0.4063,0.5253,0.5319,0.3732,0.4608,0.5104,0.4707,0.4146,0.4179,0.6377,0.3418,0.4625,0.4625,0.4327,0.3204,0.3336,0.3749,0.4327,0.4327,0.4575,0.5418,1.6682,0.7573,0.5732,0.4625,0.3485,0.3782,0.5451,0.4575,0.4278,0.4757
6/18/2021,20.3618,0.3373,0.3694,0.4844,0.6562,0.6141,0.43,0.3954,0.5375,0.357,0.3323,0.5202,0.3805,0.404,0.4164,0.3447,0.4497,0.3237,0.4522,0.3768,0.3966,0.3669,0.3138,0.472,0.4782,0.3076,0.3237,0.4955,0.3076,0.5041,0.3954,0.3138,0.3187,0.2903,0.2693,0.3447,0.3682,0.4658,0.4139,1.2464,0.5914,0.3063,0.4213,0.4275,0.315,0.383,0.4485,0.4497,0.4448
6/17/2021,18.9729,0.4344,0.4234,0.3346,0.5836,0.6637,0.4915,0.6297,0.554,0.4706,0.509,0.5211,0.4366,0.2961,0.3554,0.373,0.3554,0.3181,0.4399,0.3236,0.3499,0.3598,0.3499,0.3236,0.3784,0.2797,0.3104,0.4344,0.2918,0.3378,0.3258,0.3378,0.2808,0.2764,0.2753,0.2841,0.3631,0.373,0.3214,0.9148,0.461,0.3916,0.2819,0.3159,0.3093,0.4026,0.3631,0.419,0.3466
6/16/2021,23.7162,0.459,0.5611,0.5124,0.8047,0.6429,0.5014,0.5109,0.635,0.734,0.6633,0.5957,0.5219,0.3505,0.4464,0.4244,0.448,0.5391,0.5486,0.4684,0.5171,0.492,0.4983,0.4181,0.4763,0.4386,0.3521,0.3836,0.3584,0.4338,0.3977,0.3977,0.3631,0.2955,0.305,0.3474,0.437,0.4731,0.5219,1.2416,0.5895,0.4087,0.503,0.4574,0.382,0.4527,0.5093,0.4716,0.426
6/15/2021,24.6419,0.5727,0.4745,0.3714,0.6227,0.8706,0.5045,0.596,0.6876,0.5594,0.4163,0.4462,0.5577,0.408,0.4629,0.4845,0.4363,0.5444,0.3863,0.4945,0.4945,0.3714,0.388,0.5994,0.4046,0.3131,0.4978,0.6742,0.3847,0.4596,0.4596,0.3314,0.3997,0.3714,0.3281,0.4296,0.423,0.4113,0.3481,2.1207,0.9353,0.5062,0.4279,0.581,0.403,0.4046,0.3531,0.5278,0.3963
6/14/2021,26.2614,0.6196,0.457,0.6616,0.8314,0.7437,0.8953,0.9391,0.8843,0.7656,0.6597,0.7474,0.5374,0.5301,0.5246,0.4187,0.4132,0.4296,0.5648,0.5611,0.5191,0.5082,0.6104,0.6579,0.4826,0.5282,0.5009,0.6451,0.4114,0.3986,0.5246,0.3475,0.3621,0.3803,0.4479,0.3803,0.4059,0.4369,0.5739,0.7853,0.41,0.4004,0.4095,0.5702,0.5209,0.4497,0.583,0.457,0.3694
6/13/2021,29.2695,0.5602,0.5155,0.5665,1.0302,0.7367,0.5687,0.6729,0.641,0.3985,0.5516,0.7494,0.3985,0.5261,0.4006,0.5708,0.6388,0.4347,0.6346,0.6622,0.4985,0.407,0.6516,0.6048,0.6856,0.5814,0.4793,0.4155,0.4538,0.5389,0.5538,0.4389,0.4985,0.4729,0.4623,0.4815,0.5368,0.4793,0.4262,2.4015,1.0457,0.7261,0.6984,0.6261,0.5304,0.5963,0.49,0.6644,0.5665
6/12/2021,26.7242,0.6647,0.4737,0.6423,0.6048,0.8239,0.5093,0.6498,0.7434,0.8201,0.5599,0.9007,0.5337,0.5355,0.5636,0.4681,0.44,0.4494,0.5617,0.4363,0.5749,0.5524,0.5805,0.4438,0.6273,0.47,0.4513,0.4475,0.412,0.6797,0.4363,0.3988,0.309,0.3034,0.455,0.4363,0.4887,0.5861,0.3988,1.5428,0.7079,0.5917,0.6984,0.4756,0.3502,0.44,0.3801,0.5112,0.5936
6/11/2021,21.7497,0.4265,0.3523,0.366,0.5159,0.6947,0.5819,0.4499,0.5132,0.4334,0.4183,0.509,0.3605,0.4197,0.3825,0.3619,0.4568,0.4375,0.4128,0.4513,0.4307,0.4747,0.4128,0.487,0.4829,0.3908,0.4664,0.3908,0.3509,0.4678,0.3482,0.2739,0.3949,0.2849,0.3482,0.3275,0.3674,0.4953,0.3399,1.6834,0.7633,0.5255,0.3619,0.3688,0.3042,0.432,0.4032,0.4018,0.4265
6/10/2021,20.5929,0.4223,0.4437,0.348,0.4727,0.7623,0.3959,0.4135,0.4702,0.5608,0.5596,0.6162,0.445,0.3581,0.3669,0.4362,0.445,0.3279,0.3556,0.3681,0.3984,0.3707,0.3467,0.4815,0.3681,0.3719,0.3933,0.421,0.314,0.4613,0.4084,0.2964,0.3606,0.2813,0.353,0.3543,0.3379,0.3543,0.4072,1.2331,0.5862,0.4664,0.3467,0.4072,0.4047,0.4299,0.348,0.3228,0.3996
6/9/2021,21.4027,0.4213,0.3878,0.4495,0.6143,0.7778,0.5366,0.4535,0.4749,0.3208,0.3489,0.613,0.4562,0.3664,0.4428,0.3262,0.3302,0.4749,0.3355,0.428,0.4696,0.3798,0.4079,0.4562,0.357,0.3262,0.4575,0.3409,0.3489,0.4186,0.4052,0.3154,0.3865,0.3543,0.357,0.3141,0.3664,0.5004,0.4133,1.7095,0.7736,0.4294,0.3583,0.4374,0.3985,0.3422,0.369,0.3503,0.3007
6/8/2021,24.6417,0.5195,0.4895,0.4263,0.7358,0.6027,0.854,0.5528,0.6426,0.6626,0.5128,0.4279,0.4962,0.4329,0.4213,0.4146,0.5378,0.3714,0.581,0.5561,0.5528,0.4346,0.4313,0.4013,0.5844,0.4213,0.4712,0.3813,0.3847,0.4679,0.4779,0.368,0.398,0.3181,0.4163,0.4196,0.4096,0.4512,0.5677,1.4888,0.6867,0.5677,0.5478,0.4346,0.4862,0.5095,0.378,0.5444,0.403
6/7/2021,22.5593,0.5379,0.4651,0.4404,0.7621,0.5205,0.5365,0.5379,0.6704,0.353,0.6602,0.5452,0.5132,0.4331,0.4608,0.3734,0.3414,0.3647,0.4171,0.4812,0.5088,0.4826,0.3661,0.4593,0.4433,0.3705,0.3399,0.3647,0.3632,0.5831,0.3851,0.3312,0.2759,0.3195,0.3501,0.2933,0.4069,0.3545,0.4593,1.5627,0.7158,0.5263,0.4637,0.369,0.3108,0.369,0.4477,0.4913,0.4316
6/6/2021,27.881,0.5424,0.443,0.5066,0.8804,1.1528,0.7154,0.6697,0.6736,0.5583,0.8168,0.5345,0.6518,0.4868,0.4589,0.5881,0.4013,0.4689,0.6041,0.6279,0.443,0.5464,0.5881,0.5186,0.3814,0.5285,0.3754,0.8148,0.3913,0.441,0.4927,0.4251,0.3496,0.3496,0.3675,0.3456,0.4907,0.6617,0.4609,1.9488,0.8677,0.6438,0.6378,0.5046,0.4072,0.4549,0.6219,0.5762,0.4649
6/5/2021,20.13,0.4845,0.4178,0.4833,0.442,0.7465,0.5936,0.3862,0.6276,0.4796,0.5573,0.3231,0.4784,0.3159,0.4129,0.4044,0.3098,0.3389,0.3438,0.3826,0.3571,0.3947,0.4384,0.4796,0.3814,0.3122,0.3244,0.4845,0.3413,0.4954,0.4262,0.3159,0.3219,0.3304,0.2855,0.3559,0.3486,0.3316,0.2977,0.9354,0.469,0.4699,0.3607,0.3535,0.3341,0.3486,0.4723,0.3899,0.4457
6/4/2021,25.9149,0.4605,0.5214,0.5841,0.6969,0.885,0.7489,0.851,0.8152,0.4784,0.6271,0.4443,0.4318,0.5106,0.396,0.4981,0.4855,0.4443,0.396,0.5339,0.4623,0.3996,0.5536,0.5196,0.3673,0.4981,0.5357,0.6002,0.3978,0.731,0.5178,0.4372,0.4605,0.3978,0.3279,0.387,0.3978,0.4766,0.5447,1.5115,0.6957,0.4013,0.688,0.4623,0.3548,0.4193,0.5948,0.5608,0.4049
6/3/2021,19.5517,0.3804,0.3353,0.3526,0.5236,0.5906,0.5479,0.5964,0.5698,0.5421,0.415,0.4416,0.3226,0.2949,0.3919,0.3076,0.3942,0.3561,0.3746,0.4289,0.4439,0.4139,0.4324,0.3215,0.4705,0.2937,0.3249,0.5201,0.3099,0.3422,0.4012,0.3411,0.3203,0.3388,0.2602,0.3515,0.3238,0.3492,0.415,0.9543,0.4765,0.3007,0.2822,0.4497,0.4289,0.3503,0.3538,0.3885,0.4266
6/2/2021,20.7083,0.4907,0.3992,0.398,0.6839,0.7335,0.4679,0.5073,0.403,0.5797,0.417,0.5441,0.4653,0.3255,0.3395,0.459,0.4259,0.4158,0.4729,0.4158,0.3827,0.4069,0.417,0.445,0.4107,0.3331,0.4374,0.4424,0.3471,0.3878,0.3916,0.3039,0.3217,0.3598,0.3598,0.3484,0.3433,0.3471,0.3992,1.0103,0.4985,0.4602,0.3586,0.3497,0.2887,0.4615,0.3916,0.4208,0.3395
6/1/2021,24.0632,0.496,0.5923,0.3964,0.7514,0.9441,0.655,0.5201,0.4976,0.5168,0.5024,0.5988,0.451,0.4911,0.3675,0.4574,0.3578,0.3851,0.5602,0.557,0.4831,0.4381,0.3482,0.5217,0.6004,0.3369,0.4638,0.5474,0.3562,0.5554,0.4767,0.2743,0.4269,0.2952,0.3546,0.3064,0.3707,0.3642,0.3739,1.5051,0.6931,0.5843,0.4992,0.4976,0.4156,0.5377,0.3562,0.512,0.4703
5/31/2021,21.7496,0.5228,0.4527,0.3523,0.4815,0.6355,0.6452,0.7538,0.4568,0.5792,0.4348,0.5805,0.5255,0.3605,0.3193,0.4087,0.4045,0.4265,0.4224,0.465,0.4747,0.3674,0.4705,0.388,0.3097,0.4197,0.4004,0.5283,0.3372,0.4389,0.3509,0.278,0.3165,0.2684,0.3715,0.3482,0.4128,0.4293,0.4265,1.1979,0.5723,0.3633,0.3949,0.3949,0.4265,0.5118,0.5434,0.4348,0.3454
5/30/2021,29.1533,0.5263,0.5094,0.6892,0.9197,0.907,0.9472,0.5369,0.962,0.448,0.852,0.9705,0.7484,0.4903,0.5728,0.4395,0.6342,0.5242,0.5094,0.5876,0.632,0.613,0.4057,0.7061,0.6849,0.4015,0.3824,0.6595,0.4099,0.8499,0.4882,0.4438,0.3613,0.4776,0.3613,0.3972,0.5051,0.6955,0.429,1.4146,0.6575,0.6976,0.5919,0.4692,0.4099,0.577,0.6172,0.4459,0.594
5/29/2021,25.9144,0.6396,0.5303,0.593,0.8277,0.8868,0.8385,0.473,0.6916,0.7847,0.765,0.8582,0.3709,0.4264,0.3888,0.4246,0.5178,0.464,0.5841,0.4891,0.6056,0.4372,0.3601,0.4605,0.3404,0.4838,0.4408,0.6342,0.3834,0.6683,0.5196,0.2974,0.301,0.4103,0.353,0.4193,0.439,0.525,0.4999,1.0782,0.5252,0.5715,0.6271,0.4927,0.5805,0.5285,0.5482,0.3745,0.4551
5/28/2021,22.4439,0.5552,0.4397,0.405,0.5942,0.7228,0.4902,0.5003,0.6448,0.5422,0.4151,0.6303,0.5018,0.3963,0.4194,0.4368,0.4382,0.4137,0.4815,0.4671,0.4527,0.4483,0.3804,0.5451,0.4137,0.3703,0.3862,0.3804,0.3487,0.4194,0.4714,0.2663,0.275,0.3472,0.2923,0.3689,0.3905,0.509,0.4859,1.5433,0.7082,0.5408,0.3588,0.314,0.3443,0.3515,0.4339,0.3429,0.4599
5/27/2021,26.6088,0.4514,0.5816,0.524,0.8012,0.8049,0.6412,0.9761,0.8738,0.416,0.751,0.4439,0.5072,0.4421,0.5481,0.5463,0.6021,0.5184,0.4086,0.4905,0.4235,0.537,0.3788,0.6505,0.457,0.5184,0.5444,0.5705,0.39,0.63,0.5612,0.4421,0.3676,0.416,0.4514,0.4104,0.4179,0.3918,0.3658,1.6451,0.7482,0.524,0.4607,0.5481,0.4644,0.5891,0.4421,0.5705,0.3639
5/26/2021,35.8634,0.7462,0.841,0.7797,0.7908,1.479,0.788,0.6292,1.0137,0.9803,0.8688,0.8939,0.6905,0.6905,0.7434,0.5512,0.6292,0.6069,0.8605,0.7434,0.7407,0.6125,0.501,0.7295,0.5484,0.7239,0.7546,0.7936,0.4537,0.8688,0.6153,0.5958,0.6013,0.4453,0.5484,0.4425,0.5345,0.501,0.4592,2.8884,1.2372,0.5456,0.6794,0.6403,0.5205,0.7518,0.6431,0.6292,0.5317
5/25/2021,44.7718,0.8984,0.7918,0.8984,1.6522,1.1705,1.3066,0.8653,1.0676,1.2514,1.3397,1.4132,0.8469,0.6815,0.5822,0.8764,0.6337,0.9389,0.6484,0.9426,0.8212,0.7734,0.5932,0.9609,0.8286,0.755,0.8727,0.5491,0.5785,0.7293,0.7293,0.744,0.63,0.7219,0.4572,0.641,0.7146,0.8543,1.0455,3.8086,1.5992,0.7697,0.6337,0.5307,0.8543,1.0492,1.0749,0.8102,0.8359
5/24/2021,44.6558,0.8485,0.8851,0.7275,1.2334,1.8968,1.5669,0.8301,1.4423,0.5589,0.9914,1.182,0.6615,0.7605,0.8081,0.5919,0.9768,0.9914,1.0904,0.8741,0.7898,0.9035,0.6285,0.8631,0.9878,0.8081,0.9328,0.7422,0.6139,0.6579,0.8558,0.4269,0.5809,0.5735,0.6652,0.4782,0.7458,0.5919,0.5662,3.5578,1.5005,0.8668,0.6139,0.7972,0.8338,1.0867,1.0757,1.0354,0.9584
5/23/2021,45.9285,0.8228,0.838,0.967,1.3045,2.0897,1.168,0.967,1.7483,0.709,1.3652,0.8266,0.8835,0.6332,0.6028,0.7887,0.6104,0.8835,0.7394,0.8911,1.0694,0.6635,1.0163,1.1225,1.149,0.7735,0.9935,0.7887,0.6711,1.1073,0.8646,0.709,0.7659,0.4625,0.6749,0.6256,0.838,1.0618,0.9366,3.0957,1.3188,1.058,1.0694,0.5497,0.6597,0.8911,0.6446,0.7925,0.7166
5/22/2021,45.4664,0.9497,0.6725,0.8673,1.6054,1.6653,1.463,1.2457,1.0883,1.0209,1.212,0.8111,0.6125,0.7024,0.7774,1.0209,0.8336,0.8261,0.9797,1.0321,0.8935,0.6312,0.6687,1.1146,0.856,0.7774,0.5863,0.5488,0.65,1.0359,0.8373,0.5076,0.4739,0.665,0.6125,0.7137,0.8336,0.6275,0.6575,3.5332,1.4909,1.1595,1.0359,1.0096,0.9535,0.9572,0.7849,0.7212,0.7436
5/21/2021,39.7972,0.6118,0.8471,0.9807,1.0157,1.6548,1.2319,1.2255,1.2255,0.7772,0.8376,0.7327,0.9775,0.5164,0.8535,0.5896,0.7899,0.774,0.7231,0.8249,0.6373,0.7199,0.6182,0.7327,1.0157,0.4783,0.6977,1.1937,0.6182,1.2382,0.5927,0.367,0.6595,0.5069,0.615,0.6023,0.6309,0.6722,0.7962,2.3164,1.0122,0.9393,0.4942,0.5705,0.8471,0.7676,0.6532,0.739,0.8757
5/20/2021,27.8811,0.5384,0.6836,0.4152,0.7949,0.9023,0.8943,0.7373,0.9699,0.7253,0.4947,0.5166,0.5842,0.5166,0.4868,0.6219,0.5404,0.5563,0.4072,0.4549,0.449,0.4371,0.614,0.5046,0.4907,0.5424,0.4748,0.6776,0.449,0.7214,0.4887,0.3675,0.4351,0.4271,0.3337,0.4351,0.4669,0.5365,0.5404,1.5678,0.7178,0.6895,0.4251,0.612,0.5981,0.445,0.6378,0.5563,0.3993
5/19/2021,37.1364,0.5687,0.7348,0.9417,0.8222,0.9388,1.1165,1.3409,0.8834,1.0757,0.9883,0.7436,0.9854,0.6358,0.5425,0.7727,0.5542,0.8193,0.5192,0.6795,0.6328,0.764,0.8426,0.6387,0.9038,0.6795,0.5134,0.5513,0.5367,0.6183,0.7057,0.6154,0.6358,0.4289,0.4376,0.56,0.6241,0.6154,0.4843,2.699,1.1627,0.9009,0.5979,0.6445,0.5134,0.863,0.9621,0.7785,0.5629
5/18/2021,36.5573,0.7978,0.6236,0.8606,0.912,1.2404,0.9035,0.8092,0.7492,0.4894,0.6007,0.6322,0.5636,0.7321,0.7293,0.7721,0.615,0.8292,0.6693,0.675,0.8406,0.5808,0.8578,0.5265,0.5636,0.575,0.4779,0.7978,0.5265,0.7235,0.7407,0.5579,0.4008,0.5408,0.4408,0.4922,0.5322,0.8549,0.7207,3.3312,1.4114,0.8292,0.9063,0.6207,0.6978,0.7749,0.575,0.8549,0.6007
5/17/2021,35.9794,0.5612,0.8969,0.6731,1.0396,0.9277,1.2075,0.7067,1.1012,0.7682,0.5948,0.9137,0.5388,0.7346,0.6003,0.5416,0.6143,0.7514,0.55,0.7906,0.6927,0.7822,0.6983,0.9277,0.7207,0.4437,0.5668,0.5276,0.55,1.0005,0.5612,0.4353,0.55,0.4856,0.5052,0.4017,0.6367,0.8074,0.5276,2.6727,1.1524,0.9081,0.7682,0.7682,0.55,0.5808,0.9389,0.743,0.564
5/16/2021,29.1532,0.5178,0.4607,0.448,0.9811,0.723,0.7251,0.8795,1.0149,0.4395,0.4353,0.5495,0.5622,0.4628,0.4861,0.5369,0.6342,0.5961,0.467,0.6426,0.5707,0.577,0.4607,0.742,0.5982,0.4797,0.4226,0.8542,0.4459,0.5665,0.4797,0.4882,0.3571,0.4776,0.5009,0.3359,0.4353,0.6849,0.5644,2.1722,0.9555,0.5242,0.7759,0.5876,0.5834,0.6024,0.4078,0.522,0.4184
5/15/2021,21.0557,0.4682,0.4108,0.4252,0.6197,0.5414,0.4226,0.5818,0.5531,0.4787,0.3377,0.5231,0.5231,0.3116,0.3325,0.4239,0.3325,0.4774,0.3534,0.3938,0.3625,0.4526,0.3599,0.5283,0.5022,0.4017,0.4382,0.5583,0.3455,0.3351,0.356,0.2763,0.3573,0.3077,0.3455,0.3638,0.3325,0.3769,0.45,1.1795,0.5651,0.5061,0.4069,0.4669,0.3338,0.3742,0.4891,0.3233,0.45
5/14/2021,24.1789,0.377,0.5113,0.5323,0.7362,0.7734,0.5323,0.7313,0.5695,0.4401,0.6698,0.5647,0.5614,0.3996,0.4773,0.4757,0.3948,0.3738,0.3786,0.5404,0.4757,0.4255,0.5501,0.4611,0.4417,0.4045,0.4094,0.3592,0.343,0.4563,0.4466,0.3964,0.3996,0.3948,0.4045,0.3446,0.4271,0.5307,0.398,1.5786,0.7221,0.4336,0.542,0.432,0.5194,0.4045,0.5388,0.4692,0.4304
5/13/2021,34.7072,0.7996,0.8237,0.5512,1.1041,0.9545,0.9225,0.9892,0.6901,0.8504,0.7729,0.6234,0.7435,0.6688,0.6287,0.6794,0.6688,0.5486,0.6821,0.5486,0.7676,0.6928,0.7355,0.829,0.4738,0.5833,0.5219,0.9518,0.4791,0.8397,0.6394,0.4471,0.4578,0.5753,0.4311,0.5032,0.5219,0.5406,0.7435,2.3019,1.0066,0.6874,0.5886,0.6394,0.821,0.594,0.7596,0.5913,0.7329
5/12/2021,41.5326,0.7703,0.891,0.6831,0.9044,1.4577,1.0251,0.7099,1.1089,1.2699,1.005,0.8306,0.9647,0.6764,0.8071,0.5959,0.7334,0.9446,0.7367,0.8474,0.7434,0.6596,0.8071,0.9983,0.6663,0.8239,0.559,0.8977,0.5255,1.062,0.6898,0.7132,0.7166,0.4517,0.673,0.4517,0.6931,0.9111,0.6462,3.4469,1.4569,0.7635,0.891,0.6596,0.4785,0.8708,1.0251,0.6495,0.6395
5/11/2021,34.8225,0.8506,0.8909,0.5931,1.1135,0.7621,0.7434,1.0813,1.1591,0.8345,0.7219,0.6629,0.518,0.4671,0.5529,0.7112,0.6897,0.7192,0.6146,0.5905,0.6468,0.4805,0.7729,0.6361,0.8748,0.628,0.5502,0.5234,0.4376,1.0491,0.6334,0.4027,0.5475,0.4537,0.4242,0.5824,0.6012,0.5878,0.7648,2.7924,1.1995,0.7514,0.6092,0.5127,0.7541,0.5234,0.4885,0.628,0.6897
5/10/2021,33.5498,0.6342,0.6368,0.8718,0.9945,0.7645,0.7237,1.0711,0.7722,1.0941,1.02,0.8182,0.5116,0.5039,0.6444,0.5704,0.7773,0.647,0.5934,0.5423,0.6547,0.7262,0.624,0.8156,0.4809,0.5269,0.6266,0.7569,0.4528,0.5985,0.5116,0.4119,0.4886,0.4247,0.5704,0.4452,0.5141,0.4912,0.4503,2.6018,1.1245,0.5652,0.8999,0.4554,0.6674,0.7109,0.4835,0.5678,0.7109
5/9/2021,23.9474,0.433,0.5207,0.5909,0.5749,0.6802,0.7838,0.4729,0.7838,0.5845,0.4186,0.3979,0.5797,0.4346,0.4537,0.3628,0.3533,0.4011,0.4107,0.3995,0.4346,0.4729,0.3995,0.3772,0.323,0.3883,0.4952,0.6403,0.3485,0.4218,0.3963,0.2671,0.4298,0.3501,0.3979,0.3086,0.4186,0.4202,0.4824,2.1719,0.9554,0.3995,0.5111,0.4585,0.4569,0.4282,0.4553,0.3756,0.3261
5/8/2021,30.6574,0.4522,0.5337,0.5654,0.8351,0.9098,0.8464,1.1251,0.9665,0.5133,0.5654,0.4816,0.5405,0.5654,0.5904,0.6244,0.4363,0.613,0.5654,0.579,0.7037,0.5179,0.6266,0.4657,0.4522,0.4567,0.6606,0.8781,0.4182,0.928,0.6198,0.5133,0.5201,0.3751,0.4295,0.5315,0.536,0.6515,0.502,1.9896,0.8837,0.6787,0.5473,0.6266,0.3796,0.5926,0.7059,0.5518,0.6062
5/7/2021,33.6657,0.8545,0.7493,0.7441,1.1394,0.8956,0.662,1.0213,1.029,0.7595,0.9392,1.0598,0.8417,0.6928,0.7185,0.6004,0.6055,0.7801,0.5388,0.7878,0.5311,0.6286,0.7339,0.7364,0.5722,0.5568,0.4901,1.0085,0.4798,0.5927,0.6697,0.4028,0.3771,0.4362,0.4054,0.3771,0.5594,0.5568,0.4439,2.2868,1.0006,0.5773,0.5157,0.5645,0.4285,0.7467,0.4747,0.5953,0.4978
5/6/2021,25.7987,0.5493,0.4799,0.5031,0.8306,0.811,0.6205,0.6508,0.8893,0.5262,0.5547,0.617,0.4105,0.4461,0.3803,0.5351,0.4408,0.455,0.5582,0.56,0.5404,0.5654,0.5618,0.5582,0.6312,0.5048,0.4034,0.5476,0.4034,0.423,0.5209,0.3055,0.3411,0.3108,0.3002,0.3286,0.3945,0.4443,0.4621,1.6791,0.7616,0.4514,0.4835,0.5938,0.5671,0.5814,0.4995,0.4372,0.3785
5/5/2021,29.2695,0.6793,0.7005,0.5197,0.8175,0.9536,0.6155,0.6622,0.6729,0.8728,0.7218,0.4559,0.5453,0.407,0.6155,0.4963,0.5368,0.5963,0.5155,0.6474,0.6856,0.4198,0.5431,0.6856,0.6899,0.373,0.624,0.7367,0.407,0.6516,0.4921,0.3049,0.3496,0.4793,0.3283,0.4219,0.4389,0.4262,0.6133,2.2488,0.9857,0.5708,0.4942,0.4368,0.6516,0.5921,0.7261,0.4198,0.441
5/4/2021,38.2933,0.6211,0.921,0.5726,0.8967,1.3117,1.2451,1.2481,0.8331,0.6392,1.13,1.2239,0.8967,0.6877,0.5665,0.6453,0.7241,0.5938,0.8361,0.8271,0.8452,0.7241,0.6635,0.7937,0.4969,0.6726,0.8331,0.8846,0.5393,0.5696,0.6271,0.5938,0.4999,0.6362,0.4817,0.509,0.5968,0.4999,0.7483,3.5387,1.4931,0.5302,0.5393,0.6877,0.4969,0.8271,0.506,0.5393,0.4999
5/3/2021,41.9959,0.9078,0.8806,0.9146,1.1083,1.3803,1.1763,1.6455,1.5129,0.8398,0.6698,0.7004,0.6052,0.8398,0.8398,0.8126,0.6596,0.714,0.9656,0.986,0.7752,0.5644,0.9384,0.9826,0.6732,0.6596,0.8602,1.0981,0.544,0.9282,0.68,0.4726,0.4998,0.4216,0.5576,0.595,0.7548,0.663,0.8466,2.2308,0.9786,0.9214,0.8296,0.9656,0.918,0.9316,1.0403,0.6596,0.8466
5/2/2021,49.3996,1.0775,0.8953,0.6717,1.1189,1.0733,1.4583,1.1023,1.4252,1.4749,0.9326,0.9533,1.301,1.0112,0.9533,0.7256,0.7131,0.6676,0.7545,0.9905,1.0485,0.9243,0.9326,1.1644,1.2182,0.9326,0.9367,1.4914,0.5807,1.1354,0.8912,0.7794,0.6924,0.7711,0.6717,0.7256,0.9077,0.8705,0.651,3.0606,1.305,1.1147,1.2389,1.1478,0.8912,0.974,1.1644,1.094,0.7835
5/1/2021,51.5975,0.9514,0.934,1.1868,1.3264,1.383,1.1215,1.8975,1.7449,1.4136,1.5269,1.0255,1.165,0.8555,0.8729,0.777,0.7814,1.0691,0.8599,1.1781,1.1084,0.716,1.104,1.1215,0.9994,0.6811,0.8729,1.1912,0.7552,0.7204,0.9078,0.559,0.6637,0.6114,0.5765,0.6114,0.7596,1.0125,0.8947,3.5147,1.4836,1.2958,1.1476,0.9253,1.1476,1.0822,1.3264,0.7727,0.9645
4/30/2021,49.9781,0.9097,1.0608,1.086,1.5267,1.1825,1.6947,0.9433,1.3211,1.065,0.7334,0.7879,1.1406,0.7795,0.8257,0.9433,0.9642,1.0944,1.1322,1.086,0.8971,0.704,0.8929,0.6536,1.128,1.0272,0.9726,1.0482,0.6368,1.3001,0.9726,0.4983,0.8383,0.7292,0.704,0.7879,0.7879,0.704,1.0524,4.7219,1.9585,1.2371,0.5906,0.7628,0.6494,0.9181,0.8887,0.725,0.9139
4/29/2021,40.9543,1.0169,0.6346,0.8455,1.5277,1.5343,0.8323,0.8884,1.297,1.1355,1.2377,1.1817,0.8027,0.8159,0.5852,0.605,0.9378,0.9609,0.605,0.75,0.8818,0.8554,0.628,1.0498,0.8719,0.8126,0.6544,1.0169,0.5226,0.684,0.661,0.5325,0.6478,0.4731,0.4896,0.6906,0.7104,0.8488,0.717,2.3189,1.0132,0.539,0.8752,0.8884,0.4929,0.75,0.7532,0.829,0.5522
4/28/2021,40.6072,0.7112,0.7797,0.9427,1.4612,1.6014,1.3014,0.8775,1.0112,0.734,1.2068,1.0568,0.8318,0.8384,0.659,0.6036,0.7634,0.6232,0.6819,0.8514,0.8645,0.558,0.5612,0.8286,1.0144,0.6427,0.7373,1.246,0.4927,0.7047,0.6982,0.6362,0.4634,0.5058,0.5319,0.4895,0.6851,0.6297,0.9395,2.6847,1.1571,0.6558,1.0927,0.721,0.584,0.9101,0.7634,0.5873,0.6851
4/27/2021,34.9383,0.8671,0.5761,0.7916,1.2119,0.7647,1.2873,0.956,1.1257,1.0314,0.692,0.5384,0.5842,0.5546,0.6596,0.5492,0.5573,0.7431,0.6031,0.6758,0.6165,0.6893,0.7593,0.6677,0.8159,0.6973,0.4441,0.4576,0.4387,0.5573,0.5869,0.3849,0.4441,0.5384,0.4603,0.4145,0.6354,0.6973,0.7728,2.7979,1.2017,0.8536,0.5492,0.5573,0.4657,0.6111,0.7755,0.5196,0.7593
4/26/2021,31.3517,0.4866,0.6991,0.6827,0.9326,1.0634,0.7061,0.8088,0.6594,0.5473,0.8205,1.0167,0.6104,0.5239,0.5823,0.5076,0.573,0.5683,0.7411,0.6127,0.7131,0.5683,0.5239,0.6991,0.4936,0.5146,0.566,0.4539,0.4422,0.963,0.6524,0.5356,0.5053,0.538,0.3698,0.4562,0.4656,0.4235,0.6664,1.9063,0.8509,0.6968,0.5403,0.594,0.6057,0.5823,0.4936,0.7271,0.6617
4/25/2021,27.0715,0.6759,0.4718,0.6473,0.8895,0.9391,0.7712,0.9028,0.6682,0.7903,0.7693,0.5004,0.611,0.4356,0.4718,0.3993,0.5233,0.571,0.4337,0.5386,0.4985,0.5862,0.6015,0.7026,0.3669,0.5386,0.5748,0.5824,0.4375,0.4718,0.571,0.2868,0.3536,0.3593,0.3288,0.4299,0.4508,0.3955,0.6282,1.2658,0.599,0.4318,0.6301,0.4775,0.4432,0.6377,0.447,0.5614,0.4032
4/24/2021,36.2111,0.6773,0.5532,0.8804,0.8804,0.9537,0.9961,1.3967,0.7591,0.7224,1.0807,0.824,0.7055,0.7478,0.7055,0.5165,0.7309,0.5503,0.8578,0.8268,0.6604,0.5278,0.508,0.886,0.4629,0.5616,0.4544,0.6801,0.4742,0.6491,0.6378,0.508,0.5785,0.587,0.4206,0.4883,0.6237,0.6604,0.6688,3.4163,1.4449,0.5503,0.8099,0.7083,0.4403,0.6604,0.587,0.5814,0.6096
4/23/2021,31.8145,0.4667,0.7073,0.6001,1.1312,1.286,1.0407,0.6596,0.8382,0.9811,0.7882,0.6644,0.693,0.5001,0.6358,0.643,0.5048,0.5072,0.612,0.5739,0.712,0.5572,0.5977,0.6811,0.6715,0.5358,0.4501,0.7001,0.4977,0.8192,0.6668,0.331,0.4905,0.4596,0.4358,0.4858,0.5286,0.4453,0.7096,2.1544,0.9485,0.481,0.5406,0.4882,0.4929,0.5453,0.5286,0.5739,0.4524
4/22/2021,37.3673,0.8597,0.9508,0.5279,1.2268,0.942,1.3414,1.1417,1.4001,0.5191,0.7452,0.7452,0.5661,0.5455,0.6219,0.6512,0.5719,0.7775,0.522,0.6747,0.6923,0.5984,0.5484,0.616,0.5396,0.6659,0.6923,1.1241,0.4838,1.0506,0.6483,0.4838,0.6512,0.4545,0.4985,0.5661,0.5455,0.5661,0.7393,2.6179,1.1309,0.8186,0.9919,0.8245,0.7834,0.6013,0.6659,0.6042,0.8333
4/21/2021,37.599,0.6551,0.9214,0.6699,0.8178,1.2056,0.9037,1.2382,1.3565,0.8356,0.8622,1.0842,0.658,0.4952,0.5159,0.8149,0.513,0.8534,0.7705,0.735,0.7764,0.7202,0.6195,0.8356,0.6077,0.7172,0.6314,0.7231,0.5574,0.9362,0.6639,0.362,0.4982,0.4804,0.4449,0.4123,0.6639,0.5603,0.5071,3.5295,1.4894,0.6462,0.6491,0.4834,0.7942,0.6728,0.5455,0.5367,0.6284
4/20/2021,40.9539,1.0729,0.8554,0.9213,1.1355,1.2937,1.4156,1.1289,1.264,0.9806,0.8851,0.6247,0.6214,0.6017,0.5423,0.9147,0.5687,0.8257,0.7401,0.7038,0.6247,0.6379,0.6115,0.6412,0.5127,0.5292,0.7434,1.2574,0.6148,1.2377,0.7368,0.6247,0.6445,0.605,0.5456,0.5621,0.6017,0.6412,0.8851,2.8605,1.2263,0.5654,0.895,0.9015,0.8653,0.6742,1.0663,0.7994,0.7467
4/19/2021,51.5975,0.9209,1.213,1.1127,1.8713,1.37,1.2566,1.8147,1.274,1.1084,0.8032,1.3133,0.7727,1.043,0.8729,0.7727,0.764,1.1868,1.0168,0.777,0.9732,0.8947,0.8947,1.3569,0.8686,0.6201,0.9776,1.2217,0.6462,1.649,0.7901,0.4718,0.5285,0.6201,0.8381,0.5765,0.7509,1.2217,1.165,3.3833,1.4319,0.934,1.3918,0.8468,1.2174,1.1607,0.9645,0.8773,1.0604
4/18/2021,58.5387,0.9146,1.4554,0.9045,2.1023,2.259,1.3745,1.5009,1.4504,1.3695,0.9298,0.9601,1.5262,1.0966,0.9601,1.2381,0.945,1.2785,0.9399,1.2533,1.3442,0.7378,1.3442,1.0157,0.9247,0.854,1.132,0.7782,0.7984,1.8597,0.9652,0.5154,0.9146,0.5558,0.7883,0.7024,0.8894,1.2634,0.7074,4.8276,2,1.0258,1.4857,1.3139,1.0915,1.3745,0.7276,1.0258,1.1168
4/17/2021,57.1505,1.4888,1.4446,1.5281,1.2726,2.5456,1.538,1.538,2.0786,0.8793,1.592,1.7002,1.1792,1.0563,0.7466,1.2529,1.2037,0.7466,0.9875,1.1153,0.8695,0.8351,1.3119,1.5478,1.0268,0.6631,0.7024,0.8548,0.8744,0.8351,0.958,0.7319,0.9531,0.5992,0.6926,0.6631,0.8941,0.9432,0.7761,4.1563,1.736,1.2971,0.9629,1.2578,0.7319,1.076,0.7663,1.302,1.2381
4/16/2021,44.3094,0.8021,0.7004,1.0744,1.1906,1.964,1.285,1.4956,1.4556,0.6605,1.3104,1.285,0.7912,0.7621,0.8239,0.8892,0.6532,0.744,0.9146,0.842,0.8166,0.744,0.911,1.0708,0.813,0.7186,0.6496,1.1906,0.675,1.2233,0.6677,0.5334,0.7694,0.5552,0.4971,0.6133,0.6786,0.6387,0.6532,2.4546,1.0666,1.0599,0.7222,0.577,0.508,0.8166,1.049,0.9981,0.9945
4/15/2021,48.9367,1.2842,0.9772,0.707,1.2105,1.8696,1.755,1.272,1.5217,1.2351,1.2556,1.7264,1.231,0.7152,0.7234,1.0673,0.8749,0.9731,0.7234,1.1246,1.1655,0.7316,0.6988,1.0468,0.7357,0.5597,0.9322,1.0468,0.7029,1.4316,0.7234,0.7275,0.7439,0.6784,0.7725,0.7766,0.8667,1.1123,0.6907,2.6934,1.1605,0.6374,0.9404,0.8585,0.6907,1.1942,0.7234,0.9363,0.7111
4/14/2021,58.6543,0.7998,1.2355,1.2304,1.9598,1.9446,1.1848,1.2557,1.8028,1.4533,0.9923,1.0936,1.4938,1.119,1.0784,1.1798,0.8809,1.0633,1.0683,1.3317,1.1646,1.124,1.0784,1.3469,1.3469,0.8961,0.7391,1.3925,0.8353,1.5293,0.8809,0.6175,0.7644,0.9113,0.8708,0.9315,0.9467,1.3976,1.0075,3.0896,1.3164,0.9923,1.6306,0.9619,1.2051,1.3773,1.4989,1.3824,1.2507
4/13/2021,58.5387,1.4554,1.0561,1.5211,1.5666,2.4156,1.8243,1.2886,1.3493,0.7024,1.1825,0.8944,0.7529,1.0309,0.8692,1.0107,0.9955,1.1825,0.8641,1.3038,1.2684,1.2078,1.1471,1.132,1.5161,0.7731,0.8489,1.1876,0.7428,0.9551,1.1219,0.7479,0.9247,0.8287,0.945,0.859,1.0511,1.1774,1.0208,4.9146,2.0342,1.2785,1.0107,1.2431,0.7479,1.3998,1.3897,1.0915,0.7074
4/12/2021,50.4404,1.3423,1.2362,1.1937,1.4738,1.5163,1.1046,1.2659,1.0197,1.5417,1.5035,1.3635,0.9815,0.8203,1.0027,0.9688,0.9348,0.9094,0.8882,0.9221,0.833,0.9645,0.7693,0.8924,0.6929,1.0112,0.9136,1.5078,0.6462,0.9645,0.9518,0.7566,0.6293,0.7778,0.7481,0.6802,0.7608,0.9943,1.0367,3.0969,1.3192,1.024,0.799,0.799,0.7354,0.9603,1.2065,1.0537,0.9264
4/11/2021,43.7304,0.8455,0.649,1.0992,1.3208,1.4923,0.892,1.5887,0.842,1.1707,0.6276,1.5423,0.6919,0.8634,0.9099,0.6883,0.7312,1.0206,0.6133,0.9849,0.9206,0.8956,0.9599,1.0992,0.9635,0.5883,0.8455,0.7884,0.599,1.0671,0.7884,0.6347,0.7312,0.5526,0.5275,0.5347,0.649,0.7312,0.8527,2.1771,0.9575,1.0313,0.9063,0.574,1.0313,1.0028,0.8741,0.9313,0.942
4/10/2021,40.7224,0.6052,1.0371,0.8309,0.9487,1.5574,1.1025,1.3807,0.7917,0.9978,1.1876,0.8669,1.06,0.8375,0.6575,0.8702,0.6575,0.6542,0.8669,0.88,0.8375,0.7851,0.507,0.8113,0.9258,0.4939,0.6248,0.844,0.5299,1.1614,0.8178,0.4873,0.7,0.4514,0.579,0.435,0.7131,0.5986,0.8571,2.3602,1.0295,0.9062,0.9618,0.7262,0.5004,0.8637,1.0175,0.5855,0.8211
4/9/2021,33.2031,0.6858,0.8119,0.6758,1.205,1.0387,0.9404,0.7942,0.6405,0.7615,0.948,0.6002,0.827,0.6052,0.5145,0.4691,0.5321,0.6657,0.701,0.522,0.5145,0.6455,0.4489,0.4641,0.6858,0.4767,0.6354,0.7791,0.4817,0.9454,0.6254,0.5699,0.517,0.5674,0.4943,0.4061,0.6128,0.7136,0.7236,1.7765,0.7999,0.7236,0.8497,0.5775,0.7161,0.6531,0.7892,0.4867,0.585
4/8/2021,49.3993,0.9657,1.0195,0.651,1.2927,1.3507,1.5204,0.8829,1.5784,1.2224,1.4832,0.8332,1.1189,0.9698,0.9491,0.7918,0.6966,0.858,1.2099,1.0112,1.1644,0.7877,0.9119,1.3258,1.1685,0.7007,0.8001,1.2017,0.738,1.2844,0.7752,0.5848,0.5889,0.7214,0.6676,0.7587,0.7628,0.9905,0.9367,3.3548,1.4207,0.6428,1.2017,0.8166,1.0443,1.0609,1.0443,0.858,0.68
4/7/2021,50.2097,0.9264,1.2177,1.2177,1.3148,1.4625,1.3781,1.1037,1.2599,0.8336,1.2261,1.7664,1.2599,1.032,0.7069,0.9433,0.669,0.7576,1.0573,0.7703,0.8927,0.9686,1.0277,0.8209,1.0784,0.9264,0.8505,0.6605,0.7449,1.2683,1.0024,0.5508,0.5381,0.7914,0.5888,0.5423,0.804,1.0742,0.7914,3.7686,1.5835,1.2557,0.8505,1.2177,0.7534,1.1417,0.8378,0.8589,1.1164
4/6/2021,44.4247,0.8879,0.6511,0.8879,1.325,0.9935,1.0481,1.4051,1.0008,0.9826,0.8332,1.0336,0.9717,0.7531,0.7604,0.6693,0.8842,1.0226,0.673,0.7312,1.0591,0.9134,0.6584,1.0919,1.0554,0.662,0.9243,0.9243,0.5491,1.1538,0.8187,0.5346,0.7604,0.6038,0.7276,0.6293,0.7458,0.7349,1.0081,3.8056,1.598,0.7021,0.968,0.7713,0.5601,0.9097,0.7531,0.611,0.6766
4/5/2021,46.5073,0.6865,1.01,0.9253,1.4336,1.3565,1.0639,1.1139,1.5067,1.4798,1.4682,1.5645,0.7905,0.7905,0.5941,0.8367,0.675,1.0831,0.7019,0.9137,0.752,0.8752,0.6249,1.0947,0.9907,0.7712,0.7481,0.9753,0.5941,0.9484,0.7366,0.7943,0.5286,0.4709,0.5248,0.7058,0.7558,1.087,0.9561,3.0298,1.2929,1.1024,1.1216,0.9599,0.8136,1.0985,0.8945,0.6557,0.6095
4/4/2021,44.0774,0.8882,0.78,0.8738,1.6495,2.003,1.4041,0.9784,1.1372,0.9171,1.2057,1.5448,0.8377,0.8197,0.8666,0.614,1.0145,0.7259,1.0542,0.8521,0.7295,0.679,0.798,1.1119,0.8449,0.7367,0.7367,0.5527,0.5491,0.9784,0.7547,0.5707,0.5238,0.4986,0.614,0.7078,0.7511,0.7656,0.8954,2.0206,0.8959,0.6681,1.1949,0.8954,0.8088,0.899,1.083,0.9279,0.7187
4/3/2021,30.0792,0.584,0.5862,0.489,1.0476,1.1978,0.6833,0.7209,0.7584,0.701,0.7981,0.8489,0.5508,0.6171,0.6303,0.6149,0.4669,0.5818,0.5972,0.5486,0.4846,0.606,0.5177,0.6767,0.701,0.3985,0.3963,0.6392,0.3897,0.871,0.5553,0.3168,0.4559,0.3389,0.3875,0.5133,0.5067,0.5155,0.5685,1.8178,0.8161,0.7032,0.425,0.606,0.5575,0.6745,0.5244,0.4581,0.6347
4/2/2021,25.683,0.6406,0.5539,0.439,0.8528,0.8616,0.5575,0.8669,0.7325,0.7555,0.5115,0.5044,0.37,0.4584,0.4125,0.5186,0.4938,0.538,0.3771,0.4903,0.5433,0.5486,0.5928,0.439,0.485,0.3382,0.5309,0.6883,0.3683,0.6476,0.5398,0.3576,0.4231,0.4266,0.3665,0.4195,0.3965,0.6017,0.4319,1.069,0.5216,0.3806,0.485,0.4726,0.5946,0.492,0.6087,0.4832,0.4956
4/1/2021,28.4597,0.6741,0.717,0.7109,0.8623,0.715,0.9482,0.7805,0.9421,0.5227,0.6331,0.8296,0.6618,0.4879,0.3917,0.6291,0.5984,0.4224,0.6577,0.5574,0.5718,0.5493,0.5411,0.5881,0.5922,0.537,0.5472,0.6679,0.4265,0.4899,0.5104,0.4122,0.3222,0.4367,0.4531,0.4756,0.4408,0.6229,0.5513,1.1608,0.5577,0.4449,0.7252,0.4736,0.584,0.4245,0.5124,0.5656,0.5329
3/31/2021,25.4516,0.4459,0.5768,0.6047,0.7513,0.9642,0.8298,0.7583,0.7635,0.4441,0.4215,0.5122,0.6012,0.3918,0.5035,0.4982,0.4825,0.3883,0.5349,0.4965,0.493,0.5,0.4441,0.5279,0.4354,0.4023,0.4913,0.6291,0.3674,0.5855,0.5035,0.3586,0.3115,0.3831,0.4162,0.4407,0.418,0.5803,0.4651,1.2451,0.5909,0.582,0.5314,0.4878,0.4005,0.5244,0.3848,0.5174,0.4651
3/30/2021,32.5082,0.4804,0.5147,0.4755,1.1715,1.223,0.7598,0.9779,0.6789,0.6274,0.772,0.9338,0.647,0.6029,0.4926,0.5294,0.6274,0.5024,0.4902,0.6985,0.7132,0.4436,0.5245,0.4828,0.5367,0.5416,0.5416,0.9068,0.4779,0.7696,0.5882,0.4387,0.5564,0.5098,0.397,0.4681,0.5367,0.5073,0.6397,2.6644,1.1491,0.6863,0.8725,0.4902,0.5147,0.6372,0.5098,0.647,0.5515
3/29/2021,37.8303,0.5395,0.9661,0.4978,1.1928,1.4434,1.2883,1.0944,1.1093,1.1004,1.166,1.0437,0.641,0.5038,0.7364,0.8319,0.8587,0.814,0.82,0.7066,0.8677,0.6976,0.6469,0.7454,0.5843,0.6261,0.7424,0.7245,0.5574,0.629,0.6857,0.629,0.632,0.5485,0.4709,0.5515,0.6141,0.635,0.8557,1.9586,0.8715,0.7006,0.4501,0.6261,0.4799,0.8259,0.7215,0.8021,0.5962
3/28/2021,51.2502,1.209,1.1182,1.0619,1.2696,1.5507,1.9053,1.4772,1.408,1.6026,1.1138,1.2955,0.8197,0.6467,0.7376,1.0187,0.9668,1.1571,0.9711,0.7851,1.0317,0.8414,0.6424,1.3647,1.0014,0.9019,0.9668,0.7332,0.6684,1.4382,0.9711,0.5516,0.85,0.4997,0.6121,0.8111,0.8024,0.69,1.1052,3.9567,1.6575,1.0533,0.9798,0.9971,1.1009,0.7073,0.6813,0.8414,0.677
3/27/2021,53.564,0.8729,0.9914,0.9048,1.5336,1.7979,1.4835,1.2465,1.0369,0.9321,1.3468,1.8935,1.1873,1.0734,1.0825,0.8638,0.9504,1.0734,0.9549,1.0461,1.1554,0.8592,0.8957,1.365,0.6314,0.7727,0.759,1.447,0.6815,1.365,0.8456,0.6952,0.7271,0.6132,0.7362,0.9048,0.923,1.1964,0.7089,4.9574,2.0511,1.1827,0.6269,0.9823,0.6952,0.7499,0.8228,0.923,1.0187
3/26/2021,55.8783,1.3397,0.9997,0.8705,1.6174,1.3493,1.6222,1.8951,1.4737,0.7077,1.2391,0.8657,0.8513,0.8944,0.9231,0.7604,0.7268,1.1099,1.3253,1.22,1.1242,1.1386,1.0141,0.8753,0.9375,0.7795,0.9567,1.6796,0.8082,1.1625,1.0955,0.8705,0.8513,0.7604,0.5641,0.8848,0.9471,0.9519,1.0285,5.1801,2.1387,1.0668,1.3109,1.2631,0.6167,0.9997,1.1865,0.8753,1.0189
3/25/2021,48.5896,0.8567,0.9947,0.7349,1.1855,1.8511,1.4046,0.9785,1.2139,0.808,1.5061,1.2829,0.6537,0.808,0.6456,0.6943,0.9135,1.0718,0.6903,1.0475,1.1611,0.9947,0.808,1.1124,0.5604,0.8405,1.0637,0.6172,0.7146,1.3032,0.9176,0.4264,0.4792,0.5401,0.5198,0.7958,0.7309,0.9622,0.6497,5.8647,2.408,0.6375,0.7471,0.7796,0.6578,0.8323,0.7633,0.7268,0.6334
3/24/2021,57.4975,0.7705,1.0824,0.8695,1.2754,2.6663,1.5922,1.0923,1.5427,1.7159,1.1071,1.6318,0.8695,0.9042,1.0131,0.8052,0.8497,0.9438,0.9784,0.9487,0.8646,0.9289,0.6715,0.7606,1.4239,1.0626,0.6814,1.5922,0.8745,1.0131,0.8646,0.6814,0.6715,0.9438,0.9339,0.9487,0.919,0.7359,0.8992,6.1738,2.5296,1.3398,0.7557,1.3299,1.2012,1.4091,0.7111,0.825,1.0923
3/23/2021,56.1096,1.0182,1.2299,0.9316,1.9034,2.4952,1.0663,1.0663,1.278,1.6581,0.8306,0.7921,0.7199,0.8691,0.845,0.8354,0.9268,1.1818,0.8161,1.2155,1.0567,1.0423,0.8787,0.9364,1.1144,0.768,1.1433,1.7687,0.7921,0.8643,1.1096,0.8306,0.59,0.8354,0.6237,0.6045,0.8691,1.0471,1.3117,5.3907,2.2215,1.278,0.6766,1.2251,1.1337,1.1625,0.9749,0.9508,1.2299
3/22/2021,65.7115,1.2055,1.1304,1.7249,1.5748,1.6556,1.5402,1.344,1.823,1.4479,1.823,1.4248,1.1247,1.3267,1.2805,1.4305,1.4594,1.2574,0.9054,1.1882,1.5575,1.0035,1.5056,1.1247,1.344,0.6745,0.9977,1.6152,0.9746,2.0192,1.067,0.6284,0.7553,0.8881,1.015,0.6514,1.1651,1.3959,1.1535,5.8825,2.415,1.1304,1.4075,1.4479,1.1362,0.9977,1.1131,0.8765,1.1016
3/21/2021,70.8017,1.4227,1.3348,1.8749,1.743,3.2188,1.8435,1.2469,2.8169,1.0647,1.272,2.0507,0.9705,1.1275,0.9705,1.385,1.1903,1.2469,1.0271,1.1024,1.4667,1.2908,1.1087,1.3222,1.0961,1.115,1.228,2.2203,0.8889,1.228,1.4729,0.801,1.2092,0.8952,0.7444,1.0082,1.0647,1.3222,0.8575,6.905,2.8172,1.2469,0.7758,0.9203,1.2594,1.6425,1.8498,1.2845,0.8512
3/20/2021,69.8764,1.8621,1.7012,1.5218,2.6974,2.6417,1.5156,2.5056,1.7321,0.9154,1.4723,1.9611,0.9463,1.3918,1.299,1.5836,1.4042,0.9525,1.0206,1.6641,1.3485,0.9401,0.7731,1.5094,1.1319,0.7978,1.3794,0.9401,0.9401,1.3671,1.4475,0.5565,0.7669,1.0701,0.9834,0.7978,1.1814,1.4289,1.2866,5.056,2.0899,1.8559,1.4042,0.9587,1.4661,1.6269,1.1629,1.3114,1.5094
3/19/2021,68.488,1.2313,1.1587,1.2796,2.2112,1.5458,2.2656,1.697,1.6305,1.4067,1.0982,1.9087,1.1284,1.3764,0.8441,1.57,1.57,1.4248,0.9228,1.2071,1.0437,1.0558,1.3583,0.8804,1.1042,0.9893,1.3825,0.9107,1.0135,1.3401,1.449,0.7353,0.7474,1.0135,0.7715,0.8804,1.201,0.9409,1.4188,7.1734,2.9227,1.57,1.7877,1.4611,1.5397,0.9409,0.9954,0.8744,1.5095
3/18/2021,50.5562,0.7795,0.9582,0.8476,1.1369,2.1413,1.588,1.9923,0.9923,0.6476,0.9965,1.3795,0.8561,0.8986,0.8178,0.8646,1.1369,0.8391,0.9029,1.0348,1.0986,0.7837,1.0178,1.022,0.8135,0.8816,0.6348,0.9114,0.6731,0.9029,0.7625,0.6178,0.5795,0.6773,0.5327,0.8518,0.7114,0.8859,0.622,4.6473,1.9291,1.2433,0.9752,1.1795,1.0901,1.1965,0.7369,0.8178,0.9497
3/17/2021,52.5232,1.351,0.8523,0.8879,1.2308,2.1435,1.4356,2.0901,1.627,0.8924,1.3154,1.5959,1.3376,1.0705,0.6609,1.1595,0.7232,1.1818,1.1551,0.9458,0.9013,1.0883,1.1106,1.0527,0.8434,0.9903,0.6609,1.2352,0.6386,1.3243,0.9102,0.5095,0.5985,0.6386,0.8078,0.7232,0.8657,0.9592,1.1862,3.1767,1.3507,0.8657,1.1328,0.6431,1.1996,0.7277,1.0749,0.6876,0.9636
3/16/2021,51.9447,1.0939,1.34,0.8214,1.2697,1.9201,1.9816,1.0719,1.7706,0.694,1.6344,1.4982,1.0675,0.9225,0.9533,1.1378,0.817,1.2082,0.9928,0.8698,1.2169,0.8478,0.6061,1.2741,1.006,1.0456,0.839,1.1159,0.7379,0.8258,0.861,0.6413,0.8786,0.8127,0.7072,0.6017,0.817,1.0456,0.7116,2.6866,1.1579,1.2082,1.1774,0.6501,1.1466,1.195,1.1071,1.151,0.8083
3/15/2021,68.4876,1.8059,1.4853,1.3643,2.4168,2.435,2.0478,2.3321,1.4974,1.1526,1.5397,1.945,1.08,1.328,0.9288,1.0195,1.0437,0.9893,1.3462,1.0135,1.1163,0.9167,1.195,1.8482,0.832,1.3946,1.3704,1.8543,1.0195,1.3583,1.3764,1.1466,1.0014,0.6082,0.9772,0.9349,1.0377,1.3341,1.1042,4.8291,2.0006,1.7575,1.7575,1.2071,0.8925,0.9833,1.1284,1.4611,1.2736
3/14/2021,58.8858,1.0979,1.0215,1.5253,2.08,2.0342,1.4846,2.0545,2.0036,2.0138,0.818,1.566,1.4795,0.8994,0.9249,1.164,1.393,1.0266,1.0928,0.93,1.332,1.1081,0.9859,1.2251,0.9707,0.7671,0.7111,1.2811,0.7061,1.7899,0.9147,0.4923,0.93,0.8689,0.5992,0.935,0.9859,1.1946,1.1284,3.0956,1.3188,0.7824,1.2047,1.1793,0.9758,0.9503,1.1589,1.3523,1.332
3/13/2021,63.1661,1.0935,1.1486,1.6341,2.1802,2.8753,2.2685,1.4024,1.5734,0.939,1.0824,1.3969,0.7956,0.8838,0.9831,1.4134,0.8342,1.1707,0.8231,1.1707,1.5182,1.2921,0.779,1.6782,0.7845,1.2369,1.3858,0.7625,0.8949,1.8327,1.11,1.0328,0.8507,0.8452,0.8011,0.9555,1.0217,0.9942,1.0879,4.8822,2.0215,1.4686,1.4465,1.2038,0.8673,1.5072,0.9721,0.8562,1.4079
3/12/2021,56.8032,1.3721,1.1623,1.4404,1.8601,2.1578,1.294,2.2115,2.0798,1.7235,0.8158,0.845,0.9573,1.1232,1.2257,1.1379,0.9817,0.9963,0.9378,1.0695,1.0402,1.0354,0.8499,1.46,1.2403,1.0988,1.1574,1.3184,0.845,1.0939,1.0793,0.8987,0.5766,0.6449,0.8841,0.6157,0.967,0.8206,1.0402,2.8637,1.2275,1.499,0.7181,1.1623,0.7767,1.0842,1.2111,0.9231,1.2794
3/11/2021,57.9604,1.3208,1.1559,1.2558,1.9902,1.7104,1.1909,1.7754,1.5955,0.961,1.8403,0.8311,0.7212,0.9261,0.8711,1.2908,0.996,1.1859,1.066,1.3357,1.2808,1.1609,0.9061,1.3357,0.6913,0.966,0.7912,1.7054,0.7812,1.2858,1.2308,0.5464,0.8861,0.7012,0.6113,0.6813,0.981,1.3507,0.7912,5.036,2.082,0.8261,0.7462,1.1509,0.956,1.1759,1.4007,1.1209,0.7612
3/10/2021,61.5466,1.5375,1.5053,1.6446,2.2068,1.682,2.089,2.2068,2.2978,1.6767,1.2858,1.0663,1.5053,1.093,0.9966,0.9752,0.8788,1.1573,1.2537,1.4679,1.0395,1.2858,0.9538,1.4732,1.1626,0.8521,0.9003,1.8855,0.9003,1.0395,1.1412,1.0395,1.0127,0.6218,0.836,0.761,0.9431,1.5107,0.7503,3.4601,1.4621,1.1894,0.8306,1.1948,0.6754,1.2322,1.0823,0.927,0.8574
3/9/2021,72.7685,1.1252,1.6175,1.0929,2.7445,3.2367,2.2781,2.8869,2.4012,1.1576,1.5592,1.9154,1.2418,1.326,0.9439,1.339,1.7146,1.5786,1.7535,1.0993,1.1511,1.611,1.0346,1.3714,1.896,0.7431,0.8597,2.1939,1.0346,1.6952,1.5268,1.19,0.9698,1.1706,0.918,0.7107,1.2742,0.9957,1.203,3.8482,1.6148,1.6823,1.1058,1.3584,1.0475,1.6693,0.9763,1.7211,1.1835
3/8/2021,68.0255,0.953,1.7513,0.869,1.9494,2.4656,2.1715,1.7874,2.2075,0.881,1.2051,2.3156,0.869,1.001,0.995,0.953,1.2111,1.1691,0.881,1.3192,1.3492,1.049,1.1571,1.4512,1.3612,0.6949,1.1751,1.7273,0.7849,1.3252,1.1091,0.995,0.983,0.7429,1.061,0.911,0.953,0.8329,1.3312,7.1887,2.9288,0.971,0.965,1.3011,1.073,1.5833,1.0851,1.6133,1.3672
3/7/2021,74.7353,1.8818,1.6215,1.2278,1.8284,2.0353,2.6826,2.2154,2.5758,1.3946,1.3946,1.5948,1.0009,1.4747,1.2745,1.3145,1.0409,1.6949,1.2211,1.4413,1.1343,1.1877,1.0609,1.1744,1.5681,0.8407,1.1877,1.9885,0.9074,1.4213,1.1477,0.6805,0.814,0.6605,0.8607,0.814,1.3612,1.468,0.8874,8.5915,3.4805,1.1343,1.0142,1.6015,1.5681,1.101,1.141,1.4413,1.5815
3/6/2021,69.8763,1.8435,1.6764,1.1505,1.6826,3.0006,2.617,2.6232,2.7469,2.388,2.2148,1.9796,1.8064,1.0144,0.8906,1.3671,1.2,1.4351,1.0701,1.4351,1.1691,1.4042,0.8226,1.6826,0.9587,0.9958,1.0515,2.091,1.0391,2.2767,1.1567,0.9834,0.9649,0.7359,0.8782,1.0144,1.1258,1.2804,0.8535,2.4848,1.0785,1.7507,0.8968,0.8411,0.8102,1.4475,1.2495,1.1072,1.5836
3/5/2021,63.7445,1.1979,1.354,0.9917,1.9839,1.9895,2.1846,1.4488,2.1846,0.9025,1.2258,2.1233,1.1478,1.1143,1.1255,1.1979,0.9861,1.276,1.3931,1.4544,0.9582,1.3206,1.0251,0.8245,0.8635,1.1143,1.3429,1.3094,0.9136,1.4599,1.2704,0.6795,0.8691,0.9527,1.0474,0.9248,0.9471,1.4934,1.5157,4.3475,1.8112,1.4209,1.3206,1.3206,0.8913,1.4488,1.0697,1.0419,0.9582
3/4/2021,58.6543,0.8809,1.0633,1.4482,1.5799,2.593,1.4837,1.0987,2.2688,1.0683,1.4938,2.0713,1.3722,0.734,0.7239,0.815,0.9315,0.9417,1.1494,1.1848,1.3672,0.9923,1.0329,1.5799,1.4533,1.0531,0.7087,1.3874,0.8454,1.5445,1.1544,0.5263,0.7087,0.6783,0.6681,0.6327,1.043,1.2101,0.967,4.202,1.754,1.3317,0.7644,1.2557,0.9164,1.276,1.1392,0.8353,0.7239
3/3/2021,49.3995,0.7711,1.0982,1.0775,1.1396,2.1994,1.6074,1.3507,1.8558,0.6469,1.4128,1.7026,0.8415,0.9201,0.8705,1.0857,0.9491,1.1064,1.1561,1.065,0.9077,0.6593,0.7297,0.8787,0.5889,0.6593,0.9491,1.2637,0.6842,1.0775,0.887,0.531,0.6593,0.5227,0.8084,0.5931,0.9036,1.0443,0.6138,3.5123,1.4826,0.8084,0.767,1.0816,0.8622,0.7545,1.0236,0.6593,0.6303
3/2/2021,42.2266,1.1113,1.0566,0.8683,1.1969,1.6795,1.0463,1.5734,1.5734,1.3749,1.3201,0.7622,0.7519,0.6869,0.7485,0.7177,0.5774,0.6424,0.9128,0.9744,0.793,0.7691,0.8204,0.8888,1.0566,0.6458,0.5842,0.574,0.55,0.8546,0.728,0.6424,0.5021,0.6664,0.639,0.6766,0.7143,0.9402,0.882,1.5054,0.6933,0.8135,0.7417,0.793,0.9094,0.8101,0.9505,0.6595,0.8478
3/1/2021,64.6702,1.4247,1.4191,1.5494,2.2181,2.8698,1.2774,1.4361,2.2465,1.8951,1.2944,2.0935,1.7138,0.858,1.0054,0.8297,1.0734,0.8864,1.4134,1.1867,1.0054,1.1301,1.2831,1.3454,0.892,1.1981,1.1584,0.824,0.8297,1.0224,1.1074,0.637,0.7164,0.9657,0.603,0.807,1.0734,1.3794,0.9657,5.7998,2.3824,0.9544,0.8864,1.4871,1.3511,1.1527,0.9147,1.0394,1.0677
2/28/2021,66.8683,1.5795,1.5265,1.0615,1.5677,1.9033,1.5324,2.5155,1.9739,1.1969,1.4441,1.4677,0.8437,1.3794,1.2616,0.9261,1.397,1.3558,1.138,1.1557,1.556,1.4147,0.8378,1.1733,1.0438,0.7789,1.085,1.3617,0.8083,1.4677,1.344,1.0968,0.6729,0.9555,0.8024,0.667,0.9908,0.9496,1.0085,6.4407,2.6345,1.0379,1.5913,1.556,1.5854,1.3028,1.709,0.8731,0.8966
2/27/2021,56.572,0.973,0.9292,1.0361,1.959,1.8375,1.3713,1.8473,1.1527,0.8515,1.4247,0.8612,0.8564,0.9341,1.041,1.1527,1.0167,1.2207,1.0361,1.0021,1.1478,0.7981,1.3178,1.1673,1.1964,1.0847,0.7932,1.3373,0.7835,1.7404,1.1964,0.6184,0.7204,0.5504,0.6184,0.5601,0.8272,0.9632,1.3421,4.9774,2.0589,1.1575,1.3761,1.2255,1.041,0.9972,0.7981,0.8904,0.7835
2/26/2021,61.1996,0.9434,1.4913,1.1296,1.4169,1.3956,1.4062,2.1883,1.9382,2.0287,0.9593,1.6722,0.837,0.7891,0.9859,0.8051,1.3051,1.2307,0.8689,1.0923,1.4594,1.369,1.4062,1.2998,1.0125,0.8849,0.9806,1.9276,0.8742,1.1243,0.97,0.97,1.0019,0.9806,0.7465,0.9381,1.0391,1.2732,1.1987,4.149,1.7331,1.5286,1.0072,1.353,1.236,0.9274,0.9859,1.1083,1.2307
2/25/2021,54.7211,0.8908,1.4468,0.9189,1.7926,2.2037,1.6711,1.1805,1.2366,0.7507,1.5543,0.7834,0.8394,0.8581,0.8955,0.8675,1.274,1.1665,1.1338,1.2366,1.3113,1.0404,1.1852,0.8955,0.7647,0.7367,1.031,0.9469,0.704,0.8815,0.8862,0.7133,0.7554,0.5311,0.8815,0.774,0.8581,0.7086,1.2833,4.8343,2.0026,0.9469,1.3067,1.1431,1.2599,1.0357,1.0497,0.7273,0.8254
2/24/2021,59.0017,1.2836,1.2785,1.559,1.6406,1.6253,1.8803,1.0337,2.2067,1.5029,0.9011,1.7375,1.2581,1.2122,1.0031,1.1918,1.2428,0.8144,1.2122,1.2377,1.0184,1.2377,1.1,0.9623,1.3499,1.1765,0.8603,1.3958,0.7991,1.7783,1.202,0.6206,0.5798,0.9725,0.6971,0.6767,0.9929,0.9368,0.8756,3.8344,1.6093,0.743,1.4162,1.0184,0.8042,1.3907,1.1714,1.1,0.8603
2/23/2021,66.7533,1.142,1.4063,1.5474,1.9528,2.4639,2.1349,2.1643,1.5767,1.4181,2.0233,2.4815,0.8247,1.236,0.9128,1.4299,0.9128,1.048,1.2125,1.5356,1.3476,0.954,1.0421,0.8658,0.9481,1.283,0.9716,1.7706,0.8541,1.6825,1.189,0.6543,0.7777,0.6132,1.001,0.9305,0.9657,1.3535,1.1537,5.2225,2.1553,1.0068,1.5004,0.8776,1.4945,1.2301,0.8952,1.0773,1.5121
2/22/2021,59.6956,0.9214,1.4022,0.9214,1.4694,2.5137,1.8881,2.25,1.4384,0.9938,1.2988,1.9864,1.4591,0.8025,1.1489,1.0403,0.9679,1.2833,1.2626,0.9886,1.0507,1.2626,1.3091,1.5159,0.8697,1.0352,1.3091,1.1075,0.8387,1.5314,1.2471,0.6371,0.7612,0.9524,0.6474,0.6836,1.0403,1.2833,1.0507,2.6822,1.1561,1.2006,1.3919,1.4074,1.1541,1.3298,1.4901,0.9628,0.7508
2/21/2021,47.6641,1.1146,0.948,1.0353,1.3407,2.1102,1.5747,1.4082,1.2812,1.5192,1.4082,1.1583,1.1503,0.9599,0.9758,0.9599,0.7815,0.7458,1.1186,0.9441,0.8172,0.6506,0.6426,1.1583,0.8251,0.9798,0.8767,1.2892,0.6347,0.9599,0.7458,0.6982,0.5276,0.7299,0.5554,0.7497,0.8053,0.8687,0.7378,1.7978,0.8083,0.7378,1.2535,0.599,1.1226,1.0789,0.9044,0.9837,0.5911
2/20/2021,47.3169,0.6581,1.0552,0.6621,1.3147,1.9241,1.24,1.7747,1.2164,0.8036,0.9294,1.6293,0.898,0.9294,0.666,0.8704,0.725,0.8822,0.9137,0.7918,0.9884,0.9923,1.0277,0.8862,1.1928,0.5598,0.8744,0.8115,0.6542,1.413,0.7997,0.6817,0.5598,0.6778,0.6739,0.6306,0.7643,0.725,0.9766,2.901,1.2422,0.6503,1.2518,0.6817,1.0395,0.9294,1.1142,0.7132,1.0198
2/19/2021,52.7543,1.1647,0.9006,1.1781,1.6615,2.0463,1.9703,1.4287,1.2139,0.7888,1.0752,1.0707,0.6813,1.017,0.8156,1.1423,0.7127,0.8648,1.29,1.0841,0.9006,1.0662,1.1647,1.0797,1.205,0.8604,0.8201,1.4869,0.6545,1.4019,0.829,0.6903,0.8335,0.7037,0.6008,0.6321,0.8962,1.2408,0.7888,3.8251,1.6057,1.2855,1.2229,0.65,0.7798,0.9991,0.735,0.7753,0.9141
2/18/2021,49.6309,1.1825,0.9243,0.6579,1.3823,1.4198,1.5072,1.6737,1.0992,0.6912,0.7745,0.9452,0.7162,0.8661,0.8286,0.8702,1.1158,1.0159,0.762,0.9452,0.8036,0.6621,0.8161,0.6787,1.2366,0.7828,0.6413,0.9285,0.6912,1.5238,1.0451,0.5372,0.7911,0.5039,0.6746,0.6413,0.7412,0.8244,0.9618,5.6284,2.315,0.8827,0.8078,0.7328,1.0742,0.7495,1.17,0.7287,0.6787
2/17/2021,49.7462,0.7469,0.9265,0.9891,1.8616,1.3564,1.1686,1.1435,1.6654,1.6361,1.4733,1.3397,0.9724,0.7595,0.6259,1.0642,0.8638,0.7177,0.772,1.1227,0.8346,1.1018,0.8012,0.9807,0.9431,0.6843,0.8012,0.7302,0.7135,1.1686,0.9014,0.7636,0.6426,0.6593,0.58,0.5257,0.9056,0.8889,0.6384,4.0736,1.7034,1.1185,0.7845,1.1435,0.8346,0.9098,1.0475,0.6509,1.0099
2/16/2021,59.233,1.5704,1.386,1.5141,1.9342,1.7498,2.0623,1.2682,2.2467,1.1708,1.7395,1.6371,1.3399,0.971,1.0837,1.0684,0.802,1.0735,1.4168,0.9915,1.2323,1.3143,1.3758,1.3706,1.4372,1.1196,0.8378,1.4168,0.8993,1.5653,1.2528,0.8173,0.6175,0.9557,0.7405,0.9095,0.9608,1.1606,0.7456,2.3618,1.0301,1.3655,0.6995,0.7815,0.9557,1.094,1.3911,0.7866,1.012
2/15/2021,58.0764,1.1181,1.3435,1.1682,1.9394,2.7155,1.4636,1.4787,1.4837,1.6239,0.8327,1.1732,0.9479,0.9078,1.1181,0.8727,1.3535,0.9779,1.4086,0.8677,1.063,0.9328,1.058,1.013,1.2533,0.6224,1.1632,1.7841,0.7075,1.1482,0.8727,0.9078,0.9228,0.5773,0.9128,0.5823,1.028,1.2333,1.3635,3.8541,1.6171,1.033,1.4086,1.023,1.2082,1.048,1.1331,0.8427,0.9679
2/14/2021,60.6212,1.5874,1.1349,1.0086,1.5453,2.1663,2.3347,1.377,1.9716,1.2296,1.9768,2.14,1.077,0.9297,0.8244,1.3717,0.9086,1.1717,0.8507,0.9876,1.3717,0.8665,0.9823,1.6138,1.0349,0.9876,0.9665,0.8665,0.7297,0.9349,1.2665,0.6613,0.7139,0.5771,0.7718,0.7297,1.0612,0.8192,0.7771,5.0951,2.1053,1.2507,1.3401,0.7139,1.3506,1.1928,0.7876,1.3349,1.1244
2/13/2021,55.1836,0.7801,1.2047,1.2991,1.2519,2.0918,1.5114,1.502,2.0351,1.837,1.7756,1.082,1.4689,0.7706,0.7282,1.0868,1.233,1.2802,1.2377,0.8886,0.8461,0.9829,0.8839,1.4406,0.7517,0.6951,0.8603,0.6527,0.8461,1.2566,1.1009,0.832,0.5724,0.7517,0.7187,0.6715,0.9546,1.3321,0.6857,3.3736,1.4281,1.4359,1.0962,0.8414,0.9546,0.8791,1.2283,0.9027,1.1434
2/12/2021,57.151,1.1743,1.2234,1.0465,1.538,2.2949,2.1229,1.6903,2.2113,0.727,0.8155,1.828,1.2136,0.9531,1.1792,1.0366,1.017,0.8941,0.8793,1.3168,1.2431,1.0219,1.1349,0.9432,1.2087,1.0465,0.7909,0.9924,0.8695,0.8155,1.0366,0.786,0.6533,0.6533,0.9285,0.958,0.9678,1.3315,0.8793,2.8758,1.2323,1.4839,1.3414,1.2431,1.361,0.8597,0.9924,1.2087,1.13
2/11/2021,59.8117,1.0889,1.1252,0.949,2.063,1.3946,1.9801,1.4101,1.8454,1.6433,0.8713,1.6018,1.1874,0.8817,1.0267,1.1355,0.9024,1.0734,1.0164,1.3013,1.0941,1.2754,0.8454,1.0889,1.0475,1.1666,0.8402,1.4101,0.7988,1.2236,1.2133,0.8558,0.8558,0.8661,0.8868,0.6071,0.8299,1.1511,0.8506,4.6289,1.9218,1.3635,1.6433,1.1459,1.0112,1.3635,0.9905,1.0993,1.2392
2/10/2021,67.5625,1.3996,1.2924,1.072,1.7927,1.8999,2.436,1.9119,2.4479,1.6319,1.7451,2.0131,1.6796,1.1733,1.1375,1.5306,0.9469,0.9708,1.0065,1.2805,1.1554,1.1197,1.0244,1.1078,1.5962,0.9708,1.2567,1.6676,1.0005,1.2507,1.072,0.6729,1.0065,0.7802,0.7861,1.072,1.0005,0.9588,1.5902,5.0314,2.0802,1.6796,1.3698,0.9469,1.1911,1.3639,1.0482,1.2864,1.1078
2/9/2021,65.48,0.8679,1.1726,1.6209,2.0923,2.1267,1.8106,1.4887,1.2818,1.4485,2.1267,1.7991,1.6382,0.8277,0.8564,1.1438,1.2358,1.3623,1.0404,1.253,1.4427,1.3105,1.2703,1.2358,0.9369,1.1381,1.1381,1.7531,0.9426,1.9773,1.23,1.0231,0.73,0.6782,0.8334,0.7702,1.0346,1.0289,0.7932,5.4265,2.2356,0.9484,1.1208,0.8852,1.299,1.2645,1.299,1.5175,1.0231
2/8/2021,68.8352,1.7423,1.3834,1.8335,1.5415,3.1963,2.5149,1.9796,1.9674,2.1742,2.0586,2.3567,1.426,0.8906,1.426,1.4442,1.3773,1.1948,1.432,1.651,1.2374,1.505,0.8237,1.2678,1.5294,0.8967,0.7933,1.5172,0.9271,1.5172,1.0974,0.9271,0.7446,1.0305,1.0488,1.0062,0.9819,1.1279,1.1522,2.4632,1.07,1.0488,1.7484,1.0001,1.645,1.1826,1.359,1.0914,1.505
2/7/2021,74.2727,1.4126,1.7373,1.0216,2.5922,2.2675,1.8898,1.3397,2.8772,1.9295,2.1946,1.4126,1.8301,0.9023,1.28,1.7174,1.068,1.2602,1.5385,1.4126,1.1873,1.6512,0.8095,1.1077,1.3529,0.9354,1.1144,1.9295,1.0945,1.7705,1.3066,0.8161,1.068,1.1276,0.9354,0.9951,1.227,1.1409,1.2602,5.6222,2.3126,1.903,1.2602,1.1409,1.7771,1.7241,1.5716,1.3795,1.068
2/6/2021,60.5055,1.3795,1.264,0.8545,1.411,1.9624,1.2063,1.6946,1.9729,0.7757,1.6106,1.9414,0.8755,1.1748,0.8965,1.3848,1.2903,1.3795,0.97,1.2955,1.0698,0.8545,0.9332,0.8072,1.4583,0.6655,0.8072,1.8626,0.844,1.243,1.0068,0.8807,0.7862,0.613,0.6655,0.8387,1.0225,1.2168,1.0855,4.9034,2.0299,0.8807,1.6211,0.9595,1.3165,1.4268,1.3848,1.1485,0.8335
2/5/2021,65.3645,1.1763,0.9583,1.4918,1.8532,2.1285,1.727,1.7786,2.4039,1.7843,1.7098,2.3981,1.5836,1.1304,0.9755,1.1017,1.3197,1.5205,0.9927,1.0616,1.4459,0.8722,1.4172,1.7786,0.769,0.6944,0.8149,1.8819,0.7575,1.8761,1.0386,0.6084,0.7862,0.7174,0.8665,1.0042,1.1132,1.4459,0.9124,3.8885,1.6306,1.2738,1.704,1.1189,0.7518,1.3828,1.182,1.3426,1.1935
2/4/2021,52.7543,1.2587,1.3034,1.0797,1.3527,1.5541,1.4601,1.9613,1.0483,1.3079,1.6391,1.0259,0.6679,1.0215,0.7709,0.9006,0.8962,0.7843,0.9141,1.1199,1.2497,0.8469,0.8783,1.1826,1.2855,0.6769,0.8335,1.4466,0.7395,1.1244,0.9722,0.7082,0.6455,0.7127,0.7753,0.8246,0.9006,0.829,0.6903,4.5093,1.8748,0.7664,0.838,0.7709,0.9051,0.7395,1.1915,0.9006,0.8693
2/3/2021,54.6056,1.453,1.3132,0.8751,1.9423,1.7885,1.5602,1.2526,2.0915,0.8564,1.658,1.0195,0.945,0.8285,0.8611,0.8984,1.0801,1.2293,1.0755,0.9077,1.0009,1.0662,0.6653,0.7353,1.2199,0.684,1.1454,1.4903,0.67,1.3691,0.9916,0.7213,0.8797,0.5255,0.7679,0.7586,0.8005,0.7446,1.2199,4.4648,1.8573,0.903,1.0895,0.7725,0.6886,0.7632,1.1594,0.8704,0.945
2/2/2021,50.3249,0.8735,0.7465,1.1571,1.2121,1.3687,1.3475,1.7623,1.3433,1.4449,0.7381,1.8173,1.0216,0.6788,0.7846,0.8693,0.7634,0.9243,0.81,0.81,1.0851,1.0343,0.882,0.7465,0.8523,0.9158,0.9708,0.7,0.6915,1.5465,0.7423,0.6788,0.518,0.683,0.8354,0.8227,0.7677,0.6492,0.9285,4.1308,1.7259,0.8227,0.9031,0.8947,1.119,1.0301,1.0851,1.0428,1.047
2/1/2021,63.2819,1.3331,1.3884,1.6095,2.3558,3.0082,2.3061,1.7422,2.483,1.8915,1.4824,2.1623,1.0512,1.0235,0.8798,1.3055,1.0733,1.3221,1.0014,1.2391,1.0622,1.3718,1.2336,0.9296,0.8798,1.123,0.924,0.9627,0.8079,1.6869,1.1065,0.5979,0.8909,0.8024,1.0401,0.7969,0.9793,1.2502,0.7692,3.2217,1.3684,1.1507,1.2557,0.9351,1.2999,0.9351,0.8135,1.0235,1.405
1/31/2021,65.1332,1.1208,1.1094,1.0979,1.6464,3.109,1.715,1.675,1.6864,1.1208,1.4407,1.8921,0.8808,0.898,0.8066,1.4522,0.8351,1.0237,0.9837,1.4922,1.4236,1.1436,1.315,1.4007,1.2865,0.7266,0.8751,1.355,0.8351,1.0579,0.9437,0.7837,0.7551,0.5723,0.7094,1.0294,1.1036,1.3379,0.978,7.0103,2.8586,1.4922,0.8066,1.3836,1.4236,1.4407,0.9323,1.1322,1.0351
1/30/2021,63.282,1.3663,1.1728,1.5819,2.3614,2.4056,2.3558,2.0241,1.8859,1.803,1.5321,1.5819,1.2115,1.1673,1.3386,1.405,0.9406,1.1839,0.9793,1.3995,0.9959,0.8135,1.1396,1.5653,0.7582,0.9406,1.3552,1.1286,0.8577,1.1617,1.0125,0.5592,0.7029,0.6476,0.8411,0.6918,0.9793,1.2668,0.819,3.801,1.5962,1.4769,1.51,1.5155,1.0457,0.9738,1.0567,1.3386,1.0346
1/29/2021,55.1841,1.167,1.2566,0.8603,1.3274,2.4268,1.1434,1.3132,1.7851,1.7945,1.2613,1.5775,1.4265,0.9405,0.7753,1.1292,1.0207,0.9452,1.1811,1.1481,1.2849,0.8367,0.8414,1.1056,1.1953,0.9594,0.8839,0.9405,0.8225,1.2613,0.8603,0.6291,0.5772,0.6338,0.6904,0.6243,0.8603,1.3274,1.0773,2.8317,1.215,1.1906,1.502,1.3368,1.0207,1.0679,1.0773,0.898,1.1528
1/28/2021,46.2761,1.1542,0.8939,0.8212,1.7283,1.4068,1.4872,1.4566,1.158,1.0355,0.936,1.0202,1.0547,0.8174,0.5992,0.8901,0.9207,1.047,0.8901,0.959,0.9819,0.9666,0.6336,0.8863,0.8518,0.7485,0.8939,1.3953,0.6987,1.1121,0.7293,0.6987,0.6298,0.6604,0.7102,0.6834,0.737,0.8365,0.7906,2.2682,0.9933,1.1389,0.7102,0.9896,0.6375,0.9016,0.8939,0.8135,1.0087
1/27/2021,54.2585,0.9716,1.0271,1.1288,1.832,2.1326,1.0456,1.8643,2.1049,1.1427,1.6932,1.5822,0.9854,1.0317,0.842,0.7264,1.2676,1.0271,1.1566,1.0317,0.9114,0.8652,0.8698,1.1751,0.9762,1.0733,1.1751,1.4341,0.7125,0.7727,1.1011,0.4673,0.9161,0.8282,0.8837,0.6524,0.7727,0.8698,0.8513,3.3405,1.4151,0.6894,0.6061,0.7079,1.0363,0.9716,1.4388,1.1242,1.0271
1/26/2021,69.2981,1.5826,1.08,0.9574,2.6799,1.5888,1.8095,1.8278,2.6492,1.9259,1.3375,2.2753,0.9758,0.8471,1.2271,1.0923,0.8839,1.031,1.3865,1.4601,1.5581,1.2516,0.8839,1.2455,1.601,1.3497,1.4417,2.0669,0.8777,2.2263,1.4601,1.0616,0.9268,1.0861,0.7674,1.0861,1.0616,0.9758,1.0923,4.0733,1.7033,1.0923,1.8401,1.5152,0.7613,1.0984,1.8524,1.5949,1.129
1/25/2021,72.19,1.1295,1.842,1.8677,1.842,2.7664,2.2593,2.914,1.7008,1.2258,1.0653,2.5995,1.0461,0.9369,0.9947,1.6366,1.6109,1.7008,1.4184,1.6623,1.3157,1.2258,1.0204,1.0589,0.8021,1.1359,0.8535,1.7778,0.8407,1.3991,1.1103,0.7444,1.2322,0.9434,0.6866,0.7123,1.2964,1.7714,1.367,4.9026,2.0295,1.8549,1.5917,1.5018,0.8407,1.4633,1.8099,1.1616,1.5211
1/24/2021,68.8351,1.2191,1.7058,1.1461,1.5294,1.505,2.0769,1.6328,1.9066,2.0039,2.1742,1.1096,0.9575,1.1339,1.4746,1.5476,1.3347,1.1279,0.9089,1.3225,1.5172,1.1522,0.8298,1.3286,0.9879,1.0305,1.3104,1.213,0.9819,1.7058,1.2982,0.9575,0.994,1.0609,0.6898,0.9636,1.0366,1.2739,0.9636,6.5456,2.6758,1.5294,1.0001,1.6267,0.9393,1.6389,1.6024,1.0792,1.0853
1/23/2021,74.2724,0.9818,1.797,1.7373,1.6777,1.797,1.7506,1.565,2.2609,1.6379,2.0753,2.0024,1.7307,1.1011,1.0945,1.5849,0.9553,1.7373,1.7506,1.5253,1.2337,1.565,0.8294,1.5783,1.0812,1.3198,1.406,1.5584,1.0348,1.7307,1.3264,1.1342,0.9155,0.7499,0.6703,1.015,1.0481,1.2535,1.2071,7.6342,3.104,1.9494,0.7896,0.9619,0.9089,1.6445,1.3728,1.227,1.2602
1/22/2021,61.6624,1.3955,1.4868,1.2989,1.7068,2.8713,1.7014,1.9966,2.0985,1.1809,0.9394,1.6477,1.4063,1.1487,1.1111,1.138,1.0253,1.1111,1.3311,1.3526,1.0092,1.0145,0.7838,1.2345,1.2185,1.138,1.2292,0.9984,0.8696,1.857,1.2024,0.7784,0.9448,0.977,0.7999,0.875,1.0199,1.3848,1.2453,2.7702,1.1907,1.2989,1.3365,0.875,1.1004,1.2775,0.7945,1.1272,1.3633
1/21/2021,60.39,1.1464,1.314,1.0521,1.6231,2.0213,1.8903,1.7646,1.6388,1.0154,1.5078,1.3978,1.3245,0.8844,0.8582,1.1097,1.0678,0.9106,1.0573,1.4397,1.073,1.1726,0.8268,0.9263,1.4974,1.0416,1.2249,0.9368,0.8425,1.4869,1.2669,0.7482,0.7901,0.612,0.9682,0.7901,1.0259,1.0049,1.335,4.4869,1.866,1.3454,1.4397,0.8844,1.0101,1.4188,0.9578,1.1987,1.1883
1/20/2021,59.6959,1.5831,1.4901,1.0196,1.609,1.7847,1.5211,1.7796,2.1208,1.7692,1.4591,0.8801,1.3557,0.7922,1.1127,1.0765,1.1385,0.9318,1.0093,1.4125,1.0041,0.9369,0.7508,1.273,1.4694,0.9524,0.8129,1.5056,0.8129,1.7072,1.0403,1.0093,0.7922,0.7663,0.5751,0.8129,0.999,1.4022,1.1954,3.4094,1.4422,1.0352,1.2419,0.8077,1.03,1.4591,1.2885,1.366,0.9524
1/19/2021,73.9255,1.9928,1.2347,1.4061,2.0455,2.0521,1.5841,2.9224,1.6368,0.8787,1.2149,1.5511,1.5709,1.1424,1.0303,1.472,1.1819,1.0962,1.2742,1.3929,1.7159,1.4786,1.1687,1.0698,1.5181,1.0633,1.0435,1.3006,0.9841,1.3072,1.1424,0.7732,0.7666,0.9841,0.9182,1.2017,1.1226,1.2808,1.6236,7.9546,3.23,1.1753,1.65,1.5577,1.7489,1.0896,1.5445,1.6895,1.1424
1/18/2021,73.1158,1.3453,1.8987,1.9834,2.6736,1.9704,2.2439,2.309,2.7973,2.1397,1.8076,2.5955,1.0327,1.1108,0.9155,1.0327,1.2997,1.0457,1.6969,1.6578,1.4885,1.0457,0.8374,1.3387,1.4625,1.4625,1.189,1.1108,1.0327,1.0132,1.215,0.5769,0.7788,0.9676,1.0653,0.7201,1.0001,1.0653,1.5862,6.214,2.5453,1.2476,0.8178,1.0262,1.5015,1.6774,1.3648,1.2346,0.9741
1/17/2021,61.431,1.5666,1.1071,1.4437,2.2986,1.5185,1.5719,2.1757,1.2887,1.0483,1.8925,1.5933,1.4597,1.2299,1.1925,1.0162,1.1979,1.2246,1.1551,1.4383,0.92,1.3742,1.4704,1.5719,1.3689,0.8292,0.9307,1.3421,0.9361,0.9628,1.2139,0.7384,0.92,0.6956,0.6369,0.6636,0.9307,1.2139,0.7437,3.6448,1.5348,0.7758,1.6253,0.9521,1.4383,1.4597,0.8346,0.9788,1.3047
1/16/2021,74.0413,1.1441,1.2762,1.6196,2.2932,2.3064,1.395,1.4545,1.4148,1.679,1.329,1.7583,2.0092,1.263,1.0186,0.9922,1.3686,1.7186,1.7451,1.3158,1.4941,1.2167,1.5271,1.4281,1.329,1.1375,1.1111,1.93,0.9724,1.9035,1.4214,1.1771,0.7214,0.6554,0.8733,1.0648,1.0648,1.5799,1.613,6.9398,2.8308,1.3488,1.2233,0.8469,1.7649,1.2233,1.9432,1.0252,1.5733
1/15/2021,75.1981,1.9407,1.8601,1.1948,2.4514,2.6664,2.5052,2.5522,1.5173,2.364,1.4972,1.5711,1.0066,1.2822,1.4569,1.5913,1.0335,1.5577,1.813,1.7525,1.3762,1.3494,0.8454,1.1881,1.4905,1.3695,1.383,1.5913,1.1209,1.5644,1.3023,0.6035,0.8924,1.1679,0.6774,0.926,1.3292,1.7189,0.9663,5.0859,2.1016,1.8601,1.7458,1.7861,1.0402,1.1545,1.309,1.6988,0.9394
1/14/2021,62.2408,1.2027,0.9206,1.0237,2.2332,1.8047,1.6203,2.3797,1.6529,1.5281,0.9966,2.2332,0.8772,0.823,1.0182,0.9098,1.3328,0.8447,1.4468,1.3545,0.9369,1.3762,1.1864,1.0562,0.9966,0.8393,1.1159,1.7668,0.9315,1.2461,1.0128,0.6657,0.7253,0.5843,0.9152,0.8555,0.9911,0.7633,0.8609,6.7028,2.7376,0.823,0.926,1.3708,0.6874,1.1376,0.8881,1.1484,0.7904
1/13/2021,72.1903,1.1937,1.2322,1.0461,1.5981,3.4404,2.2464,1.3093,2.1245,2.4647,1.7522,1.7136,1.1424,1.3413,0.9755,1.1552,1.3799,1.0268,1.4505,1.7265,1.4954,1.0846,1.3863,1.1488,1.3157,1.3927,1.5403,1.8356,0.9434,1.2707,1.1038,0.7701,1.1295,1.0782,0.9947,0.9369,0.9947,1.3478,1.6751,4.3774,1.8229,1.7843,1.688,1.7008,1.1167,1.5788,1.8805,1.4184,1.0589
1/12/2021,94.7495,2.1185,2.5089,2.4742,3.1335,3.0034,2.0144,2.5089,3.5846,2.2313,1.4766,2.5436,1.1296,1.4853,1.8323,1.7021,1.4245,1.4506,1.4679,2.1446,2.0838,1.6067,1.1556,1.919,1.0689,1.4332,1.0515,1.5373,1.3812,1.8149,1.598,1.0775,1.4679,1.0949,1.173,1.0428,1.3551,1.9797,1.3985,9.3251,3.7691,2.2053,1.1643,1.3031,1.5807,1.7802,2.2313,1.9624,1.9537
1/11/2021,97.4104,2.5182,2.0443,1.9728,3.2424,2.3483,3.0099,2.5092,3.4838,3.305,1.9638,2.5629,1.6151,1.4899,1.9996,1.8655,1.4542,1.3469,1.2754,1.5436,2.1069,1.8476,1.8476,2.2946,2.3393,1.3826,1.6509,1.6598,1.1591,2.3304,1.4542,1.0787,1.6151,0.9177,0.8283,0.8998,1.5346,1.3826,1.8655,9.375,3.7887,1.7671,1.6956,1.2307,1.4452,1.5078,1.6866,1.9191,1.2485
1/10/2021,93.0143,2.411,2.258,1.9605,2.1135,2.7256,2.1305,2.9381,2.7171,2.5981,2.6746,2.6406,2.003,1.5354,1.9945,1.8584,1.4674,1.9435,2.071,1.5779,1.986,1.8329,1.1953,1.3399,2.003,1.0253,1.2719,2.139,1.2123,1.6289,1.5524,0.9233,0.8128,1.1103,1.3484,1.2974,1.6289,1.4504,1.4504,7.5677,3.0778,1.2378,2.4621,2.0625,1.0678,1.7479,1.7904,1.9265,1.2463
1/9/2021,94.6337,2.3498,1.5182,1.7954,2.6617,3.3288,3.1209,3.1295,2.8696,1.934,2.5144,2.2545,2.1766,1.8214,1.7001,1.4402,2.1592,1.9687,1.4055,2.0986,1.7781,1.5875,1.163,2.038,1.2842,1.9427,1.2149,2.7137,1.3102,3.0602,1.6654,0.955,1.2323,1.5182,1.1456,1.3102,1.6741,2.2979,1.5095,4.5688,1.8982,1.6048,2.4538,2.2545,1.5961,1.7087,1.7434,1.5615,1.5961
1/8/2021,11.9159,0.2356,0.2693,0.2184,0.2638,0.312,0.272,0.2305,0.2489,0.2426,0.2238,0.3151,0.2328,0.2336,0.2242,0.2571,0.2563,0.2403,0.2309,0.2575,0.2375,0.2399,0.2313,0.2536,0.245,0.2187,0.2262,0.2117,0.2141,0.2227,0.2305,0.2054,0.1976,0.2262,0.227,0.2015,0.2199,0.2548,0.2156,0.5922,0.334,0.2419,0.2062,0.263,0.2567,0.2262,0.2489,0.2481,0.2548
1/7/2021,99.7243,1.6159,2.3864,2.6707,3.2578,2.4323,2.2488,3.377,2.4873,2.2213,1.8819,1.3774,1.2307,1.2582,1.6618,2.0929,1.6434,2.047,1.5425,2.2488,1.8544,1.5242,1.9553,2.6432,1.0931,1.2398,1.3224,1.6709,1.46,2.1938,1.6985,1.3683,1.5058,0.8729,1.6159,0.9096,1.5242,1.4692,2.0287,10.1202,4.0818,2.4323,1.9553,1.8085,1.7535,1.8819,2.6707,2.2947,1.0931
1/6/2021,83.9904,1.8233,1.9144,1.7093,2.0968,3.533,2.4616,3.4343,2.4768,2.8871,1.3597,3.1151,1.8005,1.0786,1.6789,1.0482,1.8385,1.5269,1.8537,1.5649,1.3521,1.3825,1.4053,1.2457,1.5801,1.1469,1.4585,2.0284,1.2077,2.1196,1.3293,1.1697,1.2153,0.881,1.0634,1.1393,1.1393,2.0056,1.2685,4.6061,1.9129,1.8005,1.1317,1.5193,1.4053,1.6181,1.4053,1.6409,1.6105
1/5/2021,78.7846,2.0566,1.5824,1.8443,2.2973,3.6634,2.5167,3.0051,3.1538,1.4691,1.37,1.186,1.5965,1.0656,1.1152,1.3063,1.3275,1.2851,1.2921,1.8797,1.7027,1.1152,1.37,1.7806,1.4833,1.0373,1.6461,0.9595,0.9665,1.5894,1.4196,1.0302,1.2214,1.1081,0.9382,0.9382,1.3912,1.8797,1.101,4.5356,1.8852,1.7381,1.1081,1.915,1.1435,1.6248,1.8159,1.7027,1.6248
1/4/2021,81.3297,1.2813,1.8019,1.2739,2.1979,3.6865,2.2859,2.6892,2.6305,1.4866,2.4179,2.8872,1.8606,1.6406,1.3179,1.5966,1.6259,1.6333,1.8679,1.2153,1.5966,1.5453,1.2153,1.7873,1.6113,1.4939,1.0686,2.4399,1.1786,1.5233,1.2519,0.6433,0.8046,1.0246,1.2593,0.9146,1.2153,1.6406,1.8752,4.1138,1.7193,1.5159,2.1246,1.5746,1.7433,1.5086,0.9953,1.3766,1.1713
1/3/2021,87.6923,2.1271,2.3502,1.5055,3.2109,3.6253,2.3104,2.9878,2.159,2.4459,1.7207,2.7407,1.6729,1.8163,1.6569,1.7366,1.107,1.8322,1.5135,1.3621,1.9518,1.4577,1.8163,1.6888,2.2068,1.3541,1.8083,1.0592,1.0194,1.6649,1.4896,0.8361,0.7723,1.0353,1.3541,0.8839,1.3302,1.5214,1.2664,5.2856,2.1802,1.5453,1.8801,1.8561,0.9237,2.0474,2.2227,1.625,1.7286
1/2/2021,81.7929,1.2293,2.1886,2.0041,2.8011,2.9782,2.9413,3.1479,3.1848,1.7753,2.0853,2.5944,1.8786,1.1481,1.0374,1.8196,1.2219,1.0522,1.5909,1.2662,1.6647,1.2736,1.2367,1.4138,1.7311,1.0522,1.3769,2.6166,1.1776,1.9672,1.244,1.2071,1.0522,0.7054,1.0522,0.757,1.3473,1.1924,1.126,5.0708,2.0957,1.9967,1.0227,1.1112,1.768,1.0891,1.7901,1.399,1.3104
1/1/2021,65.3646,1.3484,1.4516,1.0329,2.3121,2.1457,2.054,1.3598,1.2509,0.9239,1.5377,1.1591,1.2681,0.9812,1.1419,0.878,1.1648,1.2623,1.4344,1.1304,1.1247,0.8493,1.3771,0.9927,0.7575,0.9009,1.3771,1.0501,0.987,1.073,1.1591,0.8321,1.0386,0.9009,0.6198,0.9181,1.1476,1.096,1.2164,6.3834,2.612,1.6467,0.8206,1.3828,1.4115,1.5549,1.6237,1.314,1.3598
12/31/2020,56.4009,0.8007,1.4783,0.7378,1.7978,1.2557,1.6187,2.1366,1.7881,1.701,1.0863,1.7155,0.7668,0.8975,0.8878,1.0718,1.1879,1.0185,1.1444,1.2993,1.2751,0.975,0.8588,1.3864,1.459,1.1202,0.7184,1.2266,0.791,0.854,1.0863,0.7717,0.8636,0.883,0.5636,0.6458,0.791,1.1056,0.7814,3.2235,1.3691,0.9217,1.5267,1.1444,1.0911,1.0185,1.2315,1.2605,1.0669
12/30/2020,69.2092,1.5867,1.4215,0.9869,2.664,1.7765,2.0764,2.1927,1.9479,1.3847,1.8744,2.4008,1.856,1.4031,0.8583,1.0848,0.9991,1.4215,1.4092,1.3664,1.5255,1.4888,0.9012,1.2133,1.7581,1.0297,1.1154,1.7703,0.993,1.856,1.3909,0.9195,0.6502,1.097,0.9563,1.1032,1.2011,1.3235,1.3052,3.7338,1.5698,1.2133,1.4643,1.4092,0.9685,1.2562,1.0481,0.9685,1.2684
12/29/2020,60.7827,1.1801,1.3121,0.9003,1.5707,2.3044,2.3149,1.9507,2.2516,1.5971,1.3437,2.0668,0.9584,1.0376,1.0165,1.3068,0.9637,1.1326,0.9056,1.3332,1.254,1.0165,1.0112,1.0745,1.0059,0.7789,1.1643,1.3068,0.7684,0.9109,1.027,0.6259,0.6048,0.5889,0.742,0.8053,1.0798,1.2962,1.1009,4.4095,1.8355,1.2223,0.7103,1.2487,1.122,0.9584,1.2329,1.1484,1.2857
12/28/2020,71.3441,1.5666,1.5602,1.5032,2.0416,1.7313,2.7764,1.7566,2.8208,0.8508,0.9901,2.4154,1.8263,1.3955,0.9015,0.9711,1.0978,1.0662,1.2245,1.5222,1.4209,1.4969,0.7938,1.2055,1.7313,0.9331,1.0028,1.0788,1.0155,1.2752,1.0218,0.8128,0.7368,1.0535,0.7621,0.9838,0.9838,0.9901,1.6743,6.8859,2.8097,1.0345,1.1675,1.4019,1.4779,1.7566,1.0028,1.2435,1.5729
12/27/2020,78.8714,1.1234,1.818,1.1376,3.0511,3.5472,1.9243,2.7322,2.3849,1.9314,2.4983,1.5345,1.5345,1.1163,1.3715,1.329,1.7542,1.2297,1.7896,1.5203,1.5487,1.0596,1.8038,1.5983,1.251,0.8258,1.3715,1.9314,1.1163,1.6266,1.5345,0.8683,0.7832,0.7549,0.7478,0.8825,1.1376,1.0455,1.6904,6.1331,2.5135,1.5416,2.2432,0.9179,0.8966,1.8038,1.5274,1.0455,1.3431
12/26/2020,60.558,1.1285,1.0549,1.5332,1.591,2.4845,1.9747,1.8748,1.612,1.6278,1.7749,0.9445,1.5752,0.7658,1.1022,1.1337,1.16,1.3702,0.8289,1.2336,1.3913,0.8604,1.3177,0.9077,0.9498,0.8815,0.7501,1.7066,0.6975,1.3545,1.2231,0.7501,0.6607,0.7974,0.6712,0.8657,1.0023,0.9866,0.9077,4.4329,1.8448,1.5069,1.612,0.9655,0.9077,1.1495,0.8604,0.9288,0.8972
12/25/2020,65.951,1.4068,1.4242,1.372,1.6908,2.5369,1.853,2.2007,2.1544,1.656,1.8357,1.4995,0.8215,1.0823,1.3952,1.4184,0.9432,0.9258,0.9664,1.1229,1.4648,1.007,1.5749,1.1055,1.6096,0.7809,1.2156,1.7835,0.8157,2.0733,0.9316,0.9722,1.0823,0.9374,0.8968,1.0765,1.0881,1.2504,1.0765,3.5522,1.4983,0.9374,1.5749,0.8737,1.5459,1.5575,1.3315,1.1982,0.8331
12/24/2020,59.8839,1.277,1.5468,1.3392,2.0708,1.8685,1.9359,1.8788,2.2628,0.7893,1.8321,1.2977,0.9605,1.0228,1.0798,1.0072,1.0902,1.0591,0.8619,1.4067,1.277,0.8463,0.836,1.085,0.7581,0.727,1.277,0.9709,0.6959,0.8775,1.2614,0.6699,0.7374,0.7114,0.9812,0.753,0.893,1.2355,0.9242,5.2346,2.1601,1.1369,0.6751,1.1369,1.194,1.085,1.0798,1.1058,0.9709
12/23/2020,57.5245,1.2166,1.1572,0.8402,1.3701,2.5587,1.4543,0.9937,1.5088,0.7511,1.1175,1.1572,1.4543,0.9343,0.8947,0.7857,1.0383,1.3602,1.1126,0.86,0.8848,1.0581,0.7956,0.7511,1.385,0.6867,1.2116,1.4939,0.8253,1.5286,0.8253,0.6372,0.969,0.9442,0.7511,0.9293,0.9888,0.9095,1.2513,4.3039,1.794,1.4444,1.2314,1.2364,1.3354,1.3998,1.2364,0.8798,1.2711
12/22/2020,49.0981,1.19,1.0421,0.9393,1.4941,1.6544,1.0133,1.864,1.8763,0.6557,0.742,1.0667,1.0379,0.6229,0.6352,0.8818,0.6681,0.964,0.7503,0.816,0.9886,0.8736,0.9516,1.0297,0.6229,0.7256,0.9064,0.9434,0.7585,0.7133,0.7626,0.6105,0.5283,0.5941,0.664,0.7051,0.7256,1.0462,0.6968,4.3345,1.806,1.1078,1.3297,0.9188,1.0092,0.7297,0.964,1.0338,1.1037
12/21/2020,56.9629,1.3858,0.857,1.0823,2.0224,2.0566,1.8314,1.1459,1.802,1.6943,0.9794,1.4397,1.1068,0.8472,0.7591,0.7591,1.2879,0.9892,0.857,1.3222,1.1606,1.097,0.7346,1.4642,1.048,0.9501,0.8032,1.5474,0.7934,1.3271,1.1019,0.7934,0.9843,0.7199,0.671,0.5584,0.8081,1.239,0.7053,4.0427,1.6913,1.1459,1.0774,1.1998,1.3467,1.239,0.7151,1.0382,0.7346
12/20/2020,50.3335,1.2589,0.9498,0.8567,1.7119,1.5002,1.623,0.844,1.4071,1.424,0.9329,1.0049,0.8398,0.772,0.8694,1.0514,0.7593,0.971,1.0768,1.1827,0.8609,1.0387,0.8652,1.2589,1.0599,0.5561,1.0684,1.5383,0.6958,0.9625,1.0091,0.4715,0.6323,0.4757,0.7636,0.8355,0.8186,1.1996,0.7212,3.6394,1.5327,0.8821,0.7847,1.1615,0.6916,1.0768,0.9837,0.7466,0.9668
12/19/2020,61.457,1.61,1.1717,0.8723,1.8613,1.8024,1.5138,2.2568,2.166,1.4389,1.1129,1.1342,1.1022,0.7654,1.2412,1.3855,1.1449,1.4176,0.9952,1.1556,1.2625,1.1396,1.2946,1.4336,1.3534,0.9739,1.1663,1.6688,0.8616,0.8883,0.9471,0.5943,0.8509,0.8616,0.9578,0.8616,0.9418,1.3588,1.2412,4.0685,1.7014,1.5833,1.0487,0.7333,1.3053,1.0808,1.2946,1.1289,0.7066
12/18/2020,57.2996,0.8717,0.9308,1.3745,1.5273,2.045,1.5914,1.7443,1.8429,1.6112,1.0491,2.0696,1.5076,0.9259,1.0984,1.2907,0.9998,1.3252,1.271,0.9357,1.1872,0.8519,1.0787,0.8322,1.2562,0.6547,1.1921,1.7738,0.6745,0.985,0.9752,0.7435,0.9357,0.6942,0.8125,0.8273,0.9012,1.2808,0.9801,3.0185,1.2884,0.9752,1.1921,1.0491,1.1872,1.2611,0.7238,0.7829,1.1724
12/17/2020,49.8843,1.0253,0.8703,1.1133,1.7038,2.24,1.6243,1.8421,1.3478,1.507,0.929,1.6075,1.0085,0.8703,0.7698,1.0839,0.6818,0.686,1.0127,0.8368,0.8159,0.7907,0.8871,1.0211,0.7824,0.6274,0.9792,0.9373,0.7572,0.7321,0.9876,0.6693,0.5143,0.8117,0.6902,0.5729,0.7405,0.9625,0.7949,3.2749,1.3893,0.7991,0.8159,1.0546,0.8368,0.9457,0.8326,1.1677,0.9332
12/16/2020,53.3672,1.0196,0.9062,0.8018,1.319,1.3961,1.3326,1.2555,1.9405,1.1421,1.4823,1.0286,0.8336,0.9288,0.947,0.7882,0.9606,1.2101,0.8426,0.8063,0.8653,1.006,1.1965,0.9742,0.8063,0.8925,0.7564,0.6884,0.7927,1.5277,0.9787,0.6203,0.6249,0.8381,0.8245,0.6385,0.9515,1.0423,0.6657,4.8781,2.0199,1.3009,1.1511,1.0559,1.1103,0.9969,1.3508,0.7837,1.0876
12/15/2020,52.1311,1.3406,0.7977,1.2964,1.7642,1.6892,1.5877,0.9081,1.4288,1.3759,1.6671,1.8128,1.3979,0.7492,0.8551,0.9169,1.1596,0.736,1.1685,0.7845,0.8242,0.8286,1.0096,0.7007,1.0272,0.8507,1.0802,1.4509,0.6256,1.495,0.886,0.6212,0.7845,0.6918,0.8154,0.7977,0.7404,0.9301,0.8066,2.8082,1.2057,0.9875,1.2788,0.8066,0.6962,1.1331,0.758,1.1596,0.8948
12/14/2020,53.0302,1.1033,1.1663,1.36,1.7337,2.3101,1.8643,1.7968,1.9859,1.1258,1.2519,0.8781,0.8241,0.6845,0.7205,0.8917,1.1979,0.8196,1.1483,0.7926,0.9817,0.6845,1.2159,0.9817,0.9142,0.671,0.8556,1.396,0.716,1.405,0.8286,0.6935,0.5224,0.7836,0.6485,0.8827,0.7926,0.7115,1.1573,3.0559,1.3031,1.3104,0.7476,0.7926,1.0583,0.7611,1.4005,1.2339,0.8691
12/13/2020,53.8171,0.8264,0.7898,1.0647,1.5962,2.4117,1.1517,1.8985,1.0097,0.9914,1.5778,1.7107,1.3671,1.083,0.8814,1.083,1.1426,0.8035,0.9593,0.9226,0.9685,0.8264,0.7211,0.9272,0.6981,1.0693,0.7211,0.8448,0.6248,1.5503,0.9272,0.6203,0.7852,0.8493,0.6065,0.5378,0.8127,1.2205,0.996,5.3128,2.1909,0.8127,0.8722,1.0922,0.634,0.8997,0.7348,0.7944,0.8952
12/12/2020,53.3679,0.7973,1.3235,0.9425,1.2464,1.5368,1.8453,1.5821,1.6411,1.3916,1.2283,1.1466,1.319,0.6929,0.9833,1.0876,1.0241,0.7202,1.2373,1.1602,0.9561,1.1466,0.6612,1.0468,1.1285,0.7338,0.8653,1.2419,0.6884,1.3508,0.8381,0.7111,0.5115,0.5977,0.6067,0.8336,0.7746,0.9243,1.2328,4.0478,1.6933,0.8381,1.2147,1.2056,0.643,1.1194,1.1829,0.7701,0.8971
12/11/2020,50.4462,0.7991,0.8883,1.3297,1.682,1.8348,1.4528,1.3042,1.0835,0.6675,0.7991,0.8543,1.1472,0.9265,1.075,0.884,0.7906,1.058,0.7694,1.0241,1.109,1.075,0.8246,0.9052,1.1642,0.7991,1.0623,1.5462,0.6845,1.092,0.8246,0.6208,0.5487,0.8076,0.7567,0.5359,0.901,1.1514,0.7779,4.1056,1.716,1.0411,0.7609,0.7609,1.0283,1.1939,0.6803,0.6675,0.9349
12/10/2020,60.8953,1.4309,1.3991,1.3674,2.0709,1.6424,1.1505,1.0447,2.3565,0.886,1.7905,1.891,1.05,1.1241,1.2563,1.1029,1.251,1.4203,1.1241,1.1241,1.452,0.8702,0.7115,0.886,1.1029,0.6427,1.0183,0.8966,0.8913,1.8858,1.2669,0.7485,0.7168,0.7274,0.5528,0.6745,0.9813,0.775,0.9707,5.9901,2.4573,0.8014,1.2669,0.7803,1.4362,1.4256,0.8649,0.8226,0.7961
12/9/2020,73.7034,1.4479,1.6056,1.034,1.9341,3.5504,1.7567,2.1049,2.3414,1.5267,1.4939,1.8552,1.9604,1.0602,1.369,1.1391,1.5267,1.6319,1.3099,1.7107,1.1719,1.5727,1.1128,1.7764,1.3428,1.1194,1.0142,2.0655,1.0602,1.8224,1.4807,0.6397,1.0011,0.8434,1.1325,0.8566,1.0931,0.9223,1.0734,6.0799,2.4926,1.1654,0.85,1.6253,1.2245,1.323,1.6647,0.9288,0.8894
12/8/2020,65.6144,1.1173,1.6301,1.0482,2.1198,2.3272,1.9469,1.5494,1.8087,1.8778,1.0539,2.3214,1.7914,1.2152,0.8696,1.1058,1.1461,1.5494,1.3305,1.1058,1.198,0.9675,1.1288,1.0482,1.2268,0.7082,0.8753,1.463,0.8696,1.5091,1.3766,1.0597,0.8811,1.0827,0.6449,1.0539,1.077,1.1461,0.8753,4.252,1.7736,1.5782,0.835,1.4227,1.3593,1.463,1.3996,1.2037,1.221
12/7/2020,62.8052,1.3395,1.4107,1.4381,2.1671,2.737,1.3943,1.3614,2.3315,0.8134,1.4217,1.3833,1.0326,1.1915,1.0161,1.0545,1.2957,0.8134,1.1532,1.3176,0.9668,0.8682,1.3395,0.9778,1.3724,1.0874,1.071,1.9478,0.8298,1.3231,1.2463,1.0326,0.6325,0.6764,0.923,0.9559,1.0161,1.4162,1.1641,4.1236,1.7231,0.8517,1.1806,1.1203,1.5039,1.0326,1.2628,1.2737,1.2134
12/6/2020,77.5232,1.0705,1.571,1.571,2.9893,1.7518,1.6684,1.4598,2.3636,2.3497,1.8491,1.863,1.5293,0.9592,0.9801,1.3903,1.1817,1.3416,1.6128,1.7101,1.5641,1.3764,0.9384,1.4737,1.8769,1.5988,1.4876,0.987,1.0705,2.3219,1.4181,1.1956,1.0774,1.0844,1.0913,0.7576,1.1956,1.0705,1.571,8.1402,3.303,1.7101,0.9453,1.0774,0.9245,1.4876,1.2651,1.0149,1.286
12/5/2020,73.5911,1.7146,1.6228,1.5047,2.1016,2.9674,1.9245,2.7575,1.6425,1.4523,1.8655,2.0622,1.6228,1.485,1.1768,1.3473,1.3342,0.98,1.3735,1.6753,1.4916,1.1177,1.5113,1.1702,1.2161,1.3211,1.5966,1.0981,0.9866,1.2555,1.4719,0.8357,0.9013,0.6848,1.0259,0.8882,1.0718,1.6884,1.6884,6.1498,2.5201,0.9078,1.5834,1.649,0.9013,1.2948,0.8882,0.9538,1.1112
12/4/2020,66.1759,1.2953,1.5512,1.7432,1.7898,2.5286,1.4349,1.528,1.4814,1.2371,1.2371,1.9294,0.9288,1.2895,1.4058,0.8764,1.0393,1.3709,1.2196,1.1207,1.5862,1.2371,1.1673,1.08,1.4756,0.6786,0.9113,2.1039,0.8241,1.7781,1.2953,0.952,1.1266,0.6437,0.8939,0.9928,1.0451,1.3884,0.795,4.843,2.0061,1.0451,1.5105,1.2604,1.4291,1.2953,0.9695,1.5105,1.3244
12/3/2020,54.7159,0.788,1.0262,0.8347,1.9092,1.2505,2.0073,2.1801,2.0213,1.4467,1.7643,1.2598,0.9001,0.7179,0.9094,0.8814,1.2365,1.2505,0.7459,1.2038,0.9655,0.9001,0.9702,1.1944,0.8067,0.5778,0.9094,0.8581,0.6478,1.6989,0.9982,0.4937,0.5638,0.8581,0.8207,0.5638,0.9141,1.0916,0.6572,3.7508,1.5765,1.414,0.9468,1.2738,1.2832,0.8487,0.7553,0.816,1.2271
12/2/2020,62.6925,1.0089,1.0418,1.3426,2.0153,1.7637,1.359,2.2176,2.3544,1.1621,1.4137,1.3644,0.9433,1.2605,1.2386,1.4191,0.8831,1.2168,1.4191,1.4027,1.4191,0.8722,1.441,1.08,1.5395,0.6589,1.3207,1.0089,0.8667,0.8722,1.3371,1.0199,0.6917,0.7355,0.7956,0.9597,0.8667,1.5012,1.1894,4.088,1.7091,1.2441,1.6981,0.8831,0.8667,1.2277,1.5832,1.2441,1.1457
12/1/2020,50.7832,1.1721,1.1507,0.9624,1.8737,1.1977,1.7026,1.4716,1.4801,0.7614,1.1592,1.724,0.8341,0.7656,0.8897,0.663,0.9282,0.9838,0.7827,0.9068,0.8084,0.894,0.9624,0.8384,1.2662,0.8598,0.6886,1.279,0.6544,1.0694,0.817,0.8084,0.7485,0.7271,0.6501,0.8384,0.7571,0.8811,1.0694,3.36,1.4228,0.6458,1.0694,1.155,0.9453,1.1464,0.8084,1.0523,1.1507
11/30/2020,47.3006,0.8308,0.8584,1.216,1.1099,2.1317,1.3064,1.7348,1.3732,1.5697,1.4007,1.1256,0.7326,0.878,0.8741,1.0549,0.8544,0.9016,0.6619,0.7758,0.9487,0.9723,0.8112,0.823,1.1531,0.9448,0.599,1.2042,0.7247,0.8426,0.6854,0.6265,0.7798,0.4693,0.5715,0.5793,0.8505,0.768,0.7719,2.7334,1.1763,1.0745,1.2749,0.9448,0.5872,0.7483,0.8151,0.6579,0.7719
11/29/2020,55.0527,0.8678,1.1736,0.9854,1.2677,1.7806,2.0111,1.39,2.0723,1.4747,0.8113,0.7972,0.7031,0.9619,1.1501,1.0042,1.1312,0.8725,0.8819,1.263,1.0136,0.9524,0.9524,1.2395,1.3712,0.6419,1.0701,0.6654,0.7313,1.3618,0.9666,0.863,0.5243,0.7125,0.7125,0.7078,0.8725,1.1312,0.8913,4.4419,1.8483,1.1689,1.2159,1.2206,1.2159,1.0936,0.7642,1.0795,1.023
11/28/2020,56.5132,1.4038,1.069,0.7731,1.2485,1.3261,1.4862,1.8355,1.4862,0.8167,0.9332,0.8944,1.331,0.9671,0.6955,0.7973,1.0981,1.0108,0.7634,1.0739,0.9089,1.0981,1.3164,0.8459,1.4232,0.7828,1.1466,1.0011,0.7634,1.1127,0.9865,0.579,0.7391,0.7973,0.8798,0.7149,0.9817,1.2146,0.9623,5.9778,2.4524,1.0787,1.4377,1.2825,1.069,1.2194,1.0108,0.9283,0.7925
11/27/2020,51.0083,0.9236,1.1731,0.9408,1.53,1.3064,1.9171,1.5558,1.715,1.5257,0.8634,1.5386,0.8462,0.8419,0.8763,1.1731,0.7602,0.9623,1.1171,1.13,1.0913,0.8075,0.8462,1.1989,1.2376,0.8763,1.0483,0.6269,0.6053,1.2247,0.743,0.4849,0.6398,0.4892,0.6398,0.6484,0.8204,1.1602,0.7387,3.2472,1.3784,0.6871,0.5881,1.1688,0.6871,1.1257,1.2892,1.087,1.1257
11/26/2020,55.0531,0.9195,1.0089,1.0277,1.8323,2.3546,1.6959,1.6677,1.1548,1.4841,1.4183,1.79,1.056,0.9619,0.6937,0.8442,0.7501,1.2536,1.1783,1.1642,0.9007,0.8678,1.1501,0.7642,1.3336,0.6372,1.056,1.6677,0.7125,1.2724,1.0795,0.5572,0.5243,0.6607,0.6937,0.6795,0.9948,0.9524,0.7407,3.8746,1.6252,0.7972,1.1548,0.9807,0.6372,1.2159,1.3336,0.9854,0.9477
11/25/2020,56.9632,1.0872,1.0382,1.2536,1.5425,1.5621,1.6404,1.097,2.2329,1.9097,1.7824,1.1263,0.8521,0.7102,1.0578,0.8277,1.2243,1.2292,1.0823,1.2928,1.2047,0.9501,0.9403,0.813,0.857,0.7983,0.7738,1.0921,0.6808,1.5817,0.9599,0.5339,0.9109,0.578,0.5339,0.7885,0.7983,0.955,1.097,5.0442,2.0852,1.3173,0.9501,0.813,1.3418,1.3026,0.7444,0.9011,1.0676
11/24/2020,59.3221,1.0391,1.4959,1.4908,1.732,1.501,1.8706,2.2452,1.9989,1.3112,1.7012,0.8646,1.1161,1.034,0.8749,1.0802,0.9878,0.9262,0.9365,1.2239,1.0186,1.2342,0.9827,0.8236,1.2085,1.1777,0.8903,1.7166,0.8133,1.8192,1.0084,0.8493,0.5721,0.6132,0.9776,0.8133,1.0751,1.2393,1.2598,3.6511,1.5373,1.0237,0.8544,0.8287,1.0853,1.2496,1.3676,1.265,0.9365
11/23/2020,60.2211,1.0858,1.0283,1.1328,1.7542,1.4617,1.6393,1.4304,2.2451,1.937,1.5819,1.0231,1.4356,0.9761,1.1641,1.1954,1.0753,1.3312,1.1589,1.3625,1.2424,1.1432,0.8508,0.8925,1.3886,0.668,0.8978,0.7568,0.8299,1.7176,1.0858,0.6732,0.8925,0.8403,0.8247,0.7098,1.0544,1.0388,0.9656,5.2188,2.1539,1.2946,0.7098,1.4356,0.856,0.9291,1.0335,0.7724,1.326
11/22/2020,68.6475,1.2037,1.7496,1.8223,1.786,2.1741,1.8284,2.1559,1.7496,2.3015,2.259,1.7374,0.852,1.4221,1.228,0.8762,0.8823,0.9369,1.319,1.5494,1.1734,1.0279,1.5373,1.7374,0.8762,0.7186,1.4767,1.416,0.8459,1.1977,1.2401,0.9551,1.1006,0.7913,0.8156,0.7671,1.1128,1.2765,1.3675,5.3724,2.2143,1.786,0.9611,1.3311,1.0097,1.5009,0.852,0.9854,1.3675
11/21/2020,71.3442,1.877,1.2562,1.4589,2.5674,2.7068,1.4335,2.6878,2.0797,2.181,1.7123,2.5674,1.0345,1.0408,1.0915,1.1105,1.1802,1.5856,1.7503,1.3829,1.3005,1.4082,1.2815,0.9585,1.3765,1.2055,1.4652,1.1168,0.9585,1.1042,1.3132,0.8318,0.9458,1.0535,0.9901,0.7874,1.2245,1.3322,0.9205,5.7039,2.3447,1.2372,1.3512,1.0915,0.8444,1.0915,1.4525,1.0915,0.8571
11/20/2020,57.7496,1.3258,1.3656,1.2711,2.1119,1.7736,1.6044,1.7686,2.087,1.7835,1.3507,1.9377,1.0721,0.9577,1.1418,0.9627,0.7935,0.7935,1.4104,1.0721,1.301,1.2363,1.0721,1.2612,0.9229,0.8781,0.694,1.092,0.8433,1.1517,0.9179,0.8134,0.6741,0.5647,0.699,0.9278,1.0323,1.1865,0.8532,2.8374,1.2172,0.7487,1.0522,1.0771,1.3507,1.2512,1.1617,1.3358,1.0124
11/19/2020,42.3568,0.7713,0.6545,0.6133,0.9569,1.0462,1.3657,0.8607,1.3245,1.1596,0.6683,1.2833,0.7748,0.7679,0.6202,0.9363,0.7129,0.7404,0.9431,0.6442,0.9397,0.6614,0.9981,0.792,0.5858,0.4828,0.6477,1.2592,0.6064,0.8366,0.6545,0.627,0.6614,0.6889,0.4278,0.6992,0.6923,0.9225,0.9741,3.964,1.6603,0.9981,0.4965,0.5927,0.761,0.7988,0.579,0.9809,0.524
11/18/2020,40.6718,0.905,0.7482,0.8626,1.3755,1.6173,0.8332,1.1239,1.2971,1.1926,0.7776,1.0847,0.8038,0.6469,0.6535,0.611,0.7319,0.9246,0.7744,0.7254,0.7874,0.7711,0.7548,0.9835,0.6698,0.8397,0.6404,0.9018,0.5881,1.2318,0.6665,0.6306,0.4836,0.5163,0.4803,0.4313,0.6437,0.6469,0.6763,2.0918,0.9239,0.8201,0.8299,0.9704,0.7744,0.794,0.8822,0.6404,0.9116
11/17/2020,44.6038,0.7743,0.8768,1.1806,1.1586,1.144,1.5796,0.7633,0.9024,0.9354,0.6755,1.4808,0.723,0.8548,0.6828,0.6791,1.0049,0.928,0.6169,0.9354,0.7963,0.9097,1.0561,0.6901,0.972,0.917,0.9646,1.3709,0.6828,1.2867,0.9207,0.4668,0.5876,0.5034,0.6389,0.7523,0.7853,0.6645,0.6315,3.7237,1.5658,0.6059,0.8292,0.5876,0.6645,0.8914,0.7706,0.6864,0.7853
11/16/2020,38.1994,0.973,0.6166,0.7676,1.0847,1.1753,1.3384,1.1814,0.9609,1.0847,0.7676,0.9519,0.6287,0.7495,0.8129,0.7193,0.5411,0.6982,0.6529,0.665,0.7827,0.7374,0.5321,0.671,0.5985,0.5079,0.7827,0.7948,0.514,0.8371,0.5985,0.5442,0.5925,0.5502,0.5351,0.5472,0.665,0.9186,0.6257,2.7286,1.1744,0.822,0.5804,0.6801,0.5079,0.8854,0.9911,0.6499,0.4747
11/15/2020,37.7506,0.5534,0.6784,0.5445,1.3269,1.2139,1.205,1.205,0.8063,1.0681,1.0235,1.0889,0.4939,0.5058,0.5594,0.5623,0.5594,0.6367,0.6367,0.607,0.6427,0.7676,0.6129,0.6933,0.5861,0.488,0.6397,0.6189,0.5832,0.6724,0.7617,0.598,0.5058,0.5356,0.4701,0.5475,0.607,0.5891,0.8539,3.7858,1.5902,0.8242,0.6814,0.8123,0.4493,0.6129,0.729,0.6486,0.5683
11/14/2020,44.4915,0.8527,1.0644,1.0352,1.4913,1.4621,1.3271,1.6701,1.5497,1.3818,1.338,1.3308,0.9001,0.7688,0.7469,0.8564,0.9658,0.7396,0.6228,1.0425,1.0315,0.8089,0.8637,0.8308,0.6155,0.5097,0.9293,1.1665,0.579,0.9549,0.8199,0.4622,0.663,0.5608,0.59,0.7578,0.798,0.6593,0.9585,1.6804,0.7621,0.7943,0.9074,0.5462,0.9695,0.7615,0.7943,0.8783,0.6921
11/13/2020,39.2111,1.0281,0.9438,0.6036,1.078,1.4994,1.2154,1.3059,0.7784,0.6286,0.7253,1.0499,0.9594,0.5537,0.6411,0.6816,0.7035,0.5568,0.7909,0.8003,0.7035,0.8502,0.7316,0.9251,0.9657,0.5537,0.5412,0.9688,0.5693,0.6411,0.6816,0.535,0.6192,0.4507,0.4694,0.4569,0.6848,0.8439,0.8783,2.3507,1.0257,0.7753,0.51,0.5911,0.9064,0.8408,0.9657,0.897,0.7347
11/12/2020,32.2451,0.8237,0.5885,0.6225,0.9837,0.7049,0.8892,0.7728,1.0928,0.6467,0.7219,0.9352,0.8383,0.4867,0.6273,0.4794,0.4819,0.5449,0.4625,0.6322,0.7607,0.7146,0.6758,0.654,0.6176,0.5934,0.4746,0.9158,0.4794,0.6273,0.5691,0.4285,0.4188,0.4722,0.3728,0.4503,0.5061,0.4673,0.7195,2.5941,1.1215,0.6564,0.6685,0.4794,0.4382,0.5085,0.5376,0.4916,0.4964
11/11/2020,43.7052,0.9486,0.6737,0.9343,1.5163,2.0019,1.0379,1.4663,1.5163,1.0843,1.0093,0.995,0.6701,0.713,0.6951,0.8701,0.8665,0.8915,0.6058,1.0057,1.0129,0.8522,0.6166,0.9843,0.8772,0.6166,0.8808,0.9022,0.6273,0.7058,0.7094,0.7272,0.7165,0.4273,0.6344,0.6487,0.7915,0.8236,0.6487,2.414,1.0507,1.1307,0.9486,0.7308,0.5701,0.8701,0.6166,0.9807,0.688
11/10/2020,35.2791,0.7941,0.8514,0.5077,1.296,1.5361,1.2033,1.2033,0.9114,0.8323,1.0669,1.2333,0.4722,0.6877,0.5813,0.7013,0.745,0.5158,0.5513,0.8159,0.6086,0.5568,0.6059,0.9141,0.5077,0.6168,0.7368,0.6604,0.4667,0.7068,0.6386,0.4422,0.4094,0.3603,0.3658,0.5486,0.5322,0.7913,0.6195,1.2846,0.6064,0.9086,0.6522,0.584,0.5377,0.6522,0.9114,0.7586,0.7886
11/9/2020,36.5146,0.8938,0.8339,0.5773,1.0193,0.8168,1.2616,0.9822,1.2303,0.583,0.5459,1.139,0.6143,0.506,0.6628,0.5545,0.7569,0.6913,0.6657,0.6942,0.62,0.6315,0.8425,0.7883,0.5687,0.5944,0.6913,1.0449,0.5744,1.1219,0.7769,0.4518,0.5459,0.5231,0.526,0.4005,0.6429,0.8254,0.6828,2.1988,0.966,0.717,0.5801,0.6742,0.6856,0.6628,0.6913,0.7284,0.7284
11/8/2020,37.1892,0.587,0.7213,0.876,1.1124,0.8351,1.3079,0.6395,1.0044,0.7913,1.1182,0.6512,0.622,0.5315,0.5111,0.6483,0.5082,0.7242,0.6162,0.66,0.7154,0.6775,0.8088,0.7621,0.8468,0.5082,0.7767,0.5811,0.4761,1.0511,0.6395,0.5841,0.5315,0.4586,0.5841,0.6337,0.6833,0.8935,0.6308,2.9403,1.2577,0.8497,0.4527,0.838,0.6921,0.7621,0.8818,0.5111,0.695
11/7/2020,34.6047,0.6482,0.7733,0.7839,1.1191,1.4171,0.7493,0.6881,1.2202,1.0553,0.7227,0.9914,0.7626,0.5711,0.6695,0.5657,0.4886,0.6828,0.7599,0.611,0.603,0.6269,0.4567,0.6562,0.8717,0.5551,0.72,0.454,0.4886,0.6615,0.5205,0.3928,0.5977,0.5445,0.5471,0.4008,0.5471,0.7387,0.4833,1.8145,0.8148,0.877,0.5498,0.728,0.8158,0.7599,0.5391,0.7812,0.7786
11/6/2020,47.5253,0.7912,0.7516,1.1943,1.3643,1.7556,0.89,1.3959,1.8188,1.6014,0.9097,1.3406,0.7358,0.8267,0.8505,1.0323,1.0639,0.7872,0.7161,1.0797,0.7674,0.6805,0.9335,0.8979,0.554,0.6489,0.9848,0.7833,0.6291,1.1429,0.9295,0.5975,0.5698,0.7595,0.6884,0.5975,0.8584,0.7833,1.0797,3.6558,1.5391,0.8465,1.1034,0.6252,0.8584,1.0125,0.7714,0.724,0.5975
11/5/2020,43.7053,0.6987,0.945,1.1593,1.2735,1.3307,0.8308,0.8379,1.4949,0.7415,0.6951,1.3199,0.8558,0.6451,0.5701,0.995,0.9629,0.5987,0.9129,0.9308,0.8593,0.8986,0.5309,0.638,0.8379,0.5166,0.6166,1.2878,0.6344,0.7665,0.7451,0.6808,0.6166,0.7165,0.4916,0.5166,0.7772,0.7915,0.97,4.1412,1.73,1.0522,0.7451,0.513,0.8344,0.8701,0.7915,0.7701,0.5666
11/4/2020,44.8288,1.0763,0.7412,1.0837,1.4483,1.5662,1.2863,0.9069,1.0395,0.6675,0.8333,1.4041,0.8922,0.6933,0.5791,0.9364,0.6786,1.0137,0.9217,0.9401,0.7707,0.6086,0.7117,0.778,0.8112,0.7633,0.6049,0.6565,0.5718,0.859,0.6823,0.4871,0.7449,0.5055,0.6749,0.7007,0.7154,0.9548,0.7928,4.2768,1.7834,0.9364,0.9401,0.708,0.7338,0.7854,1.1242,0.7449,0.6933
11/3/2020,36.6272,0.9024,0.9081,0.805,1.14,1.3948,0.8279,1.3976,0.8108,0.8108,1.0627,0.7879,0.9625,0.4844,0.5445,0.5245,0.5331,0.7478,0.6791,0.7564,0.8709,0.639,0.6905,0.5474,0.5045,0.6247,0.6104,0.7736,0.5159,0.8766,0.7564,0.3585,0.639,0.473,0.5331,0.6276,0.6075,0.8709,0.6591,1.6562,0.7526,0.9253,0.9997,0.6848,0.4959,0.7077,0.7335,0.682,0.7306
11/2/2020,21.6842,0.4896,0.5115,0.4239,0.7168,0.8536,0.5662,0.6374,0.6237,0.3363,0.4445,0.3774,0.3665,0.3268,0.402,0.3446,0.4157,0.4102,0.3637,0.4554,0.4787,0.387,0.4267,0.532,0.3405,0.3062,0.4445,0.4732,0.361,0.361,0.4568,0.335,0.3336,0.3692,0.335,0.2898,0.3541,0.4814,0.454,1.1861,0.5677,0.439,0.4102,0.4622,0.4609,0.4007,0.3911,0.3391,0.4417
11/1/2020,35.5036,0.5902,0.7167,0.4775,0.9945,0.8928,0.9313,1.1018,0.7717,0.494,0.703,1.088,0.6397,0.5435,0.7415,0.6672,0.736,0.7387,0.5792,0.5847,0.8102,0.4995,0.4747,0.8873,0.6122,0.5985,0.5352,0.6205,0.4857,0.8653,0.5655,0.615,0.5985,0.4114,0.549,0.461,0.6452,0.5435,0.637,3.4947,1.4757,0.7415,0.6067,0.4692,0.714,0.6315,0.8267,0.5407,0.5957
10/31/2020,41.7949,1.0791,0.9406,0.7986,0.9676,1.5016,1.3326,0.8527,0.8899,0.9068,1.0656,1.3258,0.7919,0.8257,0.6567,0.7243,0.633,0.7919,0.9642,0.9609,0.7817,0.9,0.7141,0.8223,0.971,0.7175,0.8054,0.8628,0.5654,0.6466,0.6804,0.6263,0.5756,0.535,0.6601,0.4742,0.7412,0.8155,0.8662,2.9341,1.2552,0.8223,0.8595,0.6161,0.6567,0.6668,1.096,0.5621,0.5553
10/30/2020,31.7961,0.6188,0.5879,0.6664,0.7045,1.2018,0.7449,1.1542,1.0685,0.6711,0.6069,0.971,0.6878,0.5188,0.6616,0.6307,0.5831,0.6854,0.576,0.6069,0.5831,0.5284,0.6854,0.6473,0.5902,0.5236,0.6854,0.7568,0.5046,0.6164,0.4808,0.3761,0.4855,0.388,0.3475,0.5379,0.5284,0.4522,0.4332,1.8113,0.8136,0.6331,0.7639,0.5545,0.5617,0.5831,0.6902,0.6688,0.6188
10/29/2020,34.3794,0.6072,0.5386,0.5386,1.1084,1.3643,1.0926,1.2298,0.9211,0.7127,0.8024,0.5492,0.5914,0.6441,0.6732,0.7101,0.6019,0.784,0.8314,0.6019,0.6151,0.7338,0.6151,0.9053,0.8657,0.7127,0.6943,0.7286,0.5333,0.8631,0.5518,0.4146,0.5492,0.4832,0.4516,0.4014,0.5676,0.7866,0.4859,1.7494,0.7892,0.6811,0.7892,0.6257,0.5254,0.6784,0.4938,0.6072,0.5782
10/28/2020,34.043,0.6589,0.6459,0.4766,0.8724,0.8334,1.1276,0.6615,0.8516,0.7578,0.7084,0.8907,0.7969,0.4922,0.5313,0.5391,0.5391,0.6406,0.5287,0.6094,0.7787,0.6146,0.7526,0.8177,0.5886,0.6615,0.7266,0.8099,0.5313,0.8724,0.6797,0.4037,0.5521,0.4766,0.3776,0.4193,0.5677,0.737,0.6719,2.9254,1.2518,0.5313,0.6667,0.487,0.5417,0.5938,0.5703,0.7005,0.5729
10/27/2020,40.7842,0.6224,0.783,0.7338,1.5141,1.4747,0.7732,1.2846,1.1535,1.1928,0.8748,0.8846,0.6715,0.8125,0.8191,0.8125,0.5994,0.6453,0.9404,0.7633,0.8191,0.8289,0.7928,1.0322,0.6814,0.5109,0.6584,1.1961,0.6158,0.6125,0.724,0.6519,0.5601,0.5896,0.5404,0.5765,0.5929,0.8978,0.7633,3.0231,1.2902,0.9273,0.4781,0.7142,0.6289,0.9273,0.5601,0.606,0.6289
10/26/2020,50.2216,1.0618,1.2813,0.6944,1.37,1.2264,1.8893,1.9864,1.8175,1.6106,1.0364,1.6318,0.9773,0.838,0.6607,0.9647,0.7367,1.0491,1.0871,0.9478,1.0195,1.0449,0.8,1.0702,0.8084,0.7535,0.648,1.2518,0.6227,1.4375,0.9562,0.6395,0.8169,0.496,0.5551,0.5931,0.8211,0.7367,0.9562,2.8272,1.2132,1.1462,0.9013,0.762,0.6733,1.0027,0.9815,0.9098,0.9098
10/25/2020,43.7053,0.8201,1.0414,0.9343,1.2878,1.6163,1.3521,1.4521,1.0165,1.2664,1.1557,0.6951,0.7308,0.7272,0.7022,0.8629,0.9308,0.8094,0.663,0.7772,0.7379,0.6523,0.6237,0.9879,0.7737,0.7665,0.9343,0.7951,0.6094,1.3556,0.9129,0.5273,0.4452,0.713,0.538,0.7165,0.6594,0.8236,0.5916,2.2654,0.9922,1.0807,1.0879,0.7665,0.9843,1.0557,0.9486,0.638,0.8808
10/24/2020,29.099,0.6541,0.576,0.7532,0.6477,0.9874,0.7469,0.8524,0.8355,0.9178,0.5654,0.6224,0.4916,0.441,0.5401,0.6583,0.5401,0.4262,0.4916,0.5106,0.5338,0.5296,0.4473,0.6034,0.4388,0.5865,0.4599,0.4156,0.4114,0.5908,0.4937,0.327,0.4135,0.4663,0.3418,0.4515,0.5254,0.6625,0.6688,2.0716,0.916,0.5549,0.7469,0.5021,0.4114,0.6688,0.5528,0.5465,0.5021
10/23/2020,28.8745,0.6426,0.6572,0.6238,1.0058,0.651,1.0351,0.9161,0.9829,0.8367,0.5821,0.7699,0.5946,0.5361,0.413,0.6238,0.4422,0.4255,0.4401,0.557,0.461,0.58,0.676,0.4589,0.651,0.4652,0.39,0.532,0.4673,0.4547,0.5403,0.4631,0.4255,0.365,0.4151,0.4255,0.438,0.6885,0.4923,1.5944,0.7283,0.5278,0.4819,0.6551,0.6071,0.5862,0.557,0.5675,0.4443
10/22/2020,26.9647,0.6332,0.5118,0.6654,0.783,0.9821,0.7204,0.6654,0.5516,0.4454,0.6579,0.4701,0.3791,0.5365,0.4436,0.4985,0.4834,0.4398,0.4815,0.5023,0.5251,0.4948,0.3753,0.5422,0.4284,0.436,0.3942,0.7166,0.3848,0.5346,0.5535,0.3525,0.3089,0.436,0.3677,0.3411,0.491,0.4227,0.5649,2.1879,0.9617,0.5706,0.5991,0.5346,0.6237,0.5403,0.4853,0.4189,0.5213
10/21/2020,30.6724,0.5748,0.7743,0.6246,0.7403,1.1325,1.0509,0.6156,1.1189,0.7312,0.5408,0.797,0.4161,0.4569,0.4251,0.4909,0.4863,0.6813,0.4886,0.6292,0.4886,0.5204,0.3911,0.7834,0.7289,0.6178,0.5997,0.7289,0.4682,0.7357,0.534,0.3118,0.475,0.3616,0.4977,0.4455,0.5204,0.6292,0.4727,2.269,0.9936,0.4569,0.6201,0.4229,0.5113,0.7312,0.5272,0.4954,0.5589
10/20/2020,42.1322,1.0473,0.6684,0.863,1.5149,1.6856,0.8322,0.9107,1.5695,0.7537,0.6684,1.4193,0.7913,0.6206,0.5524,0.8869,0.8254,0.8425,0.921,0.822,0.6718,0.7708,0.5728,1.0439,0.5387,0.863,0.9142,0.7913,0.6104,1.0917,0.7435,0.5524,0.4807,0.5694,0.4295,0.5421,0.7333,0.6821,0.6479,3.2679,1.3865,0.7298,0.7913,0.5933,0.5728,0.9619,0.9927,0.8049,0.5865
10/19/2020,49.6596,0.8124,1.0165,1.2498,1.3498,1.429,0.9457,1.9455,1.6581,1.1957,1.1082,1.0624,1.0124,0.8915,0.9915,0.8915,0.9207,0.929,0.7624,0.7707,0.9165,0.8082,0.7999,1.0749,0.7749,0.6333,0.5999,1.229,0.6374,1.104,0.8499,0.7332,0.6999,0.5833,0.6874,0.8082,0.7666,0.8666,0.6749,4.8997,2.0284,0.6749,0.7582,0.7207,1.0249,1.1123,0.6624,0.7999,0.7874
10/18/2020,52.6936,1.0605,1.1455,1.3734,1.3868,1.4449,1.4181,2.0483,1.8918,1.4181,0.9533,1.5656,0.8281,0.9443,0.8103,0.77,0.8594,1.1901,0.8326,0.8952,1.2527,0.9488,1.208,1.36,0.6494,0.922,0.9354,1.2304,0.8058,0.9846,1.0695,0.7298,0.6985,0.5242,0.7298,0.77,0.8818,1.2348,0.7387,3.4609,1.4624,1.1857,0.7075,0.922,0.9533,1.0829,0.6672,0.8639,0.8773
10/17/2020,35.7279,0.7046,0.7434,0.7822,1.0262,0.81,1.3146,0.9292,1.3229,0.7573,0.6186,1.2314,0.7711,0.4828,0.749,0.5465,0.7739,0.785,0.7573,0.7295,0.5576,0.6658,0.4523,0.8876,0.6602,0.5798,0.5937,0.5244,0.4911,0.76,0.6464,0.5271,0.5854,0.4162,0.4356,0.566,0.5493,0.5022,0.7212,2.4711,1.0731,0.5438,0.5576,0.602,0.846,0.7101,0.9126,0.6075,0.4467
10/16/2020,42.1323,0.9415,0.9756,0.6513,1.1258,1.0712,0.9824,1.1224,1.0405,0.7025,1.276,1.334,1.0917,0.7298,0.6548,0.8459,0.9858,0.6001,0.8391,0.7025,0.723,0.8049,0.4909,0.6582,0.723,0.5865,0.9005,1.1838,0.6309,1.1019,0.7264,0.4977,0.6821,0.6377,0.607,0.6855,0.7708,0.9654,0.8937,2.7927,1.1996,0.6206,0.7674,0.7674,0.4909,0.9346,0.9927,0.9688,0.6548
10/15/2020,47.413,1.0574,1.0968,0.7973,1.7274,1.3018,0.9786,1.0692,0.9155,1.2545,0.6987,1.2545,1.0219,0.9155,0.7421,0.9825,1.1205,0.6987,1.0968,0.9865,1.1283,0.7342,0.8446,0.8722,1.0771,0.549,0.5766,0.6041,0.6041,0.9234,0.8879,0.4504,0.7382,0.7579,0.5293,0.6987,0.8446,0.7815,0.7027,4.4068,1.8345,0.7776,1.0732,0.8682,0.7539,0.9589,1.014,0.9352,0.7697
10/14/2020,47.7498,0.6715,0.8146,0.8146,1.4585,1.5301,1.2598,0.9974,1.1008,0.6397,1.228,1.2956,0.8583,0.7868,0.6675,1.0054,0.9179,0.7709,0.6596,0.9696,0.9855,0.7748,0.6635,1.065,1.0849,0.9418,0.8186,1.2717,0.6715,1.4188,0.755,0.5284,0.5483,0.5681,0.6675,0.7669,0.6874,0.8742,1.0968,3.9552,1.6569,1.2359,0.8702,0.8583,0.9497,0.7947,0.8265,0.914,1.0531
10/13/2020,48.4243,0.6881,1.1166,0.7609,1.4521,1.056,1.816,1.7958,0.9186,1.2379,1.1611,1.1085,0.7205,0.773,0.6235,0.7043,1.1409,1.052,0.7932,1.0479,0.9186,0.6679,0.6558,0.7286,0.5669,0.672,0.963,0.9509,0.672,1.1126,0.9145,0.7407,0.6275,0.7326,0.6922,0.7124,0.7124,0.8296,0.672,5.209,2.15,0.8337,1.0075,0.7286,0.5426,0.7366,1.153,0.9671,0.5871
10/12/2020,41.0089,0.6024,0.7047,0.7509,1.4738,1.8468,0.916,1.0282,0.949,0.9094,1.1866,1.4045,0.7212,0.7773,0.5298,0.9259,0.6486,0.8169,0.9292,0.7641,0.8863,0.883,0.6651,0.8202,0.4902,0.7212,0.7443,0.9325,0.609,0.675,0.6849,0.3878,0.4505,0.5232,0.5298,0.5661,0.6882,0.8268,0.6618,3.2393,1.3753,0.9325,0.8334,0.7806,0.6321,0.7311,0.6387,0.576,0.6387
10/11/2020,43.0311,1.0074,0.7867,0.6046,1.5819,1.7991,1.0845,0.8112,1.4278,1.3192,1.109,1.4908,0.9409,0.7517,0.9023,0.8253,0.5975,0.6676,0.9794,0.6991,0.7061,0.6116,0.8778,1.0915,1.0459,0.6921,0.8463,1.1335,0.587,0.7132,0.7377,0.6431,0.6816,0.4154,0.58,0.4925,0.7167,0.7937,0.8813,1.7933,0.8065,0.7727,1.0074,0.7202,0.6501,0.8428,1.0074,0.9409,0.8568
10/10/2020,30.2228,0.6311,0.76,0.5778,0.7445,0.7333,0.8734,0.8111,0.7133,0.58,0.6333,0.9867,0.4778,0.4845,0.4622,0.5311,0.5756,0.4422,0.5222,0.6111,0.5489,0.6045,0.5333,0.7156,0.4289,0.4267,0.5511,0.5911,0.4445,0.9245,0.5778,0.3578,0.3756,0.3956,0.4133,0.4,0.4889,0.4645,0.6822,2.3804,1.0374,0.6178,0.66,0.6978,0.7045,0.4489,0.5289,0.6733,0.3978
10/9/2020,24.6052,0.5121,0.5785,0.4905,0.5918,0.7578,0.8491,0.4971,0.7661,0.4041,0.5569,0.5718,0.3842,0.4257,0.4373,0.4373,0.3609,0.4788,0.4207,0.5602,0.5702,0.4257,0.4672,0.4639,0.4025,0.4407,0.351,0.4971,0.3875,0.3809,0.4656,0.2862,0.3975,0.4224,0.3394,0.4074,0.4025,0.4124,0.5469,1.7064,0.7723,0.615,0.4407,0.4373,0.5735,0.5752,0.6183,0.3859,0.3327
10/8/2020,27.0769,0.5291,0.4471,0.428,0.6054,0.7352,0.821,0.5005,0.6073,0.7619,0.6646,0.4948,0.6665,0.4605,0.4242,0.4738,0.531,0.5329,0.5062,0.5444,0.6283,0.388,0.5349,0.4776,0.6379,0.407,0.5635,0.7886,0.3689,0.8,0.5635,0.4147,0.3441,0.4471,0.3536,0.3193,0.4433,0.5825,0.4814,1.9479,0.8673,0.5959,0.3689,0.4128,0.4776,0.4089,0.6493,0.4986,0.5711
10/7/2020,37.975,0.8741,0.7152,0.5294,1.3507,0.8351,0.97,1.2997,1.2098,0.7422,0.6073,0.5653,0.5653,0.7542,0.7662,0.5593,0.7392,0.6613,0.5563,0.6043,0.7092,0.5983,0.6792,0.958,0.4574,0.6583,0.6193,1.0839,0.4784,0.8531,0.6792,0.6043,0.5024,0.4904,0.4814,0.6103,0.5773,0.8351,0.8111,3.0989,1.32,0.7602,0.5174,0.5863,0.8891,0.8291,0.7662,0.7692,0.8471
10/6/2020,38.0877,0.952,0.6451,0.9189,0.8286,1.4364,1.3521,0.8888,1.1776,0.6842,0.8105,0.5939,0.5518,0.7594,0.6451,0.5819,0.6691,0.5789,0.8828,0.8828,0.8105,0.8135,0.6631,0.5458,0.9249,0.7143,0.7413,1.0964,0.5819,1.1235,0.5698,0.5638,0.621,0.3953,0.4976,0.5006,0.639,0.7143,0.7413,2.1079,0.9303,0.7774,0.7293,0.6541,0.8888,0.6992,0.7985,0.5728,0.8316
10/5/2020,37.9751,0.8501,0.7542,0.934,0.964,1.6594,1.2458,1.3597,0.8291,0.976,1.1319,0.6463,0.8291,0.6882,0.5563,0.8141,0.7692,0.6043,0.7572,0.6133,0.6103,0.5324,0.7482,0.976,0.4724,0.4724,0.7152,0.5054,0.5623,0.6703,0.5713,0.3975,0.5384,0.5174,0.6403,0.4904,0.6972,0.7362,0.6073,2.7439,1.1804,0.7272,0.4664,0.8021,0.4514,0.8771,0.8141,0.8441,0.6253
10/4/2020,41.6826,0.837,0.6146,0.7494,1.1906,1.2243,0.9245,1.1064,1.4264,0.9616,0.9414,1.1839,0.6382,0.8639,0.8403,0.8471,0.9852,0.9717,0.8706,0.7999,0.773,0.7527,0.938,0.6416,0.5405,0.6281,0.5304,0.581,0.5911,1.2715,0.8437,0.554,0.4664,0.5035,0.5069,0.6113,0.6416,0.6786,0.6685,3.1062,1.3229,0.8066,0.9447,0.9178,0.709,0.6618,0.874,0.7965,0.8437
10/3/2020,54.4913,0.9105,1.2871,1.143,1.3289,2.2309,1.7753,1.2685,1.4498,1.2546,1.0918,1.1941,1.1011,1.0918,0.8036,0.8315,0.7757,1.1151,0.9617,0.9989,0.8408,1.0732,0.7385,0.9663,0.7664,0.692,1.1709,1.4824,0.692,1.2546,0.9431,0.4689,0.8036,0.6502,0.8268,0.785,0.9012,1.0686,1.1709,4.3942,1.8295,1.0872,1.2267,0.9059,1.2267,0.971,1.1941,0.8408,0.9059
10/2/2020,36.0653,0.5399,0.6213,0.5034,1.1546,1.2247,0.7504,0.7476,1.278,1.1209,0.6887,0.6859,0.5427,0.6522,0.7532,0.5315,0.5259,0.5568,0.8655,0.669,0.5652,0.6746,0.5736,0.8964,0.8122,0.7308,0.5961,0.6382,0.554,1.1097,0.6045,0.5259,0.4614,0.3884,0.5006,0.467,0.5736,0.5371,0.8318,3.2424,1.3765,0.5933,0.6017,0.7532,0.5091,0.7392,0.495,0.7055,0.5961
10/1/2020,34.0427,0.5052,0.6433,0.8542,0.8646,0.8177,0.836,0.9948,0.6849,0.8854,1.0287,0.7552,0.6693,0.6849,0.5052,0.6537,0.513,0.6406,0.5521,0.6953,0.7136,0.6276,0.7943,0.4766,0.4349,0.5052,0.6537,0.8959,0.5078,0.9532,0.6459,0.5208,0.5339,0.4089,0.5235,0.4141,0.6302,0.5729,0.7005,2.6563,1.1459,0.5313,0.5625,0.7344,0.5469,0.8047,0.4766,0.7526,0.5339
9/30/2020,33.4814,0.8368,0.5438,0.4954,0.9821,0.9693,1.112,0.8139,1.1936,0.8343,0.5183,1.0458,0.6534,0.633,0.7018,0.503,0.6202,0.712,0.5336,0.7731,0.6253,0.503,0.5591,0.7145,0.8547,0.5693,0.5998,0.9566,0.4724,0.8394,0.5998,0.4444,0.3552,0.3501,0.3909,0.5795,0.5056,0.6992,0.5871,1.8674,0.8357,0.5616,0.5591,0.4419,0.7859,0.5234,0.6941,0.7808,0.7502
9/29/2020,34.8295,0.8857,0.6362,0.6925,0.8401,0.9259,0.9447,0.8937,1.1889,0.7059,0.5745,1.1379,0.8991,0.5181,0.5235,0.6657,0.7354,0.6872,0.7757,0.6898,0.7435,0.7435,0.7408,0.8991,0.7301,0.4833,0.6791,0.8347,0.4913,0.6281,0.5745,0.384,0.545,0.4403,0.3786,0.5208,0.604,0.4833,0.7703,2.0518,0.9082,0.7542,0.6228,0.7811,0.5101,0.663,0.5933,0.6952,0.655
9/28/2020,37.7505,0.6546,0.8331,0.9223,1.086,1.0889,1.0294,1.0741,0.9878,0.6218,0.6546,0.8956,0.723,0.6456,0.5445,0.8152,0.7825,0.5891,0.5296,0.8569,0.8063,0.5891,0.7647,0.6933,0.9342,0.5594,0.5207,0.848,0.5921,0.5653,0.6814,0.3957,0.6605,0.479,0.5683,0.4909,0.6516,0.6129,0.6843,3.2563,1.382,0.845,0.9491,0.5445,0.6248,0.6486,0.8539,0.6665,0.5475
9/27/2020,37.1884,0.5461,0.6891,0.5636,1.1824,1.3984,1.2963,0.6775,0.7796,1.2204,0.7446,0.6395,0.8088,0.7329,0.5286,0.7037,0.6629,0.8409,0.5724,0.7242,0.8643,0.7067,0.768,0.6045,0.6541,0.6424,0.7942,0.9985,0.4877,0.8993,0.5636,0.5111,0.5607,0.5432,0.5987,0.4264,0.5782,0.6716,0.6746,2.7727,1.1917,0.6541,0.6133,0.5461,0.7242,0.8293,0.6658,0.6424,0.6891
9/26/2020,27.4141,0.4423,0.5685,0.4831,0.5938,0.9743,0.9335,0.885,0.5899,0.5064,0.4521,0.8481,0.454,0.5472,0.4734,0.4928,0.4385,0.4676,0.4792,0.4773,0.6054,0.454,0.5627,0.5414,0.553,0.3414,0.487,0.5084,0.3899,0.8267,0.5181,0.454,0.4851,0.3123,0.3395,0.3472,0.4618,0.5608,0.5452,2.0142,0.8934,0.3996,0.6947,0.6112,0.4773,0.4501,0.5064,0.5705,0.3958
9/25/2020,21.5715,0.4978,0.4951,0.392,0.6647,0.7665,0.624,0.4191,0.4218,0.5928,0.5928,0.3906,0.4395,0.434,0.3689,0.4259,0.4951,0.472,0.3743,0.3648,0.4585,0.3417,0.453,0.4666,0.3241,0.4435,0.3363,0.525,0.3227,0.3865,0.4069,0.339,0.3295,0.3675,0.3255,0.3187,0.4015,0.4707,0.335,1.1339,0.5471,0.529,0.2997,0.4313,0.3485,0.4462,0.3635,0.4612,0.4272
9/24/2020,23.257,0.4825,0.3757,0.5664,0.7174,0.7373,0.6305,0.7663,0.7159,0.3894,0.5115,0.7098,0.4916,0.426,0.455,0.484,0.3803,0.3986,0.481,0.4245,0.4733,0.4703,0.3345,0.5603,0.3314,0.3818,0.484,0.6137,0.3223,0.6274,0.4459,0.3894,0.278,0.2796,0.3803,0.3147,0.3833,0.4947,0.513,0.9824,0.4875,0.5313,0.452,0.4184,0.3131,0.5161,0.394,0.4886,0.452
9/23/2020,29.0993,0.4832,0.5169,0.6583,0.7448,0.941,0.9769,0.6203,0.6245,0.7701,0.5507,0.5043,0.4346,0.5718,0.5359,0.4241,0.614,0.5865,0.422,0.481,0.6182,0.5338,0.6604,0.633,0.6013,0.4726,0.5211,0.5549,0.3861,0.4916,0.6119,0.3523,0.4135,0.3924,0.346,0.3629,0.5127,0.6055,0.5296,2.6955,1.1614,0.4494,0.4262,0.5275,0.6477,0.5401,0.5528,0.4599,0.5781
9/22/2020,28.6498,0.5693,0.7118,0.6685,0.7428,0.7573,0.5859,0.8233,1.0112,0.4723,0.7015,0.8151,0.7056,0.5921,0.6024,0.623,0.6643,0.6437,0.685,0.5838,0.6705,0.59,0.5198,0.6003,0.4475,0.3546,0.623,0.6932,0.4372,0.5487,0.4991,0.4103,0.4888,0.495,0.3959,0.369,0.464,0.5776,0.4103,1.3227,0.6214,0.559,0.6829,0.4103,0.3649,0.5549,0.4207,0.5301,0.6292
9/21/2020,32.9195,0.6127,0.7498,0.6626,0.847,0.7099,0.8694,0.8569,0.8819,0.6376,0.979,0.8669,0.832,0.5828,0.528,0.6526,0.4682,0.5205,0.4782,0.6476,0.7398,0.6302,0.5405,0.5529,0.5953,0.6327,0.513,0.7971,0.5081,0.7124,0.5679,0.4308,0.386,0.4308,0.4283,0.4308,0.5429,0.7897,0.7224,1.9712,0.8765,0.7498,0.8943,0.6426,0.7099,0.7747,0.7797,0.6177,0.5679
9/20/2020,23.8185,0.3976,0.5463,0.5906,0.6175,0.6586,0.5843,0.4577,0.7789,0.4182,0.6444,0.6998,0.5305,0.3818,0.4087,0.4213,0.4403,0.5289,0.5004,0.4751,0.5463,0.4577,0.4103,0.559,0.5321,0.4166,0.4055,0.4498,0.3391,0.6017,0.4103,0.3423,0.3217,0.415,0.3502,0.3264,0.4166,0.3612,0.5337,1.4257,0.6619,0.4055,0.4783,0.3612,0.5479,0.415,0.3707,0.3929,0.483
9/19/2020,22.9199,0.4725,0.5068,0.4114,0.5053,0.8276,0.6963,0.4845,0.6352,0.3591,0.4874,0.5233,0.3427,0.4531,0.4084,0.383,0.3875,0.3532,0.3636,0.4576,0.5113,0.4367,0.3964,0.4501,0.4352,0.3159,0.3203,0.483,0.3666,0.6725,0.3755,0.3189,0.3114,0.3532,0.3517,0.3278,0.4024,0.5247,0.4472,1.6776,0.761,0.5322,0.5441,0.3964,0.3591,0.5292,0.4263,0.386,0.4487
9/18/2020,20.7853,0.4441,0.5004,0.4096,0.5668,0.4543,0.6499,0.6154,0.5042,0.54,0.4492,0.4198,0.508,0.3188,0.3879,0.3853,0.4352,0.4249,0.416,0.3482,0.4262,0.3815,0.4262,0.5247,0.3968,0.3457,0.3853,0.3776,0.3418,0.5502,0.4288,0.3597,0.3597,0.3444,0.3137,0.3623,0.3623,0.3623,0.4735,0.8695,0.4431,0.4761,0.3879,0.3981,0.315,0.4761,0.4377,0.3802,0.3009
9/17/2020,24.3802,0.4238,0.4713,0.4828,0.8104,0.9644,0.6695,0.871,0.4861,0.6368,0.6319,0.45,0.3616,0.4386,0.3665,0.3911,0.4664,0.4435,0.414,0.4337,0.5418,0.4615,0.3993,0.4992,0.5696,0.396,0.5041,0.4337,0.3305,0.6483,0.4844,0.3747,0.3452,0.3976,0.36,0.2993,0.4058,0.491,0.5401,1.3035,0.6138,0.4124,0.5434,0.4025,0.5516,0.491,0.5188,0.3731,0.4746
9/16/2020,24.1561,0.5593,0.4882,0.3573,0.737,0.6627,0.4898,0.6643,0.5496,0.6723,0.716,0.7838,0.5722,0.4381,0.3525,0.5043,0.4252,0.3993,0.3751,0.4397,0.3945,0.5172,0.4478,0.4025,0.4672,0.3169,0.3363,0.682,0.3751,0.6756,0.4042,0.325,0.2959,0.325,0.3331,0.4009,0.4268,0.3751,0.5253,1.5302,0.703,0.5366,0.5673,0.4219,0.4187,0.4042,0.4203,0.5431,0.3977
9/15/2020,26.5151,0.611,0.4314,0.3963,0.8721,1.1072,0.9425,0.7055,0.5759,0.3703,0.798,0.724,0.4166,0.4407,0.4518,0.4777,0.4388,0.5981,0.5444,0.5703,0.4796,0.424,0.4722,0.5388,0.6203,0.4129,0.4314,0.3851,0.3592,0.5999,0.4888,0.3203,0.3426,0.3648,0.3463,0.3574,0.4018,0.5277,0.574,1.8144,0.8148,0.6036,0.4166,0.424,0.5722,0.5592,0.3777,0.4944,0.5185
9/14/2020,27.4141,0.5297,0.5045,0.4152,0.8481,0.9801,0.8442,0.885,0.72,0.5025,0.4986,0.7588,0.5724,0.4501,0.5549,0.5782,0.6151,0.6093,0.4967,0.6132,0.5802,0.4889,0.3705,0.52,0.6811,0.5511,0.4754,0.7044,0.3627,0.6443,0.4598,0.3725,0.4792,0.4715,0.4171,0.3375,0.4288,0.4482,0.4851,1.2521,0.5936,0.6443,0.5491,0.4618,0.4346,0.5161,0.6773,0.4249,0.6054
9/13/2020,24.8302,0.5672,0.5975,0.4292,0.7372,0.6547,0.8264,0.8214,0.8449,0.6531,0.5958,0.7843,0.6244,0.4982,0.372,0.4612,0.3653,0.4376,0.446,0.5622,0.446,0.4511,0.4124,0.3754,0.4696,0.4023,0.4763,0.3754,0.3653,0.3956,0.3939,0.3855,0.4006,0.3064,0.3232,0.3585,0.4174,0.3922,0.3619,1.5014,0.6917,0.5588,0.6345,0.4848,0.3434,0.3855,0.542,0.5319,0.3686
9/12/2020,26.1786,0.632,0.5539,0.4721,0.6248,0.772,0.9211,0.9156,0.7847,0.6975,0.7375,0.8829,0.6284,0.4921,0.403,0.503,0.5993,0.4666,0.4175,0.5193,0.5266,0.4521,0.5339,0.543,0.383,0.4303,0.4157,0.5466,0.3957,0.4103,0.463,0.4266,0.4557,0.403,0.4012,0.3466,0.4921,0.4684,0.5139,0.8829,0.4484,0.5739,0.6393,0.4139,0.5284,0.5829,0.4502,0.4993,0.5284
9/11/2020,24.3803,0.4435,0.3944,0.604,0.8399,0.9791,0.5172,0.7334,0.7646,0.5074,0.4877,0.6843,0.4943,0.45,0.4337,0.5188,0.4402,0.5057,0.5205,0.5188,0.5123,0.5336,0.5369,0.5696,0.4386,0.4058,0.3878,0.6024,0.3305,0.5483,0.3845,0.3321,0.4107,0.3239,0.3583,0.3141,0.4402,0.3518,0.3534,1.2894,0.6083,0.4091,0.6155,0.4468,0.4009,0.5188,0.4025,0.3567,0.36
9/10/2020,24.4929,0.5048,0.5493,0.4784,0.8181,0.6219,0.5147,0.4899,0.4916,0.5971,0.7076,0.513,0.6136,0.3563,0.4421,0.4421,0.4223,0.546,0.4668,0.4767,0.485,0.4883,0.5658,0.4883,0.3613,0.4042,0.4883,0.3497,0.3316,0.6961,0.3844,0.3679,0.3497,0.3992,0.3036,0.3233,0.3926,0.3926,0.3662,1.9008,0.8488,0.452,0.5625,0.4091,0.4701,0.5147,0.424,0.5312,0.3893
9/9/2020,31.1217,0.5967,0.5944,0.4811,0.8881,0.7193,0.9297,0.5597,1.0037,0.4256,0.9482,1.0753,0.7331,0.5667,0.4788,0.6175,0.6545,0.5482,0.4788,0.6337,0.7031,0.6476,0.6106,0.6869,0.7886,0.4164,0.5135,0.3979,0.4141,0.4881,0.5736,0.458,0.3563,0.4881,0.3378,0.4349,0.562,0.4857,0.5597,2.3638,1.0309,0.673,0.7771,0.4071,0.7193,0.6199,0.569,0.6985,0.4071
9/8/2020,25.1672,0.6147,0.4791,0.4465,0.8224,0.9272,0.783,0.4722,0.7658,0.3984,0.4431,0.6851,0.3761,0.4104,0.5272,0.5169,0.3761,0.4637,0.5255,0.5649,0.5667,0.5255,0.5426,0.6405,0.4259,0.3572,0.4413,0.4139,0.3607,0.601,0.3967,0.304,0.304,0.3795,0.3589,0.3195,0.4568,0.5598,0.4568,1.5121,0.6959,0.5855,0.5615,0.4602,0.3452,0.5667,0.6182,0.3658,0.4465
9/7/2020,26.5153,0.5388,0.6407,0.3981,0.7092,1.011,0.6703,0.7462,0.674,0.6647,0.774,0.661,0.4166,0.3944,0.4703,0.5018,0.4222,0.5462,0.5444,0.574,0.5518,0.4592,0.4111,0.4018,0.474,0.4129,0.5092,0.5684,0.4277,0.6721,0.437,0.4203,0.4722,0.3851,0.3037,0.4611,0.4462,0.437,0.6055,1.4835,0.6847,0.6147,0.6703,0.6147,0.4796,0.4518,0.4537,0.4555,0.3926
9/6/2020,19.8866,0.446,0.4912,0.3628,0.534,0.5506,0.471,0.4817,0.6231,0.3687,0.4008,0.3949,0.4745,0.3212,0.3283,0.4365,0.4222,0.3533,0.3866,0.339,0.4234,0.3901,0.4246,0.4068,0.3331,0.3248,0.3509,0.4674,0.2962,0.4543,0.3937,0.3129,0.2748,0.3343,0.282,0.2665,0.3735,0.3604,0.3319,1.1861,0.5677,0.4852,0.3319,0.3295,0.4175,0.3176,0.4947,0.3628,0.4056
9/5/2020,32.5823,0.4862,0.7321,0.5821,0.7517,0.7738,0.8673,0.7837,1.0344,0.8894,0.6436,0.7837,0.6362,0.4838,0.4518,0.5084,0.6534,0.5747,0.4887,0.5969,0.7271,0.6559,0.7566,0.6436,0.7075,0.6067,0.5944,0.9705,0.4297,0.5157,0.6116,0.5329,0.4051,0.4887,0.3879,0.5133,0.4838,0.6706,0.4592,2.6507,1.1438,0.8255,0.5944,0.4518,0.6583,0.7616,0.4813,0.646,0.4862
9/4/2020,16.853,0.3172,0.3765,0.2676,0.5102,0.4553,0.5146,0.5066,0.334,0.3906,0.3065,0.3154,0.3101,0.3065,0.3366,0.2702,0.2773,0.3074,0.3747,0.3605,0.3216,0.3119,0.257,0.4119,0.3659,0.2862,0.2853,0.3659,0.2933,0.3889,0.3269,0.2986,0.2437,0.3039,0.2941,0.2649,0.3189,0.2658,0.3225,0.9749,0.4846,0.2844,0.3154,0.3446,0.3818,0.3242,0.3614,0.3181,0.2986
9/3/2020,21.2346,0.3983,0.5174,0.4075,0.5439,0.6339,0.5399,0.4856,0.6047,0.5875,0.385,0.5161,0.5094,0.3414,0.4261,0.4737,0.3533,0.3665,0.3546,0.3758,0.4737,0.4102,0.3771,0.3321,0.4989,0.3996,0.43,0.3625,0.3056,0.3546,0.438,0.299,0.3202,0.2778,0.3043,0.344,0.3692,0.4155,0.4856,1.2751,0.6027,0.34,0.3996,0.4869,0.4208,0.4194,0.3811,0.4737,0.4168
9/2/2020,20.6728,0.372,0.4962,0.5101,0.4822,0.4594,0.6026,0.6787,0.4556,0.3568,0.4189,0.4683,0.4315,0.3073,0.32,0.3555,0.4366,0.4227,0.4113,0.41,0.3631,0.3111,0.3631,0.3466,0.3378,0.2795,0.4303,0.4239,0.3352,0.4455,0.358,0.3656,0.377,0.2642,0.3035,0.3365,0.3339,0.3542,0.3073,1.6819,0.7627,0.4505,0.4772,0.4721,0.377,0.3428,0.4404,0.339,0.2972
9/1/2020,25.1672,0.4688,0.5873,0.3916,0.6731,0.7503,0.4963,0.6388,0.7744,0.4431,0.4928,0.4001,0.4911,0.371,0.4671,0.4328,0.4757,0.5049,0.4722,0.5735,0.4808,0.3967,0.5787,0.6147,0.6216,0.371,0.4362,0.6645,0.3847,0.5701,0.4087,0.4259,0.4087,0.3126,0.292,0.3984,0.4293,0.5701,0.5169,1.8657,0.835,0.5838,0.4087,0.3418,0.5031,0.3898,0.4036,0.5581,0.4911
8/31/2020,25.2797,0.6418,0.4898,0.5693,0.711,0.8665,0.8578,0.6764,0.7835,0.6177,0.4794,0.5434,0.6384,0.4691,0.4241,0.5451,0.4086,0.3965,0.4742,0.4518,0.5434,0.4449,0.4708,0.5537,0.5745,0.3205,0.4552,0.4328,0.3896,0.73,0.5364,0.4138,0.3274,0.3844,0.3135,0.3066,0.4241,0.5002,0.4587,1.3237,0.6218,0.5416,0.4881,0.4017,0.3446,0.4328,0.5796,0.3706,0.5503
8/30/2020,16.0664,0.2659,0.3199,0.3014,0.4732,0.4829,0.3522,0.3086,0.3732,0.3264,0.407,0.2731,0.2627,0.3256,0.3393,0.2949,0.2804,0.3062,0.3417,0.3562,0.2965,0.2893,0.3498,0.3474,0.382,0.3215,0.2748,0.3869,0.2659,0.3651,0.2917,0.2272,0.2312,0.2457,0.2707,0.2683,0.2965,0.3546,0.2836,0.9198,0.4629,0.2917,0.3877,0.3119,0.3619,0.3215,0.2635,0.3538,0.2522
8/29/2020,16.8529,0.3942,0.3623,0.3862,0.5288,0.5589,0.5172,0.411,0.5057,0.3844,0.2826,0.5031,0.4048,0.2826,0.2924,0.2906,0.3535,0.342,0.3189,0.3234,0.3818,0.3198,0.2818,0.38,0.3057,0.2543,0.3313,0.3393,0.2614,0.3783,0.3437,0.2233,0.2773,0.2685,0.2694,0.249,0.3198,0.3844,0.3234,0.4583,0.2814,0.2791,0.3641,0.3791,0.3818,0.3074,0.326,0.3765,0.3641
8/28/2020,17.1901,0.3762,0.3284,0.3937,0.4828,0.5159,0.5095,0.5361,0.5435,0.3881,0.4718,0.3394,0.401,0.3146,0.3394,0.3707,0.3551,0.288,0.3312,0.3119,0.31,0.3238,0.345,0.4139,0.2806,0.2503,0.2769,0.265,0.2613,0.4663,0.2962,0.2981,0.3192,0.2347,0.2374,0.2402,0.3119,0.3826,0.2944,0.6943,0.3742,0.3358,0.3707,0.2843,0.3404,0.3734,0.4084,0.3413,0.2622
8/27/2020,17.5272,0.3715,0.3496,0.3458,0.422,0.4515,0.4934,0.3629,0.4582,0.2677,0.4087,0.402,0.2877,0.2715,0.341,0.2896,0.3906,0.3591,0.3801,0.302,0.3115,0.3534,0.3086,0.3248,0.3467,0.2562,0.3096,0.2753,0.301,0.4877,0.3153,0.2972,0.2476,0.2515,0.2657,0.2915,0.3077,0.3258,0.3105,1.3092,0.6161,0.4106,0.4239,0.3305,0.2743,0.3229,0.361,0.2819,0.3543
8/26/2020,22.0209,0.3686,0.3896,0.4134,0.499,0.7626,0.6392,0.7387,0.499,0.6686,0.5887,0.3531,0.3405,0.3868,0.3952,0.4289,0.4162,0.3882,0.5186,0.5088,0.4863,0.4793,0.4892,0.4653,0.5186,0.4443,0.4667,0.3545,0.3349,0.391,0.391,0.2704,0.3714,0.2816,0.3181,0.3335,0.3686,0.3952,0.3658,1.1891,0.5688,0.4695,0.398,0.5116,0.3307,0.4625,0.4092,0.4667,0.3854
8/25/2020,25.6167,0.4943,0.5155,0.445,0.6811,0.7903,0.6405,0.7744,0.8502,0.371,0.7533,0.6282,0.5313,0.4838,0.4838,0.5454,0.5225,0.5102,0.5472,0.5683,0.5525,0.4274,0.3481,0.6265,0.4609,0.3763,0.5489,0.5031,0.3428,0.4151,0.4221,0.3235,0.401,0.3763,0.3323,0.3217,0.3922,0.3728,0.4573,1.8988,0.848,0.5842,0.5243,0.5172,0.3305,0.4292,0.4873,0.3763,0.4838
8/24/2020,19.5493,0.4612,0.3746,0.3399,0.4323,0.4288,0.4115,0.6356,0.5928,0.3214,0.4115,0.4369,0.3191,0.3699,0.3653,0.3722,0.3434,0.3411,0.4358,0.3284,0.3757,0.3838,0.4057,0.467,0.4462,0.3722,0.3411,0.2995,0.3006,0.4658,0.3399,0.2544,0.333,0.3018,0.3388,0.2625,0.3642,0.3226,0.445,1.3628,0.6371,0.3237,0.4866,0.2879,0.4046,0.4369,0.3676,0.3503,0.3503
8/23/2020,21.7964,0.444,0.4716,0.3405,0.7268,0.5309,0.6661,0.7337,0.673,0.3391,0.3874,0.5957,0.4798,0.4412,0.415,0.4412,0.3391,0.4191,0.3819,0.4233,0.4729,0.4785,0.4067,0.4895,0.4343,0.3847,0.4398,0.6054,0.3046,0.5047,0.3557,0.266,0.3764,0.2812,0.3019,0.2826,0.3488,0.5061,0.4385,1.0667,0.5207,0.4605,0.535,0.3778,0.3488,0.4867,0.4067,0.3612,0.3046
8/22/2020,17.1896,0.3872,0.2926,0.3578,0.4442,0.5609,0.4065,0.3229,0.5269,0.3183,0.4212,0.3946,0.2825,0.3137,0.3201,0.2898,0.3698,0.3431,0.2806,0.3358,0.3569,0.3155,0.2981,0.3863,0.2843,0.2742,0.3008,0.3973,0.2953,0.3211,0.3348,0.299,0.2769,0.2448,0.2604,0.2769,0.3155,0.3569,0.2779,1.1936,0.5706,0.3146,0.3753,0.2898,0.2852,0.3725,0.2705,0.3394,0.3367
8/21/2020,14.0441,0.2966,0.2652,0.2422,0.3625,0.3014,0.3045,0.2978,0.38,0.3323,0.3329,0.4,0.3286,0.2452,0.2507,0.2603,0.2585,0.2543,0.3051,0.3045,0.2797,0.2452,0.2483,0.2622,0.2809,0.2718,0.2531,0.2386,0.2489,0.3232,0.2845,0.2591,0.2386,0.2477,0.241,0.2338,0.2555,0.2398,0.3033,0.757,0.3989,0.2821,0.3377,0.2996,0.2507,0.29,0.238,0.2743,0.238
8/20/2020,11.1229,0.2494,0.2394,0.2098,0.2647,0.2522,0.2238,0.2813,0.2975,0.2407,0.2148,0.2497,0.206,0.2166,0.2016,0.2129,0.207,0.2219,0.2248,0.2429,0.2354,0.2088,0.2294,0.2038,0.2219,0.2169,0.2163,0.2101,0.2001,0.2332,0.2282,0.1945,0.2154,0.1973,0.2163,0.207,0.2204,0.2182,0.2238,0.4883,0.2932,0.226,0.211,0.2079,0.2238,0.2269,0.2507,0.2148,0.2263
8/19/2020,11.5721,0.2217,0.2617,0.212,0.2996,0.3292,0.2785,0.237,0.2874,0.2485,0.2395,0.2874,0.2153,0.232,0.2195,0.2367,0.2495,0.241,0.2306,0.2313,0.2413,0.2077,0.2106,0.2331,0.2035,0.2328,0.2117,0.2481,0.2024,0.2313,0.2338,0.2102,0.2135,0.2106,0.1935,0.2095,0.216,0.2524,0.2349,0.4946,0.2957,0.2145,0.2695,0.2145,0.1999,0.2228,0.2495,0.222,0.2338
8/18/2020,12.3591,0.2874,0.2543,0.2312,0.3319,0.2979,0.2844,0.2857,0.3075,0.2974,0.2717,0.2608,0.2695,0.2486,0.2495,0.2334,0.2286,0.2674,0.2608,0.239,0.2395,0.2368,0.2142,0.2368,0.2756,0.2299,0.2386,0.2198,0.2207,0.2695,0.2569,0.2107,0.205,0.2268,0.2015,0.2238,0.2382,0.2473,0.2521,0.5887,0.3327,0.2325,0.2146,0.2329,0.2273,0.2626,0.2382,0.2386,0.2403
8/17/2020,16.0665,0.3901,0.3586,0.353,0.374,0.4716,0.4248,0.3627,0.3175,0.2586,0.3933,0.4796,0.3135,0.2578,0.324,0.3449,0.3603,0.3183,0.3151,0.3506,0.282,0.2885,0.3506,0.2836,0.2748,0.2651,0.2667,0.3546,0.2578,0.3127,0.2941,0.2901,0.2304,0.2707,0.286,0.2731,0.3006,0.2973,0.3361,0.9088,0.4586,0.3724,0.2683,0.303,0.2619,0.2748,0.2707,0.3135,0.3514
8/16/2020,25.7286,0.6046,0.6063,0.4432,0.5638,0.8421,0.8599,0.7482,0.5638,0.6861,0.7517,0.4787,0.3759,0.3652,0.5212,0.3936,0.4822,0.4893,0.5283,0.5744,0.484,0.5549,0.4397,0.6258,0.4716,0.4255,0.461,0.7127,0.351,0.4202,0.539,0.4025,0.2943,0.3617,0.4326,0.3989,0.4113,0.5656,0.5567,1.3716,0.6406,0.4379,0.6418,0.3564,0.5744,0.5975,0.3971,0.5142,0.4096
8/15/2020,21.7964,0.3681,0.4136,0.3239,0.6192,0.862,0.5861,0.5171,0.4205,0.4371,0.5999,0.5488,0.4578,0.3226,0.4633,0.3419,0.3764,0.3543,0.4191,0.3584,0.386,0.4592,0.3129,0.3446,0.3377,0.3295,0.426,0.4067,0.3308,0.444,0.3722,0.3088,0.3446,0.364,0.3612,0.3295,0.3543,0.4523,0.4357,1.8163,0.8155,0.3778,0.5571,0.3502,0.3019,0.4826,0.4412,0.3377,0.426
8/14/2020,29.8861,0.7707,0.7226,0.6569,0.6788,0.6416,0.7182,0.9349,0.9546,0.9239,0.7817,0.5694,0.4074,0.5847,0.4074,0.4643,0.5125,0.5913,0.4818,0.5584,0.6766,0.6328,0.6569,0.5059,0.4774,0.5913,0.4315,0.5606,0.4271,0.4709,0.4862,0.5125,0.3987,0.3702,0.4534,0.3768,0.5519,0.4731,0.6613,2.7819,1.1954,0.4424,0.4381,0.403,0.4577,0.5606,0.4096,0.4971,0.6241
8/13/2020,28.5376,0.4768,0.6965,0.6349,0.6534,0.639,0.5425,0.9717,0.7068,0.7623,0.6267,0.7089,0.6123,0.4953,0.4562,0.5158,0.6472,0.5343,0.5425,0.4542,0.6226,0.5918,0.4994,0.7006,0.6965,0.3761,0.6144,0.4049,0.4049,0.6924,0.4994,0.3844,0.409,0.3536,0.3166,0.448,0.5343,0.5897,0.4131,2.1433,0.9442,0.6329,0.6247,0.5302,0.4378,0.4871,0.6883,0.4111,0.409
8/12/2020,23.8188,0.4087,0.5384,0.5147,0.5352,0.7472,0.8105,0.4989,0.6808,0.6096,0.4198,0.4498,0.5795,0.4609,0.3612,0.4641,0.3881,0.5163,0.4989,0.4182,0.4799,0.3597,0.4308,0.4008,0.502,0.396,0.3454,0.5874,0.3739,0.4324,0.4134,0.3122,0.4277,0.3075,0.2995,0.3059,0.3755,0.3565,0.347,1.9673,0.8749,0.4546,0.4641,0.4403,0.54,0.4482,0.3565,0.4087,0.5099
8/11/2020,21.347,0.3962,0.523,0.479,0.6191,0.6271,0.6512,0.4109,0.5177,0.6432,0.5671,0.5284,0.4843,0.4096,0.3228,0.4696,0.4403,0.4696,0.3709,0.3936,0.4149,0.3322,0.4016,0.4523,0.4817,0.4109,0.4323,0.3989,0.3055,0.5003,0.3976,0.3335,0.3388,0.3295,0.2721,0.3762,0.3775,0.4376,0.3775,1.0911,0.5303,0.3976,0.3589,0.3255,0.3989,0.4136,0.3829,0.4109,0.3428
8/10/2020,25.3917,0.5823,0.4988,0.5406,0.671,0.9493,0.7336,0.7615,0.598,0.7841,0.7006,0.5162,0.4015,0.4884,0.5388,0.5562,0.4797,0.4641,0.5823,0.4206,0.4484,0.4415,0.5093,0.4745,0.5232,0.3319,0.4275,0.4623,0.3841,0.4275,0.4832,0.3493,0.4519,0.3319,0.3545,0.3597,0.391,0.4084,0.4815,1.1952,0.5712,0.5232,0.6745,0.4154,0.5354,0.5875,0.5441,0.5493,0.4867
8/9/2020,24.2681,0.5848,0.575,0.4953,0.78,0.9573,0.6628,0.7377,0.6628,0.6075,0.5083,0.6986,0.5197,0.3944,0.4937,0.5099,0.4693,0.5148,0.4888,0.4416,0.562,0.5099,0.5132,0.6173,0.549,0.4058,0.5229,0.5522,0.3651,0.6628,0.4253,0.2903,0.4139,0.3326,0.3066,0.3635,0.383,0.4823,0.4725,0.3126,0.2241,0.4855,0.5408,0.4937,0.5392,0.5311,0.4611,0.4449,0.4026
8/8/2020,26.9648,0.5156,0.5346,0.5346,0.8797,0.8153,0.9044,0.5384,0.7659,0.8494,0.4739,0.637,0.6294,0.4758,0.5308,0.4246,0.5308,0.3961,0.4872,0.6123,0.4379,0.4568,0.601,0.4606,0.5061,0.4587,0.5573,0.4265,0.417,0.8096,0.5706,0.436,0.3203,0.3696,0.3506,0.3791,0.4511,0.6066,0.4398,1.2569,0.5955,0.5934,0.711,0.4872,0.5422,0.6294,0.6199,0.5194,0.4189
8/7/2020,23.8188,0.5384,0.5194,0.5906,0.646,0.57,0.8089,0.6729,0.4957,0.3929,0.4862,0.4846,0.4783,0.4593,0.3628,0.3628,0.4577,0.5384,0.4973,0.5068,0.4577,0.4166,0.4577,0.4799,0.4973,0.4071,0.3707,0.4182,0.385,0.4467,0.4324,0.3328,0.3423,0.4087,0.3802,0.3185,0.4451,0.415,0.385,1.6233,0.7396,0.5954,0.5859,0.4182,0.5131,0.3897,0.4577,0.4941,0.3359
8/6/2020,12.3586,0.2473,0.2857,0.2172,0.3009,0.2861,0.2979,0.3175,0.3319,0.2966,0.2704,0.266,0.2386,0.215,0.222,0.2582,0.2499,0.2338,0.2735,0.2316,0.2355,0.2316,0.2277,0.2844,0.2582,0.2063,0.2355,0.2486,0.2255,0.2482,0.2534,0.215,0.232,0.2015,0.2198,0.2325,0.2338,0.2556,0.2168,0.5571,0.3202,0.2521,0.2512,0.2351,0.2286,0.2316,0.2726,0.2678,0.2403
8/5/2020,11.7971,0.2263,0.2244,0.2502,0.3148,0.2468,0.3246,0.2612,0.2589,0.2764,0.287,0.2624,0.2646,0.2145,0.2274,0.2502,0.2244,0.2582,0.2589,0.2513,0.2559,0.2119,0.2498,0.2274,0.205,0.2362,0.2365,0.2544,0.213,0.2882,0.221,0.2175,0.2141,0.2024,0.2005,0.2046,0.2297,0.2589,0.2373,0.4258,0.2686,0.2506,0.2115,0.2422,0.2502,0.2407,0.2229,0.221,0.2168
8/4/2020,11.5724,0.2328,0.2503,0.2395,0.2956,0.2821,0.3046,0.227,0.2581,0.2642,0.2131,0.2678,0.2395,0.2178,0.232,0.2442,0.2313,0.2167,0.2217,0.2356,0.2499,0.2224,0.2278,0.2613,0.2238,0.2049,0.2188,0.2796,0.212,0.2542,0.241,0.222,0.2192,0.201,0.217,0.2056,0.212,0.2217,0.2478,0.4023,0.2593,0.251,0.2556,0.2013,0.2463,0.2399,0.2245,0.2428,0.2335
8/3/2020,11.2352,0.2084,0.2349,0.2265,0.2631,0.2673,0.243,0.2708,0.2822,0.2184,0.2404,0.2851,0.2433,0.2071,0.21,0.2255,0.2414,0.2207,0.2107,0.2385,0.2152,0.2129,0.2155,0.2353,0.2398,0.2207,0.2233,0.2695,0.2039,0.2514,0.2136,0.2084,0.2094,0.1896,0.2113,0.2165,0.2162,0.22,0.2181,0.436,0.2726,0.2133,0.2508,0.2204,0.2042,0.221,0.2058,0.2424,0.2408
8/2/2020,11.7971,0.2563,0.2426,0.2415,0.257,0.254,0.2502,0.262,0.2373,0.2396,0.2954,0.2536,0.2103,0.2305,0.2399,0.2491,0.2278,0.2422,0.2589,0.2255,0.2472,0.2263,0.257,0.2692,0.2487,0.2415,0.2092,0.2829,0.2126,0.2726,0.2381,0.1997,0.2122,0.197,0.197,0.224,0.2339,0.2453,0.2331,0.5498,0.3174,0.2206,0.2122,0.2468,0.2301,0.2232,0.2168,0.2513,0.2077
8/1/2020,21.7963,0.484,0.3847,0.4909,0.5116,0.6964,0.6399,0.702,0.7102,0.495,0.3971,0.3929,0.346,0.3295,0.3377,0.4785,0.3474,0.3584,0.4936,0.3667,0.3929,0.3419,0.4481,0.5543,0.386,0.4122,0.3281,0.6206,0.3212,0.5861,0.3543,0.3198,0.3088,0.2867,0.3695,0.3722,0.3929,0.4329,0.4316,1.4143,0.6574,0.5433,0.3115,0.3088,0.4467,0.4081,0.3184,0.4247,0.3405
7/31/2020,22.0214,0.3461,0.3952,0.5102,0.4737,0.6336,0.5074,0.6897,0.4611,0.5438,0.3826,0.4962,0.391,0.4303,0.4443,0.4625,0.3574,0.4625,0.5074,0.405,0.4078,0.4331,0.3321,0.5144,0.5382,0.2943,0.3335,0.4373,0.3419,0.4415,0.4359,0.3742,0.2676,0.3896,0.3826,0.3027,0.3784,0.3209,0.3756,1.6198,0.7382,0.5312,0.5102,0.3952,0.4401,0.3714,0.356,0.4625,0.3952
7/30/2020,19.7738,0.3515,0.3621,0.3445,0.4846,0.7507,0.4846,0.5905,0.607,0.3621,0.5258,0.6153,0.4092,0.3386,0.3798,0.3515,0.3303,0.3291,0.3821,0.4434,0.3715,0.3715,0.2821,0.3032,0.3562,0.408,0.3609,0.4257,0.2891,0.5446,0.3586,0.2903,0.2715,0.3397,0.2832,0.3244,0.3715,0.4175,0.3786,0.9373,0.4698,0.4139,0.4469,0.3268,0.3715,0.3786,0.4186,0.4375,0.3821
7/29/2020,19.662,0.4011,0.4839,0.3731,0.5573,0.6285,0.4046,0.4221,0.3882,0.3008,0.4116,0.562,0.4011,0.3766,0.4162,0.4104,0.4221,0.4174,0.3241,0.3299,0.4256,0.3416,0.281,0.4174,0.4232,0.3836,0.3124,0.3684,0.3136,0.5515,0.3742,0.26,0.3323,0.3521,0.3078,0.3393,0.3486,0.3054,0.3637,1.1342,0.5472,0.4454,0.3637,0.3824,0.4174,0.3299,0.4594,0.3976,0.3521
7/28/2020,21.6841,0.4226,0.3651,0.3172,0.5991,0.6415,0.4622,0.5334,0.673,0.6566,0.5443,0.3665,0.5389,0.4362,0.4554,0.4595,0.3815,0.4226,0.4472,0.3623,0.4486,0.4253,0.491,0.4581,0.517,0.3131,0.4075,0.4349,0.3186,0.5416,0.4527,0.3569,0.2652,0.3637,0.2734,0.2939,0.3897,0.428,0.4143,0.8512,0.4359,0.4814,0.48,0.3801,0.4759,0.5088,0.465,0.4882,0.439
7/27/2020,25.3915,0.4971,0.6049,0.6467,0.7702,0.8119,0.8623,0.6432,0.5145,0.718,0.4815,0.4084,0.4988,0.4502,0.4067,0.5093,0.4693,0.4067,0.5302,0.5736,0.4606,0.4988,0.4519,0.6449,0.3736,0.478,0.3597,0.4362,0.3701,0.4554,0.4258,0.4502,0.3388,0.4223,0.2954,0.3597,0.4467,0.4275,0.4119,1.8754,0.8388,0.4345,0.631,0.3597,0.4919,0.5806,0.3701,0.3997,0.4988
7/26/2020,18.9877,0.3908,0.3732,0.4523,0.4117,0.5886,0.6084,0.3699,0.5315,0.4677,0.3425,0.5128,0.4688,0.2875,0.3095,0.3611,0.337,0.4073,0.3809,0.3787,0.4282,0.348,0.3513,0.3172,0.4512,0.3326,0.3864,0.5293,0.3216,0.4458,0.3502,0.2787,0.3337,0.2787,0.3359,0.2886,0.3579,0.4425,0.3007,0.7912,0.4123,0.2963,0.3249,0.3161,0.4249,0.4205,0.337,0.3919,0.4139
7/25/2020,22.3585,0.5227,0.4194,0.5515,0.484,0.4682,0.4869,0.4912,0.6836,0.662,0.6333,0.5113,0.3303,0.3519,0.4366,0.3993,0.5141,0.3533,0.4869,0.4337,0.3892,0.3749,0.3706,0.3476,0.3591,0.4108,0.3174,0.3964,0.3102,0.4797,0.4481,0.3806,0.2801,0.3361,0.3706,0.3102,0.3519,0.4079,0.5098,1.8237,0.8184,0.428,0.3117,0.4639,0.3648,0.4366,0.5414,0.4352,0.3634
7/24/2020,21.1224,0.3727,0.3911,0.4239,0.4882,0.6837,0.4252,0.4239,0.6981,0.332,0.559,0.4685,0.4134,0.3399,0.3648,0.3674,0.3924,0.4567,0.4291,0.4685,0.3753,0.3911,0.4094,0.3333,0.3359,0.332,0.4396,0.4121,0.3373,0.5708,0.4081,0.2677,0.2874,0.3569,0.3491,0.2821,0.3963,0.3819,0.4317,1.7573,0.7924,0.3819,0.3924,0.3136,0.4199,0.4829,0.3399,0.3307,0.3149
7/23/2020,19.7741,0.381,0.3609,0.421,0.547,0.5246,0.5846,0.6247,0.4398,0.3233,0.3939,0.6188,0.3833,0.308,0.2962,0.3445,0.3551,0.4516,0.328,0.3645,0.3291,0.3091,0.2938,0.3032,0.3609,0.3621,0.3197,0.3115,0.3068,0.5693,0.4033,0.2726,0.3103,0.2726,0.2821,0.3374,0.3609,0.3692,0.4422,1.6074,0.7334,0.3692,0.3927,0.3174,0.4163,0.3339,0.3421,0.3892,0.3056
7/22/2020,21.6839,0.3774,0.3487,0.4896,0.7209,0.7756,0.7154,0.662,0.6155,0.3637,0.6251,0.5717,0.4554,0.324,0.402,0.4171,0.3692,0.4882,0.4185,0.4226,0.4978,0.3541,0.4458,0.4403,0.5307,0.4267,0.3405,0.4048,0.3555,0.4691,0.4527,0.3678,0.2802,0.2679,0.3801,0.3158,0.387,0.4746,0.4417,0.6489,0.3563,0.4992,0.5183,0.3008,0.4595,0.465,0.4321,0.4198,0.3883
7/21/2020,18.9876,0.3007,0.3787,0.3425,0.4952,0.5545,0.5391,0.627,0.5655,0.4315,0.426,0.4205,0.4249,0.3622,0.3062,0.3776,0.3579,0.3502,0.3996,0.3249,0.3644,0.3546,0.3502,0.3952,0.2963,0.3216,0.3293,0.3864,0.2765,0.3337,0.3348,0.3194,0.2524,0.2787,0.3051,0.3161,0.315,0.3952,0.382,1.2447,0.5907,0.3699,0.437,0.2864,0.3304,0.315,0.3172,0.3952,0.4095
7/20/2020,25.2797,0.6125,0.4708,0.5935,0.7196,1.0185,0.7473,0.7473,0.7352,0.7352,0.4587,0.5796,0.5848,0.4276,0.4691,0.5572,0.4207,0.5347,0.5071,0.4466,0.5036,0.4241,0.5036,0.4414,0.3412,0.393,0.4207,0.4086,0.3585,0.6211,0.4051,0.3913,0.393,0.438,0.3637,0.3775,0.4328,0.4224,0.4691,1.2096,0.5769,0.3688,0.6678,0.5174,0.4103,0.5416,0.5555,0.4466,0.5105
7/19/2020,22.0212,0.4373,0.3714,0.3251,0.5298,0.7191,0.6364,0.6672,0.5424,0.621,0.4092,0.5452,0.363,0.3658,0.398,0.4807,0.3574,0.377,0.377,0.4176,0.4906,0.3531,0.3966,0.4611,0.5046,0.4429,0.3363,0.6013,0.3574,0.4793,0.4092,0.2901,0.3868,0.3293,0.3055,0.363,0.405,0.4457,0.3742,1.1075,0.5368,0.4443,0.5536,0.4863,0.4233,0.356,0.4639,0.492,0.4849
7/18/2020,17.7514,0.4144,0.3012,0.3363,0.4212,0.6465,0.4192,0.3685,0.4417,0.4163,0.4114,0.4631,0.3471,0.2749,0.3354,0.3246,0.3598,0.4007,0.3207,0.3607,0.3822,0.2856,0.35,0.3295,0.3285,0.2944,0.3354,0.3149,0.2944,0.3997,0.3032,0.3198,0.3139,0.2778,0.2466,0.27,0.3198,0.3919,0.3763,0.9099,0.459,0.3705,0.312,0.3081,0.3354,0.3656,0.4309,0.39,0.3724
7/17/2020,21.9086,0.4963,0.3517,0.3405,0.634,0.6841,0.5923,0.5992,0.6882,0.4546,0.3419,0.513,0.4935,0.3238,0.4462,0.4309,0.3683,0.4045,0.5046,0.5033,0.4838,0.3948,0.4518,0.5199,0.5366,0.4435,0.3211,0.5283,0.3461,0.3697,0.3878,0.3628,0.3294,0.2946,0.3725,0.353,0.3725,0.5033,0.335,1.0531,0.5153,0.5436,0.4546,0.3405,0.3364,0.4824,0.5046,0.4421,0.3586
7/16/2020,22.9198,0.392,0.5262,0.5501,0.6172,0.7814,0.7903,0.5382,0.5367,0.5128,0.5725,0.5083,0.4322,0.4084,0.389,0.4188,0.4934,0.483,0.5367,0.477,0.4785,0.3576,0.5128,0.4501,0.5233,0.3278,0.4785,0.4591,0.3547,0.6128,0.3785,0.3994,0.3934,0.298,0.3576,0.3472,0.4248,0.3621,0.3293,0.8316,0.4282,0.4695,0.5949,0.3353,0.5128,0.4934,0.5322,0.4039,0.5083
7/15/2020,18.3134,0.3802,0.407,0.4389,0.3925,0.6308,0.4585,0.5689,0.4101,0.375,0.4884,0.4761,0.3626,0.3059,0.3368,0.2873,0.3606,0.3905,0.3007,0.3874,0.3936,0.3822,0.342,0.3812,0.3368,0.31,0.3936,0.3296,0.2873,0.4524,0.3245,0.3265,0.2976,0.245,0.3224,0.2554,0.3451,0.3822,0.3162,0.9002,0.4552,0.2956,0.4317,0.2708,0.375,0.3585,0.4451,0.3049,0.2946
7/14/2020,28.6501,0.687,0.6932,0.6478,1.0154,0.9431,0.9699,0.5136,0.78,0.875,0.6932,0.8192,0.4599,0.4805,0.4867,0.5033,0.5983,0.623,0.4207,0.6106,0.4558,0.6292,0.3897,0.6685,0.5404,0.5508,0.5095,0.5157,0.4,0.5838,0.5384,0.3711,0.4991,0.4578,0.3814,0.3319,0.431,0.4682,0.4929,1.6028,0.7315,0.6623,0.4723,0.4909,0.6396,0.4434,0.4124,0.6416,0.5177
7/13/2020,22.8073,0.5324,0.4436,0.3903,0.5591,0.5072,0.7827,0.5309,0.7797,0.5354,0.6346,0.4895,0.4154,0.374,0.4228,0.4821,0.4584,0.3651,0.3636,0.5028,0.3888,0.3621,0.3917,0.4154,0.3488,0.3429,0.4376,0.4865,0.3399,0.3858,0.3725,0.3606,0.4006,0.2999,0.3562,0.2999,0.3666,0.3784,0.3784,1.8968,0.8472,0.368,0.5561,0.3458,0.3103,0.3962,0.5517,0.4465,0.4065
7/12/2020,25.6166,0.4873,0.5613,0.5947,0.8537,0.7762,0.6053,0.593,0.5648,0.5225,0.5895,0.6036,0.4045,0.4186,0.4626,0.5472,0.5437,0.5331,0.3816,0.5102,0.4503,0.4556,0.4503,0.4203,0.3587,0.5313,0.3922,0.5947,0.4203,0.6511,0.475,0.3693,0.3464,0.3816,0.3974,0.3481,0.4168,0.3816,0.4062,1.943,0.8654,0.3851,0.6247,0.5683,0.5014,0.4838,0.5895,0.3781,0.4767
7/11/2020,27.0769,0.6779,0.4395,0.655,0.9393,0.5959,0.8801,0.8801,0.779,0.4566,0.6569,0.6341,0.6817,0.4471,0.4395,0.4929,0.6093,0.5978,0.6073,0.5024,0.4547,0.4204,0.4528,0.4814,0.6207,0.4891,0.4166,0.7638,0.3918,0.428,0.4376,0.4452,0.4528,0.4662,0.4643,0.4204,0.4223,0.3784,0.4719,1.3633,0.6374,0.6131,0.5482,0.3975,0.594,0.5825,0.615,0.4471,0.428
7/10/2020,20.6727,0.3986,0.4277,0.396,0.5608,0.6229,0.4379,0.4949,0.4455,0.5507,0.5608,0.4252,0.4353,0.3656,0.3808,0.4467,0.4531,0.3162,0.4125,0.4049,0.4062,0.3846,0.2896,0.3732,0.3986,0.3707,0.3821,0.4911,0.3073,0.4746,0.353,0.2566,0.3378,0.2807,0.339,0.268,0.391,0.4848,0.3149,1.5264,0.7015,0.4189,0.4214,0.301,0.3073,0.4176,0.3162,0.3935,0.429
7/9/2020,25.8409,0.6537,0.552,0.5378,0.9035,1.0676,0.8089,0.4664,0.8625,0.7233,0.5413,0.8036,0.4753,0.4842,0.4218,0.4075,0.3879,0.5806,0.4807,0.4379,0.4807,0.5288,0.5931,0.6234,0.4628,0.4896,0.5324,0.6323,0.42,0.3932,0.5306,0.3397,0.4254,0.4271,0.4396,0.4503,0.4575,0.4842,0.5699,0.7634,0.4014,0.486,0.5271,0.486,0.4379,0.4325,0.4486,0.5306,0.4503
7/8/2020,20.6726,0.5126,0.3707,0.4505,0.6596,0.557,0.6419,0.6748,0.4797,0.5494,0.5038,0.5392,0.4759,0.3618,0.3416,0.4315,0.3998,0.4708,0.3314,0.3732,0.4049,0.3568,0.3301,0.4113,0.4341,0.3466,0.3175,0.4987,0.3187,0.377,0.3504,0.282,0.2744,0.3644,0.2858,0.3352,0.3656,0.467,0.3948,1.169,0.5609,0.3694,0.3593,0.4214,0.3289,0.3973,0.3732,0.339,0.3137
7/7/2020,22.6955,0.3504,0.3783,0.4356,0.6663,0.6075,0.7824,0.6207,0.5238,0.3695,0.5649,0.4929,0.3636,0.4562,0.418,0.4121,0.4121,0.4753,0.4091,0.487,0.3783,0.4062,0.4473,0.5532,0.3753,0.4503,0.4738,0.3709,0.3474,0.4033,0.44,0.2916,0.368,0.3709,0.3974,0.3386,0.3797,0.3665,0.5032,1.5188,0.6985,0.3974,0.4518,0.4503,0.4077,0.5252,0.5693,0.4371,0.3518
7/6/2020,18.3135,0.3203,0.4173,0.3358,0.5771,0.3967,0.4823,0.5916,0.3626,0.4977,0.4905,0.5452,0.442,0.3482,0.3183,0.343,0.4059,0.3337,0.2976,0.4152,0.4111,0.3977,0.3389,0.3802,0.275,0.3183,0.2925,0.3853,0.276,0.474,0.3678,0.2492,0.3172,0.2554,0.3131,0.2956,0.3038,0.2853,0.2976,0.767,0.4028,0.3647,0.4049,0.3276,0.4163,0.4235,0.343,0.3523,0.3564
7/5/2020,23.482,0.4283,0.4732,0.5785,0.6559,0.7271,0.676,0.5243,0.7302,0.5444,0.659,0.4175,0.4531,0.4484,0.3354,0.4995,0.5166,0.4918,0.4701,0.5011,0.4469,0.4701,0.3401,0.3772,0.3896,0.467,0.4469,0.4082,0.3741,0.5584,0.3912,0.3834,0.419,0.3973,0.3246,0.3834,0.4438,0.4655,0.498,1.2133,0.5784,0.4082,0.5351,0.5119,0.4562,0.433,0.3757,0.3478,0.5073
7/4/2020,26.6276,0.4032,0.6454,0.5504,0.9248,1.0478,0.569,0.6789,0.7423,0.5783,0.6901,0.5802,0.4833,0.4684,0.3865,0.4181,0.4293,0.6119,0.5578,0.5206,0.4666,0.5541,0.3995,0.528,0.4349,0.4796,0.433,0.5318,0.4126,0.7609,0.433,0.2877,0.4424,0.4256,0.3138,0.3548,0.4759,0.4461,0.5094,1.8939,0.8461,0.4014,0.6119,0.3921,0.4461,0.5765,0.5113,0.4517,0.5206
7/3/2020,22.4706,0.391,0.4445,0.417,0.6977,0.582,0.7267,0.4517,0.6963,0.4488,0.4561,0.5733,0.5096,0.459,0.3794,0.3606,0.3403,0.5169,0.4517,0.5082,0.4156,0.3403,0.43,0.4011,0.5386,0.3996,0.3895,0.5849,0.3186,0.5357,0.3939,0.3533,0.3012,0.2781,0.3765,0.349,0.3562,0.4098,0.5038,1.2727,0.6017,0.3664,0.4459,0.4402,0.4199,0.4865,0.4763,0.3982,0.4763
7/2/2020,21.2349,0.5253,0.4777,0.3215,0.6511,0.5359,0.438,0.6127,0.479,0.4221,0.5677,0.5187,0.4936,0.3599,0.3308,0.4764,0.3586,0.344,0.4049,0.3758,0.4644,0.4089,0.3824,0.4896,0.479,0.4194,0.4552,0.6021,0.3321,0.5386,0.438,0.3572,0.2792,0.2884,0.2818,0.3427,0.3467,0.3784,0.3175,1.2865,0.6072,0.3864,0.34,0.3017,0.2897,0.3639,0.4578,0.4843,0.4221
7/1/2020,27.9761,0.5802,0.5362,0.5103,0.9218,0.6521,0.9337,0.8818,0.9198,0.5442,0.4663,0.8918,0.4543,0.5322,0.4004,0.4044,0.5902,0.5462,0.4443,0.5043,0.6581,0.4004,0.4363,0.5482,0.5682,0.5522,0.4064,0.7659,0.3884,0.6261,0.5642,0.4783,0.3365,0.4184,0.3664,0.3285,0.4363,0.6501,0.5782,1.7666,0.796,0.4803,0.3704,0.5802,0.5462,0.5602,0.5822,0.5382,0.5342
6/30/2020,24.6054,0.3942,0.5702,0.5536,0.6748,0.9371,0.6731,0.5021,0.5021,0.6266,0.7146,0.449,0.5718,0.3676,0.449,0.3925,0.3659,0.4689,0.4971,0.4456,0.5552,0.4008,0.3394,0.5237,0.5619,0.4805,0.4955,0.6499,0.346,0.713,0.3908,0.2862,0.3311,0.3842,0.3277,0.3742,0.4174,0.4191,0.5569,1.7171,0.7765,0.3726,0.4739,0.4805,0.3643,0.3809,0.4224,0.4888,0.4191
6/29/2020,22.8075,0.5013,0.411,0.4495,0.5117,0.7827,0.4806,0.5265,0.7501,0.6213,0.5902,0.3814,0.4628,0.3488,0.3458,0.4243,0.3429,0.414,0.3755,0.4376,0.4584,0.374,0.3399,0.4569,0.368,0.3725,0.488,0.4169,0.3547,0.4658,0.3725,0.2733,0.2955,0.3355,0.3606,0.3532,0.4095,0.4835,0.3917,1.663,0.7552,0.5339,0.5309,0.371,0.4436,0.4317,0.5665,0.5072,0.4761
6/28/2020,31.0096,0.4819,0.5601,0.7465,0.9444,1.2596,0.8477,0.9582,0.6683,0.4336,0.712,1.0364,0.712,0.475,0.5348,0.6775,0.7097,0.4635,0.6061,0.7051,0.5072,0.4405,0.5486,0.5716,0.643,0.4451,0.6407,0.735,0.475,0.7511,0.4957,0.4773,0.4175,0.3438,0.383,0.4428,0.5417,0.5555,0.5095,2.2887,1.0014,0.4543,0.4106,0.643,0.4911,0.5647,0.5762,0.6476,0.475
6/27/2020,22.2463,0.5157,0.5257,0.52,0.4886,0.8804,0.4872,0.3989,0.5898,0.4858,0.3618,0.624,0.3718,0.4573,0.3875,0.369,0.4787,0.3476,0.4117,0.4573,0.4202,0.3861,0.3077,0.3576,0.4416,0.4445,0.4801,0.6297,0.3561,0.4587,0.3718,0.3932,0.3747,0.2678,0.3761,0.2821,0.3974,0.4046,0.3234,1.552,0.7116,0.4174,0.4872,0.3134,0.3604,0.3775,0.52,0.3903,0.4843
6/26/2020,21.0099,0.4919,0.3449,0.4659,0.5127,0.4633,0.4737,0.57,0.6402,0.5999,0.4685,0.3969,0.4906,0.3644,0.3384,0.3202,0.4776,0.3865,0.3761,0.4685,0.4815,0.315,0.328,0.488,0.4841,0.3592,0.3371,0.5596,0.3475,0.3813,0.3501,0.2864,0.2694,0.3228,0.3319,0.2916,0.3735,0.3293,0.3514,1.6158,0.7367,0.3189,0.4113,0.4867,0.289,0.3826,0.3644,0.4607,0.3059
6/25/2020,21.7968,0.4081,0.4674,0.4302,0.5378,0.7254,0.6137,0.5254,0.4674,0.6164,0.6082,0.4219,0.553,0.3833,0.3557,0.3971,0.4854,0.4412,0.3874,0.3612,0.5047,0.3681,0.4688,0.3584,0.5392,0.4247,0.404,0.3322,0.3584,0.513,0.3557,0.3709,0.3653,0.3722,0.3584,0.3571,0.3419,0.4412,0.404,1.2301,0.585,0.5033,0.3115,0.3033,0.3874,0.4412,0.4523,0.4178,0.3405
6/24/2020,34.9416,0.5519,0.8564,0.5977,1.2282,1.3413,1.1905,0.8833,0.9237,1.1258,0.5142,0.8941,0.8375,0.6139,0.5492,0.6408,0.5897,0.7755,0.789,0.7082,0.5385,0.4873,0.7702,0.7675,0.6274,0.7217,0.4549,0.56,0.4361,0.5385,0.6031,0.4469,0.5169,0.3714,0.4496,0.5007,0.5762,0.8375,0.6786,2.4599,1.0687,0.5735,0.6866,0.498,0.7055,0.6893,0.4765,0.5923,0.6974
6/23/2020,18.9875,0.3963,0.4447,0.4567,0.4117,0.693,0.5842,0.4194,0.3688,0.5106,0.4545,0.3249,0.3161,0.36,0.3524,0.415,0.3787,0.371,0.3238,0.4205,0.3469,0.3249,0.3611,0.3677,0.3579,0.3051,0.3798,0.3996,0.2886,0.4436,0.3436,0.3095,0.2963,0.3205,0.3183,0.2886,0.3436,0.3908,0.3414,1.0231,0.5035,0.4666,0.3633,0.3381,0.3205,0.371,0.3007,0.3754,0.3952
6/22/2020,22.0212,0.3616,0.4555,0.3363,0.7093,0.6125,0.5312,0.5256,0.5607,0.4485,0.391,0.7093,0.3714,0.3896,0.3475,0.3994,0.4695,0.4821,0.5018,0.3686,0.4723,0.419,0.2999,0.405,0.3209,0.4275,0.3938,0.4583,0.3293,0.635,0.3672,0.276,0.3055,0.3251,0.3616,0.3405,0.3728,0.4723,0.4948,1.4175,0.6587,0.4275,0.4948,0.3938,0.405,0.363,0.4709,0.4681,0.4737
6/21/2020,23.5939,0.4863,0.5113,0.4037,0.5487,0.661,0.6158,0.5628,0.6314,0.5986,0.4739,0.5409,0.4895,0.3819,0.5004,0.5175,0.5316,0.4863,0.5581,0.4645,0.4598,0.4364,0.4442,0.5378,0.3273,0.3288,0.5097,0.36,0.3725,0.3787,0.3928,0.3164,0.3366,0.3179,0.2821,0.3382,0.4224,0.452,0.4848,1.9406,0.8644,0.3787,0.3632,0.4193,0.4193,0.4474,0.3632,0.5331,0.4021
6/20/2020,23.1447,0.5347,0.3923,0.3333,0.5211,0.7831,0.5589,0.7725,0.7649,0.6786,0.4196,0.6437,0.4711,0.3605,0.4877,0.4241,0.4574,0.3499,0.4226,0.4453,0.5089,0.468,0.3242,0.3635,0.5407,0.3015,0.3984,0.5877,0.3439,0.4605,0.3681,0.2984,0.3787,0.3439,0.3575,0.4029,0.4272,0.4786,0.4923,1.5427,0.7079,0.4438,0.309,0.4574,0.3605,0.4029,0.3863,0.4514,0.4166
6/19/2020,30.3352,0.5754,0.6469,0.7005,1.0913,0.7787,0.6044,1.1047,0.6245,0.7697,0.4861,0.6893,0.5665,0.5866,0.5866,0.6513,0.5575,0.4392,0.6826,0.5173,0.4771,0.6446,0.4325,0.5575,0.5464,0.4928,0.5508,0.4235,0.4168,0.6714,0.6201,0.4995,0.4101,0.4101,0.361,0.4861,0.524,0.5397,0.5441,2.6289,1.1352,0.5799,0.6134,0.4503,0.5017,0.5039,0.5039,0.5263,0.6245
6/18/2020,31.0096,0.7373,0.7534,0.5923,0.8662,0.8615,0.9996,0.85,1.0226,0.6752,0.5095,0.9007,0.5601,0.59,0.4336,0.4819,0.643,0.6568,0.6246,0.6637,0.6361,0.544,0.62,0.7074,0.4428,0.4796,0.6338,0.6338,0.4405,0.5693,0.643,0.4083,0.3968,0.4451,0.3369,0.3576,0.5578,0.4497,0.5371,2.1004,0.9273,0.521,0.7672,0.5739,0.4474,0.6936,0.5026,0.7005,0.5141
6/17/2020,35.0541,0.8484,0.5725,0.5752,0.9188,1.1758,1.2975,0.7835,1.1298,0.7105,0.9648,0.6834,0.5346,0.6726,0.5995,0.6239,0.7132,0.8133,0.5914,0.8051,0.7456,0.7348,0.5075,0.6726,0.8322,0.5671,0.494,0.9052,0.4751,0.6807,0.5617,0.5508,0.3885,0.3912,0.4453,0.5103,0.6401,0.5995,0.6076,2.2132,0.9717,0.8674,0.705,0.7456,0.5968,0.5211,0.8944,0.6996,0.5157
6/16/2020,33.9303,0.496,0.7086,0.846,0.802,0.9679,1.012,1.2272,1.1183,0.4908,0.8642,0.8253,0.649,0.5427,0.5323,0.5893,0.5686,0.7475,0.4804,0.579,0.7994,0.7294,0.6879,0.7112,0.5608,0.6101,0.4778,1.025,0.5115,0.7112,0.5997,0.3637,0.5971,0.5686,0.5271,0.5038,0.6205,0.7708,0.5219,2.0407,0.9038,0.636,0.7008,0.6127,0.7397,0.5504,0.6645,0.6619,0.4752
6/15/2020,36.1778,0.7077,0.7668,0.7471,0.9359,0.8824,0.8204,0.6485,1.2543,0.6851,0.657,0.7133,0.6034,0.6429,0.6316,0.7049,0.7415,0.5133,0.7894,0.5978,0.6147,0.7528,0.7668,0.7978,0.5217,0.6288,0.6429,0.8824,0.5724,1.1191,0.6739,0.4879,0.4907,0.5499,0.3808,0.4428,0.626,0.6288,0.626,3.4974,1.4768,0.6288,0.4653,0.6147,0.6091,0.5499,0.795,0.7471,0.5442
6/14/2020,23.9311,0.5044,0.3945,0.3483,0.6334,0.7067,0.6653,0.6048,0.7816,0.7322,0.5538,0.5076,0.5857,0.4757,0.3642,0.514,0.3833,0.4024,0.5156,0.4072,0.5554,0.4917,0.3403,0.5904,0.3945,0.4757,0.3993,0.6892,0.3865,0.4614,0.4295,0.4232,0.3419,0.318,0.3754,0.3642,0.4152,0.3706,0.5442,0.9339,0.4684,0.4439,0.5379,0.4614,0.498,0.5602,0.6064,0.4725,0.5012
6/13/2020,26.6274,0.61,0.5597,0.4163,0.7329,1.0664,0.5783,0.8503,0.5783,0.5858,0.5802,0.528,0.6342,0.4088,0.5355,0.474,0.4405,0.4628,0.4908,0.5877,0.4684,0.5821,0.5578,0.6212,0.3678,0.5057,0.4088,0.5169,0.4237,0.4871,0.5485,0.3604,0.4517,0.407,0.4479,0.4219,0.4293,0.4293,0.5113,2.0303,0.8997,0.3734,0.502,0.366,0.5914,0.5802,0.4237,0.4107,0.3827
6/12/2020,36.7394,0.6006,0.934,0.911,1.299,1.3622,0.865,0.6983,1.3019,0.615,0.6495,1.0231,0.7644,0.5173,0.5949,0.5604,0.638,0.8392,0.6006,0.7415,0.6495,0.7529,0.8679,0.6351,0.6121,0.5633,0.7644,0.7673,0.5575,0.6466,0.5949,0.4167,0.6179,0.4972,0.6179,0.4857,0.5661,0.7242,0.6409,2.7099,1.167,0.6811,0.8622,0.4512,0.5633,0.5949,0.8507,0.7846,0.5805
6/11/2020,41.3456,1.0437,0.8403,0.9636,1.0603,1.884,0.8369,1.1604,0.8169,0.8736,0.8369,1.3238,0.937,0.7702,0.5468,0.8536,0.9336,0.6235,0.7702,0.7135,0.9069,0.6802,0.6435,0.7035,0.5301,0.8169,0.7102,1.2204,0.5201,0.6869,0.6335,0.5568,0.5902,0.4601,0.5601,0.6202,0.7435,0.7369,0.6302,2.8423,1.2191,0.8102,1.087,0.7269,0.5568,0.9003,0.9903,0.5601,0.9136
6/10/2020,43.4805,0.6137,0.7202,0.5782,1.1743,1.0892,1.4936,1.0892,1.6214,0.564,1.1211,0.9401,0.5747,0.6457,0.9366,0.7734,0.933,0.8763,0.8976,0.9472,0.7202,0.855,0.8053,0.6244,0.7308,0.8443,0.6989,0.8585,0.6279,1.1211,0.745,0.706,0.7485,0.4221,0.7308,0.5676,0.635,0.8302,0.7308,3.8946,1.633,0.9792,0.6563,0.6173,0.9863,0.9863,0.564,0.7485,0.8231
6/9/2020,36.8517,0.8591,0.7235,0.7639,0.8505,1.3842,0.862,1.3871,1.3005,1.0207,0.836,0.8101,0.9572,0.5187,0.5648,0.6716,0.7783,0.8014,0.888,0.7293,0.7985,0.6773,0.7726,0.9687,0.6456,0.6427,0.4667,1.064,0.5706,0.7379,0.6889,0.4725,0.4985,0.6196,0.5417,0.6023,0.6543,0.7091,0.585,0.9618,0.4794,0.7552,0.963,0.6196,0.4898,0.8303,0.8158,0.8274,0.686
6/8/2020,33.3687,0.8339,0.5599,0.5675,1.1408,0.9835,1.0901,1.118,1.2144,0.4457,0.6715,0.9379,0.5218,0.6182,0.5979,0.7324,0.5497,0.6411,0.5244,0.6487,0.5573,0.7222,0.4483,0.8592,0.5878,0.5218,0.5497,0.6918,0.4787,0.9506,0.6766,0.3671,0.3747,0.3544,0.3595,0.3848,0.603,0.7933,0.6106,2.2714,0.9946,0.4686,0.4356,0.7983,0.6309,0.7603,0.7248,0.4939,0.5015
6/7/2020,26.6275,0.4684,0.6324,0.6827,0.705,0.6845,0.7907,0.9229,0.8261,0.6212,0.6938,0.5802,0.3809,0.4591,0.3976,0.4852,0.3939,0.5746,0.528,0.5206,0.4871,0.5653,0.5169,0.4852,0.6156,0.3939,0.4666,0.4815,0.3623,0.6938,0.461,0.3995,0.3101,0.3678,0.3399,0.3865,0.4591,0.5783,0.4368,1.8191,0.8166,0.4181,0.4442,0.3529,0.6212,0.4424,0.5318,0.528,0.4982
6/6/2020,27.4141,0.5977,0.4986,0.7044,0.8889,0.8287,0.7219,0.6792,0.7685,0.7006,0.6967,0.6792,0.5375,0.4598,0.4754,0.421,0.6287,0.5142,0.5491,0.5278,0.6015,0.4074,0.4637,0.4055,0.4249,0.4521,0.4559,0.652,0.3841,0.8054,0.5627,0.3084,0.4637,0.4734,0.4715,0.3297,0.4423,0.4229,0.5647,1.6687,0.7575,0.6462,0.3666,0.5219,0.3666,0.5025,0.5841,0.5918,0.4385
6/5/2020,26.7398,0.6295,0.6014,0.5996,0.8282,0.5958,0.6633,0.8938,0.5433,0.622,0.534,0.7307,0.6633,0.4421,0.4815,0.4628,0.4834,0.4534,0.5583,0.474,0.4834,0.4365,0.5527,0.4834,0.6014,0.5283,0.5452,0.787,0.414,0.6164,0.5471,0.3653,0.3634,0.3597,0.3597,0.4346,0.5021,0.4028,0.459,1.5668,0.7174,0.5958,0.4478,0.3709,0.4984,0.4084,0.5396,0.5152,0.5771
6/4/2020,26.6277,0.6119,0.4163,0.4871,0.5858,1.0813,0.5336,0.6435,0.8522,0.5448,0.4237,0.5597,0.5448,0.5076,0.3939,0.3883,0.5578,0.5504,0.461,0.4684,0.4647,0.4759,0.4908,0.6827,0.3567,0.3902,0.4666,0.5485,0.379,0.7888,0.5225,0.4349,0.4573,0.4107,0.3976,0.4014,0.4833,0.5187,0.4647,1.914,0.854,0.5616,0.4424,0.5783,0.4126,0.5932,0.4312,0.5578,0.5355
6/3/2020,26.2906,0.4575,0.6386,0.6422,0.6843,1.0739,0.5617,0.7757,0.6312,0.752,0.6697,0.5837,0.6422,0.4191,0.5087,0.5087,0.4191,0.5489,0.4703,0.4593,0.527,0.4557,0.3496,0.4739,0.3459,0.5142,0.4447,0.7337,0.4063,0.644,0.4118,0.3898,0.3733,0.4264,0.3843,0.4593,0.4703,0.5288,0.5215,1.2733,0.6019,0.3752,0.6477,0.5965,0.6002,0.5544,0.377,0.388,0.5691
6/2/2020,26.0658,0.5677,0.5117,0.4268,0.7827,0.6815,0.8929,0.8243,0.5912,0.6346,0.4666,0.5569,0.6093,0.5027,0.4539,0.4666,0.4738,0.4937,0.5551,0.4738,0.4882,0.416,0.5262,0.5912,0.593,0.4937,0.4069,0.4015,0.416,0.4882,0.4214,0.3419,0.4304,0.3455,0.4087,0.3997,0.4864,0.5605,0.5334,1.8405,0.8251,0.6165,0.3546,0.4666,0.537,0.4485,0.4846,0.4124,0.3654
6/1/2020,28.2008,0.5646,0.4555,0.5848,0.8515,0.702,0.6555,0.9181,0.8515,0.8414,0.4879,0.9262,0.4697,0.5343,0.5141,0.4111,0.5505,0.601,0.5,0.6535,0.5363,0.4596,0.6192,0.6878,0.4838,0.5848,0.5384,0.6717,0.405,0.5121,0.4515,0.3162,0.3283,0.4656,0.3182,0.4879,0.5161,0.4091,0.5343,1.9325,0.8613,0.4454,0.5121,0.3828,0.4636,0.5323,0.6899,0.5303,0.4515
5/31/2020,27.6385,0.6949,0.6184,0.6753,0.8894,0.6203,0.9856,0.6635,0.691,0.3925,0.4652,0.5339,0.6419,0.5712,0.5869,0.4122,0.5339,0.4141,0.5319,0.6341,0.5398,0.4023,0.5771,0.6026,0.5261,0.4239,0.5575,0.5339,0.3768,0.8089,0.5437,0.3807,0.4809,0.4141,0.4789,0.3454,0.5005,0.4809,0.6125,1.586,0.725,0.691,0.6282,0.6007,0.4239,0.4632,0.4023,0.5948,0.3807
5/30/2020,29.324,0.4353,0.5057,0.4865,0.913,0.9109,0.7744,0.5825,0.7339,0.719,0.8362,0.6081,0.5206,0.4972,0.5057,0.4375,0.4951,0.6593,0.6123,0.5654,0.5292,0.5526,0.429,0.719,0.6251,0.5868,0.527,0.4119,0.4226,0.8959,0.4545,0.429,0.3863,0.4716,0.4652,0.3948,0.4545,0.5974,0.5718,2.3919,1.042,0.4226,0.4311,0.4631,0.4268,0.6017,0.6059,0.6315,0.5846
5/29/2020,25.9535,0.5114,0.6514,0.6442,0.5796,0.8184,0.5042,0.5114,0.6011,0.3983,0.4809,0.7825,0.5581,0.4665,0.4072,0.4521,0.6029,0.427,0.4306,0.5527,0.4557,0.4019,0.366,0.4844,0.5168,0.3354,0.506,0.6209,0.3893,0.6927,0.4683,0.4449,0.4288,0.2959,0.3354,0.4234,0.4521,0.4414,0.5365,2.0543,0.9092,0.4396,0.418,0.5455,0.6029,0.5993,0.5796,0.4826,0.3462
5/28/2020,25.6165,0.563,0.438,0.5366,0.859,0.667,0.6705,0.5736,0.5947,0.741,0.4203,0.8061,0.4292,0.3974,0.5348,0.5243,0.4186,0.5701,0.5313,0.475,0.4591,0.5472,0.4573,0.6353,0.3728,0.3252,0.4503,0.3816,0.3516,0.3922,0.5419,0.3604,0.3693,0.3146,0.3922,0.4256,0.4697,0.5243,0.3904,2.2389,0.9818,0.4062,0.3516,0.3992,0.3869,0.4292,0.5296,0.4943,0.4873
5/27/2020,31.7958,0.664,0.7045,0.8306,1.0114,1.1423,1.0114,1.0804,0.8544,0.7925,0.5069,0.714,0.7996,0.5974,0.6283,0.5474,0.614,0.5617,0.5474,0.7116,0.752,0.495,0.5093,0.4522,0.7806,0.526,0.576,0.6093,0.4974,0.7187,0.6354,0.5165,0.457,0.457,0.4284,0.4284,0.5331,0.4284,0.5641,1.8557,0.831,0.4689,0.4094,0.4784,0.5331,0.6497,0.6521,0.576,0.6569
5/26/2020,27.5267,0.5533,0.4791,0.3932,0.6822,1.0356,0.6783,0.5982,0.6392,0.6529,0.4654,0.7974,0.6997,0.4849,0.4869,0.5006,0.4596,0.6275,0.6021,0.4752,0.608,0.4557,0.5923,0.6353,0.6626,0.5377,0.4908,0.7935,0.3678,0.44,0.4361,0.3717,0.4459,0.3854,0.3815,0.3658,0.44,0.4478,0.5025,1.4546,0.6733,0.6529,0.6333,0.6412,0.5631,0.483,0.6861,0.606,0.4615
5/25/2020,39.7729,0.8593,0.9419,0.9801,0.9292,0.9769,1.2279,1.3772,1.069,1.0214,0.9197,1.1421,0.5193,0.5734,0.7862,0.8148,0.5702,0.5575,0.907,0.7958,0.8816,0.5797,0.7513,0.9006,0.7481,0.4558,0.7608,1.1357,0.5193,0.9515,0.7545,0.4208,0.4812,0.4717,0.6051,0.6147,0.6242,0.6719,0.656,2.5017,1.0852,0.6782,0.926,0.8498,0.7799,0.8434,0.8466,0.6496,0.6591
5/24/2020,22.6953,0.537,0.3753,0.4327,0.5223,0.703,0.7192,0.7486,0.5326,0.4165,0.4606,0.7001,0.393,0.4429,0.4415,0.3944,0.4253,0.3797,0.393,0.4518,0.4488,0.44,0.4576,0.4209,0.4327,0.3724,0.343,0.4385,0.3386,0.5649,0.3989,0.3268,0.4062,0.368,0.3459,0.39,0.3651,0.4797,0.4694,1.157,0.5562,0.4973,0.4811,0.4194,0.4944,0.3636,0.5267,0.4709,0.4518
5/23/2020,30.7849,0.6132,0.5996,0.5381,0.9619,1.3264,0.9527,0.7181,0.677,0.5335,0.4788,0.75,0.431,0.6019,0.6406,0.5517,0.7203,0.5677,0.4583,0.6634,0.5494,0.6748,0.677,0.8024,0.7021,0.4287,0.4811,0.6087,0.4583,0.4857,0.5927,0.4173,0.3558,0.374,0.5289,0.3763,0.5244,0.5586,0.5654,1.882,0.8414,0.7181,0.7887,0.6019,0.5153,0.5153,0.6474,0.7089,0.6201
5/22/2020,30.1103,0.5116,0.7128,0.7836,0.9781,1.1661,0.8012,0.6973,0.8278,0.9162,0.788,0.5337,0.7747,0.5204,0.4386,0.5536,0.6796,0.5072,0.5846,0.4895,0.5204,0.4629,0.5602,0.6575,0.6465,0.4497,0.4231,0.3944,0.4099,0.8963,0.4961,0.3369,0.5072,0.5138,0.3922,0.4762,0.5558,0.4187,0.4231,1.7361,0.784,0.6398,0.7548,0.4762,0.5492,0.6708,0.5602,0.6376,0.4961
5/21/2020,20.3356,0.4072,0.4862,0.464,0.4862,0.7045,0.4886,0.6663,0.3924,0.4578,0.5787,0.4738,0.3591,0.3381,0.4307,0.3961,0.4307,0.3196,0.3332,0.3788,0.4368,0.4183,0.3764,0.3862,0.3381,0.3098,0.3085,0.5034,0.3073,0.5503,0.3677,0.364,0.2925,0.2654,0.2715,0.3492,0.3443,0.4257,0.4233,0.8652,0.4414,0.4849,0.4652,0.3677,0.4442,0.4159,0.4319,0.3455,0.443
5/20/2020,37.4137,0.6814,0.6549,0.6167,1.2608,1.6815,0.9167,0.6726,0.8226,1.0991,0.5814,1.0108,0.6726,0.5932,0.6961,0.7373,0.7991,0.5608,0.8491,0.6785,0.649,0.6873,0.5637,0.5961,0.5843,0.602,0.5579,0.6785,0.5314,1.0726,0.5726,0.4049,0.4432,0.4843,0.5755,0.552,0.5696,0.8785,0.7461,2.9511,1.2619,0.699,0.7226,0.8991,0.8844,0.8138,0.5549,0.8314,0.4608
5/19/2020,28.7626,0.4636,0.6193,0.6899,0.9619,1.0387,0.8144,0.8747,0.5757,0.4656,0.8684,0.7978,0.5944,0.5279,0.5695,0.4532,0.584,0.4802,0.4241,0.5674,0.4947,0.5362,0.5072,0.4906,0.6172,0.3598,0.5612,0.4034,0.3971,0.5944,0.5944,0.3494,0.42,0.4262,0.4864,0.393,0.4511,0.6193,0.584,1.9205,0.8565,0.476,0.6982,0.5321,0.4283,0.5653,0.7314,0.4677,0.4303
5/18/2020,41.1207,1.0775,1.0212,0.6535,1.3093,1.2994,0.7728,1.0079,1.2862,0.7628,0.8788,0.6668,1.0444,0.5774,0.796,0.7794,0.5674,0.6701,0.9781,0.9549,0.8755,0.6602,0.5442,0.7231,0.68,0.6171,0.7695,0.5641,0.5873,1.1172,0.8423,0.3786,0.4482,0.4946,0.5641,0.5608,0.627,0.743,0.6734,3.5968,1.5159,0.6933,0.9351,0.8324,0.6204,0.998,0.8986,0.8324,0.6237
5/17/2020,43.9302,0.6589,0.9643,0.6625,1.0901,1.3021,1.2482,1.4853,1.1296,0.8314,1.223,0.72,0.9823,0.8853,0.623,0.9571,0.7703,0.7487,0.9068,0.9499,0.9284,0.9284,0.5763,0.6841,0.8242,0.7308,0.6661,1.2014,0.526,1.2877,0.8996,0.6194,0.5727,0.6589,0.6948,0.4613,0.6805,0.7954,0.6086,3.2688,1.3869,0.9104,1.1835,0.9607,0.5547,0.6373,1.0326,0.8781,0.6338
5/16/2020,56.2885,1.2966,0.8331,1.1614,2.132,1.9968,1.3691,2.2576,1.9244,1.4125,1.6443,1.6974,1.5091,1.1469,0.7172,0.8475,0.8089,0.8331,0.9972,0.8813,0.9393,1.0021,1.1856,1.3449,1.3932,0.7461,1.1083,0.7606,0.664,1.5622,0.9151,0.5095,0.6302,0.553,0.5868,0.7316,0.8475,1.2773,0.7413,3.7259,1.5667,1.4608,0.891,0.8475,0.7606,1.3111,1.1952,0.7944,0.7703
5/15/2020,53.4801,1.381,0.9353,1.1036,1.5584,1.2354,1.0945,1.1172,1.9768,0.7897,1.5129,1.4447,0.7579,0.9626,0.8716,1.049,0.8807,0.7215,0.8443,0.9808,0.9899,0.7897,0.9899,0.6942,1.1263,0.6442,0.817,0.7625,0.6351,1.4856,0.958,0.6533,0.8807,0.7943,0.8625,0.8943,0.8716,0.8398,0.9853,5.1411,2.1233,1.2536,0.908,1.2946,0.8989,1.2991,1.2582,0.767,0.6442
5/14/2020,50.2215,0.7704,0.9984,1.2475,1.8766,1.6529,1.8006,1.6275,1.8218,1.5135,1.0364,0.9013,1.1378,0.6564,1.0829,1.0913,0.9393,0.8338,0.8802,0.9309,1.0111,0.724,1.0407,0.8042,0.6607,1.0238,1.0955,1.104,0.7071,1.5093,1.0449,0.6564,0.8549,0.6353,0.6564,0.7662,0.7662,1.1335,0.6353,2.0484,0.9069,1.028,1.0027,1.1631,0.6607,1.1462,1.3278,0.6607,0.648
5/13/2020,49.8846,0.8536,0.8452,0.7782,1.7164,1.3436,1.6536,1.9258,1.7834,1.2012,1.2976,1.4232,0.7698,0.9164,0.9583,1.0839,1.1007,0.774,1.1677,0.9415,1.1049,0.9583,0.6358,0.6986,0.7698,0.996,0.7572,1.13,0.6609,1.4525,1.0253,0.774,0.7279,0.5353,0.6106,0.5855,0.7028,0.9373,0.6106,2.9292,1.2533,0.6735,1.0421,0.9709,0.7782,0.9876,1.0002,0.975,1.0672
5/12/2020,56.8501,1.4221,1.1437,1.173,1.6664,2.2233,1.5345,1.3293,1.1974,1.2951,1.2267,0.9336,1.4417,0.7284,0.8994,0.9678,1.256,1.344,0.9776,1.3537,1.3537,1.173,0.8359,1.3879,0.6747,0.958,1.1974,1.7787,0.748,1.2805,0.9971,0.7822,0.6503,0.6063,0.8506,0.9385,0.8457,0.875,1.0802,4.3072,1.7953,0.7333,0.8066,1.0606,0.7968,1.0069,0.8945,1.129,1.1925
5/11/2020,44.1545,0.6258,0.8066,1.0018,1.0525,1.0597,1.4032,1.4357,1.2043,0.7451,0.7777,1.3272,0.9585,0.6367,0.944,0.709,0.6692,0.8464,0.7849,1.0488,1.038,0.7198,0.9078,1.0018,0.6981,0.5138,0.5933,0.8789,0.5571,0.8934,0.7198,0.6439,0.7162,0.5282,0.7054,0.5608,0.7271,0.6981,0.6548,3.174,1.3496,0.9621,1.1175,1.0597,0.9729,0.7668,1.1103,0.9693,0.8789
5/10/2020,40.2224,0.6758,1.0012,0.8627,1.3073,1.6618,0.9883,0.8369,1.2622,0.8176,0.9464,0.8176,0.5501,0.8111,0.5856,0.737,0.5856,0.6081,0.8562,0.8498,0.7531,0.8562,0.9078,0.8498,0.8562,0.5501,0.8079,0.7821,0.5243,0.8691,0.7016,0.4244,0.4116,0.4438,0.4277,0.5727,0.6532,0.6597,0.6597,3.2123,1.3647,0.6339,0.7853,0.563,0.9561,0.6339,0.8208,0.8884,0.8917
5/9/2020,36.4021,0.7972,0.7262,0.8142,1.1863,1.4987,1.1948,0.8398,1.3283,0.641,0.6665,1.1522,0.8398,0.6069,0.5444,0.6949,0.8171,0.5302,0.8,0.8455,0.7887,0.5047,0.499,0.5387,0.5018,0.7035,0.6665,0.729,0.4876,0.5302,0.5785,0.4564,0.5984,0.4251,0.3882,0.4308,0.6523,0.7432,0.499,2.8635,1.2275,0.7915,0.7234,0.6921,0.5132,0.6467,0.5103,0.6836,0.5047
5/8/2020,32.4697,0.6707,0.6145,0.5288,0.8983,0.9644,1.1504,0.8445,1.0256,0.9644,0.5557,0.8371,0.5092,0.4946,0.5019,0.683,0.519,0.5973,0.6781,0.5264,0.5337,0.4725,0.6194,0.4872,0.634,0.4089,0.6291,0.5802,0.4848,0.9228,0.6536,0.3331,0.4187,0.4114,0.5264,0.3869,0.6022,0.5729,0.7197,2.2987,1.0053,0.6194,0.5092,0.7637,0.4358,0.7123,0.7686,0.6952,0.7001
5/7/2020,34.6048,0.7094,0.5258,0.5604,0.7679,1.4171,1.2681,1.1165,1.01,0.6988,0.8398,1.1298,0.7599,0.6455,0.6961,0.5232,0.6695,0.6243,0.8132,0.5418,0.7147,0.6402,0.5764,0.7786,0.4487,0.4753,0.6322,0.9621,0.4673,0.6855,0.6961,0.3582,0.579,0.5285,0.4194,0.4806,0.6243,0.5631,0.744,2.0131,0.8929,0.8424,0.5019,0.5445,0.7307,0.8025,0.5205,0.5817,0.4833
5/6/2020,31.9084,0.5038,0.5253,0.5731,0.7094,1.2258,1.1541,0.7596,0.6018,0.5229,0.8576,1.0465,0.6448,0.4775,0.5181,0.5779,0.5014,0.6544,0.597,0.6137,0.6544,0.4703,0.4177,0.6066,0.707,0.6329,0.499,0.8743,0.444,0.6353,0.5062,0.4034,0.554,0.4631,0.4273,0.4273,0.5444,0.7237,0.487,3.0099,1.285,0.6807,0.5325,0.4512,0.4751,0.5277,0.5372,0.4536,0.4129
5/5/2020,37.7507,0.5891,0.7022,0.6814,1.1663,1.2674,1.1544,0.7974,1.4073,1.2198,0.7349,0.9432,0.8599,0.7349,0.4999,0.7349,0.6397,0.6427,0.8331,0.6248,0.8628,0.6248,0.482,0.8688,0.8866,0.7081,0.7885,0.6486,0.5623,1.0532,0.6159,0.4017,0.6635,0.6308,0.4552,0.5207,0.6486,0.6962,0.5713,1.9602,0.8722,0.5951,0.848,0.8063,0.7379,0.8777,0.9164,0.6665,0.5475
5/4/2020,33.3688,0.6309,0.8415,0.6309,1.0292,1.1789,1.1256,0.943,1.1941,0.877,0.7096,0.5447,0.8795,0.4559,0.6258,0.7501,0.5497,0.466,0.7552,0.7146,0.7172,0.5447,0.6614,0.7121,0.4533,0.5371,0.433,0.8947,0.5117,0.5929,0.5244,0.4939,0.3671,0.3696,0.4153,0.5624,0.5269,0.74,0.5117,2.0748,0.9172,0.4762,0.4077,0.7907,0.6461,0.7679,0.7831,0.5117,0.5218
5/3/2020,34.1553,0.6401,0.5642,0.5747,1.001,1.1736,0.7918,1.1239,0.7238,0.8389,0.5145,0.9539,0.8389,0.4805,0.5511,0.525,0.4962,0.6035,0.6741,0.6872,0.6715,0.7002,0.7944,0.7578,0.7421,0.5695,0.6375,0.9722,0.4936,0.8624,0.5668,0.5355,0.3681,0.5668,0.4596,0.5171,0.6113,0.7813,0.5695,1.5126,0.6961,0.7709,0.8545,0.8101,0.797,0.8101,0.8545,0.6532,0.4622
5/2/2020,29.8858,0.4381,0.7269,0.6438,1.0071,0.7269,0.7795,0.9436,0.7795,0.948,0.635,0.8254,0.5365,0.495,0.5781,0.4534,0.6241,0.5672,0.5103,0.5672,0.5212,0.5934,0.6635,0.5453,0.5212,0.4271,0.5847,0.8736,0.4118,0.5847,0.5584,0.5168,0.4928,0.4227,0.4227,0.449,0.5147,0.4074,0.4971,1.8929,0.8457,0.6394,0.4774,0.3877,0.5475,0.5475,0.7138,0.519,0.5212
5/1/2020,36.0652,0.7673,0.6971,0.8795,1.1658,1.1798,0.843,0.9188,1.1265,0.5455,0.8655,0.7532,0.8964,0.6466,0.5175,0.495,0.7532,0.6803,0.8374,0.8094,0.7869,0.6662,0.4361,0.568,0.8543,0.6943,0.5624,0.4585,0.5063,1.0423,0.5568,0.4754,0.6157,0.481,0.5905,0.4333,0.6073,0.7616,0.8009,2.477,1.0754,0.5455,0.9132,0.5147,0.7504,0.5652,0.8627,0.5231,0.5624
4/30/2020,45.3906,0.7238,0.9893,0.9182,1.3146,0.9556,1.1201,1.2024,1.494,1.3968,0.8397,1.4454,1.0266,0.8846,0.8771,1.0266,0.9257,0.7088,1.0753,1.0229,1.0379,0.9855,1.0678,0.821,0.9893,0.6752,0.922,0.7238,0.6677,1.0416,0.664,0.6303,0.5069,0.7238,0.5107,0.7425,0.7612,0.9967,0.7574,2.2222,0.9752,0.892,1.2286,0.9556,0.6266,0.6827,0.8995,0.9967,0.7387
4/29/2020,52.4687,1.1316,1.0471,1.1583,1.6341,1.4118,1.8298,1.8031,1.3051,1.145,1.5808,1.3896,1.2473,1.0471,0.9716,1.0294,0.9671,0.9582,0.9137,0.847,1.0738,1.0383,1.1138,1.3406,0.7937,0.7136,0.8115,1.0071,0.8026,1.3629,0.936,0.7803,0.6958,0.7003,0.5002,0.6647,0.8604,0.7714,1.1361,2.7709,1.191,1.2117,1.1494,0.8293,0.6336,1.2384,1.0116,0.8915,1.0205
4/28/2020,54.9404,1.3214,0.8942,1.4763,1.5186,1.3449,1.3824,1.9129,1.8471,1.8143,1.0491,1.3777,0.9365,1.0538,1.0445,0.9412,1.1712,0.8144,1.0491,1.2745,0.8285,1.1149,0.6924,1.1947,0.8802,0.7112,0.9693,1.373,0.8332,0.8708,0.9318,0.6595,0.5328,0.5328,0.8802,0.7253,0.8567,0.9928,0.9834,3.5895,1.513,1.0679,1.4481,0.9271,0.9975,0.7816,1.4059,1.2651,1.1571
4/27/2020,41.795,0.9575,0.9034,1.0318,1.0589,1.4036,1.4543,1.2616,1.0453,1.3258,1.1602,1.3292,1.042,0.7141,0.731,0.6905,0.7953,0.6736,0.7581,0.8764,0.6398,0.7479,0.677,1.0318,0.5384,0.6432,0.802,1.1265,0.606,1.1535,0.8189,0.5452,0.4235,0.4269,0.6668,0.6668,0.6837,0.7412,0.9135,1.782,0.8021,0.6567,1.1231,0.508,0.731,0.6702,1.0893,0.7344,0.633
4/26/2020,40.6719,0.7057,0.7417,0.6012,1.2318,0.9116,1.5193,1.1534,1.1664,1.271,1.088,1.3396,0.5555,0.7286,0.6894,0.9018,0.7482,0.9214,0.9214,0.9246,0.892,0.5522,0.5914,0.8691,0.8789,0.7613,0.8462,0.5424,0.5457,0.941,0.6273,0.5457,0.5326,0.5849,0.6208,0.6567,0.7156,0.9835,0.7515,1.8831,0.8418,0.9769,0.5457,0.9671,0.905,0.7025,0.6894,0.7744,0.8266
4/25/2020,44.2671,0.9428,1.0371,1.1676,1.6065,1.5194,1.1531,1.6899,1.679,1.1894,1.32,1.3744,0.7288,0.8775,0.6273,0.8993,0.6599,0.6091,0.8521,0.6962,0.95,0.7506,0.9101,0.7977,1.077,0.5982,0.921,1.0371,0.6817,0.8811,0.7143,0.6273,0.7252,0.4786,0.4677,0.7506,0.7687,0.678,0.6091,1.8195,0.8168,0.7179,0.9609,0.7868,0.7361,0.9718,0.7614,0.7469,0.8956
4/24/2020,45.8398,0.8024,1.1051,0.704,1.1392,1.4532,1.1089,1.6311,1.7559,0.7343,1.0635,0.8175,0.6132,0.8781,0.6434,0.7608,0.791,0.931,0.7759,0.7267,0.9575,0.9802,1.0824,0.8856,0.9916,0.5526,0.8175,1.0673,0.6018,1.1429,0.8251,0.704,0.4467,0.5905,0.4883,0.6548,0.7494,0.6018,1.071,4.0067,1.6771,0.8516,0.8364,0.8364,0.8326,0.7532,0.8554,0.8743,0.6699
4/23/2020,54.8279,1.3655,0.9862,1.4591,1.8759,2.2739,1.1875,1.6371,1.7495,1.0189,1.7448,1.4029,1.4076,0.7473,1.1173,0.8129,0.7473,0.8878,1.2859,1.1079,1.0845,0.8831,0.7614,1.2624,1.3374,1.1313,0.9674,0.9346,0.8316,1.3046,1.0892,0.8316,0.7052,0.5413,0.8644,0.6724,0.7895,1.2718,0.752,2.2773,0.9969,0.9627,1.5387,1.2343,1.1032,0.8691,1.1454,0.8223,1.047
4/22/2020,61.5694,1.147,1.4202,0.9381,2.2559,1.613,1.3559,1.3505,1.2648,1.1202,1.4416,1.5273,0.7774,1.1577,0.8202,1.1256,1.3505,1.297,1.1684,1.388,1.297,1.2113,1.1416,1.0988,1.1898,1.0988,0.7399,0.8684,0.7184,1.388,1.0077,0.8899,0.8363,0.5631,0.5899,0.6434,0.8899,1.4309,1.1952,6.9679,2.8419,0.9274,0.8095,1.3505,1.072,1.3184,0.8256,1.1952,0.9434
4/21/2020,59.6592,0.8176,1.205,1.608,1.5615,2.7703,1.9024,1.236,2.3364,1.8766,1.5615,1.4788,0.7711,1.1999,1.1895,1.081,1.3807,1.3703,1.1017,1.3858,1.2515,1.1689,1.1689,1.267,1.05,0.6729,1.1482,1.5615,0.7917,1.2463,0.9054,0.6781,0.9571,0.6884,0.5644,0.9571,0.8692,0.7401,1.267,2.6025,1.1248,0.8537,1.5511,1.0087,1.05,1.143,1.174,1.1689,1.1947
4/20/2020,55.6144,1.0094,0.8047,1.2904,1.5808,1.3761,1.2189,2.2379,1.2761,1.6189,1.5903,1.2856,0.9904,0.9523,0.7666,0.8618,1.0999,0.9142,0.8523,1.3142,1.2094,1.2332,0.8047,0.7333,1.338,0.9475,1.0999,1.038,0.7285,1.7094,0.9523,0.8047,0.5476,0.9047,0.8142,0.5809,0.7952,0.719,0.9428,4.4349,1.8455,0.9047,1.4999,0.9904,0.8428,1.2285,0.7714,0.9047,1.2475
4/19/2020,45.1661,0.884,0.7316,1.0921,1.2928,1.3857,1.5938,1.2928,0.8765,0.91,1.1962,1.5827,0.8208,0.9323,0.7539,0.936,0.9063,1.0215,0.8765,1.0178,0.8319,0.8431,1.0401,0.7316,0.8877,0.91,0.7576,0.5643,0.5718,1.1962,0.7762,0.7576,0.542,0.6312,0.5012,0.5197,0.765,0.7911,0.6944,2.3966,1.0438,0.9732,1.1218,0.8171,0.6424,1.0958,0.9174,0.7688,0.9732
4/18/2020,41.6829,0.7056,0.8908,1.0929,1.066,1.77,1.4331,1.0087,1.3725,0.9919,1.0626,1.2411,0.9683,0.6214,0.874,0.8033,0.6551,0.7494,0.8673,0.7157,0.9582,0.8167,0.8033,0.6888,0.5439,0.8235,0.6113,1.002,0.5405,0.8673,0.6517,0.4968,0.5843,0.6854,0.6955,0.645,0.6214,0.6146,0.8033,1.6848,0.7638,1.0593,1.1334,0.5035,0.7258,0.8437,0.9751,0.7898,0.8605
4/17/2020,42.8064,0.9846,1.103,0.8384,1.2909,1.4858,1.4197,1.4197,1.5172,0.8454,0.7653,0.6296,0.7236,0.7201,0.7166,0.6679,0.9324,0.7619,0.6957,0.6505,0.922,0.6679,0.8001,0.7479,1.096,0.8593,0.5565,1.1761,0.5669,1.2213,0.8663,0.473,0.727,0.6261,0.6331,0.5774,0.7862,0.9568,0.5669,1.8454,0.827,1.0194,1.1691,0.9428,0.7166,1.0055,0.8837,0.6922,0.7096
4/16/2020,46.2893,1.2273,0.8674,0.8176,1.7327,1.4111,1.1507,1.2043,1.5681,0.6912,0.7716,1.2579,1.0818,0.8635,0.8099,0.6453,0.6568,0.9171,1.0358,0.9439,0.7602,0.9018,1.0818,0.7678,0.7027,0.8865,0.7602,0.561,0.6147,1.3536,0.9439,0.5534,0.718,0.7295,0.607,0.7716,0.8061,0.9401,0.9286,2.868,1.2292,0.7104,0.8367,1.078,1.0205,0.9631,1.0167,0.8406,0.6836
4/15/2020,41.795,0.5959,0.6263,0.8088,1.0825,1.1298,1.4374,1.0622,1.0014,0.8966,0.7378,1.0284,0.8595,0.8189,0.8966,0.6837,0.8122,0.6161,0.7412,0.9575,0.7412,0.8628,0.5181,1.0656,0.5823,0.7344,0.6871,1.069,0.5959,1.2278,0.7547,0.4539,0.41,0.535,0.5519,0.6466,0.6601,0.7243,0.5688,3.8243,1.6054,0.6432,1.1569,0.846,0.7446,0.7851,0.5553,0.8628,0.5891
4/14/2020,44.7162,0.8826,0.9487,0.8019,0.9781,1.1837,0.9708,1.3159,1.0222,0.7725,0.8055,0.934,0.8239,0.8165,0.644,0.8679,0.8129,0.7027,1.0515,0.6807,0.8569,0.7468,0.7578,1.0038,1.158,0.7101,0.5595,1.0809,0.5962,1.2021,0.7982,0.4384,0.4714,0.6513,0.5742,0.6073,0.7615,0.9524,0.9891,4.3433,1.8095,0.8937,0.5118,0.901,1.0662,0.9267,0.7431,0.688,0.901
4/13/2020,36.0652,0.7308,0.5848,0.5119,0.8571,1.4212,1.3398,1.3454,0.7224,0.742,1.0142,0.5961,0.5876,0.5259,0.4922,0.641,0.8487,0.7616,0.5989,0.6943,0.6859,0.582,0.5484,0.5764,0.5792,0.5792,0.481,0.7813,0.5427,0.9469,0.6438,0.5231,0.4754,0.3996,0.3743,0.5034,0.554,0.4726,0.8234,2.8778,1.2331,0.7588,0.8767,0.7392,0.5736,0.7252,0.7504,0.7841,0.6578
4/12/2020,43.5929,0.996,1.0173,0.8429,1.1028,1.658,0.8856,1.0743,0.8821,1.1811,0.7682,1.2843,0.7967,0.7504,0.7362,0.5938,0.9817,0.9319,0.9319,0.8073,0.7219,0.8785,0.7824,1.0458,0.7931,0.544,0.8394,0.6045,0.6721,1.0173,0.8465,0.7362,0.4728,0.4265,0.4941,0.5368,0.7112,0.996,0.6472,4.0265,1.6849,0.6365,0.996,0.5795,0.5368,0.9639,0.7468,0.6009,0.8323
4/11/2020,40.447,1.0492,0.6112,0.5495,1.3283,1.205,1.1433,1.0849,1.5229,1.179,0.9,1.2634,0.8156,0.8383,0.6956,0.728,0.6793,0.8351,0.8318,0.8545,0.6761,0.7929,0.9227,1.046,0.7507,0.6696,0.6599,1.192,0.582,0.9194,0.6826,0.5398,0.4879,0.4944,0.5723,0.6696,0.741,0.7799,0.5755,2.2811,0.9984,0.6436,0.7183,0.6663,0.8513,0.6242,0.7215,0.5787,0.4944
4/10/2020,41.4583,1.0098,0.9864,0.5815,1.4046,0.9128,1.0567,1.2373,1.0567,0.6117,1.2239,0.7622,0.9462,0.7522,0.615,0.9195,0.5782,0.9161,0.9797,0.8091,0.8158,0.7823,0.5882,0.8559,0.528,0.6117,0.7221,0.625,0.6451,1.2708,0.6987,0.5882,0.5815,0.4343,0.4879,0.6016,0.6284,0.6685,0.8626,3.3748,1.4286,0.5381,0.9697,0.6284,0.7154,0.9496,1.0132,0.9496,0.5347
4/9/2020,49.2101,1.2793,1.0733,1.0197,1.1969,2.2684,0.9579,0.8466,1.6132,0.9703,0.826,1.3164,0.8755,0.6818,0.6571,1.0609,0.9167,0.723,1.0403,0.8054,0.8878,0.9538,0.9538,1.2217,1.1557,0.9991,0.8672,1.1104,0.6694,1.539,0.8631,0.4675,0.6694,0.4922,0.8219,0.8096,0.8096,1.0444,0.9002,3.0149,1.287,1.2587,0.7065,1.1887,1.1763,0.8343,0.6653,1.0774,0.6365
4/8/2020,47.8624,0.7168,1.1871,0.9838,1.4622,2.2196,1.1234,0.8563,1.3386,1.1991,0.7447,0.7487,1.1513,0.8443,0.6849,0.9161,1.0117,0.7965,0.924,1.0715,0.8961,0.7686,0.8563,0.7726,0.8364,0.7845,0.7726,0.9041,0.6211,1.3745,0.9679,0.5214,0.7048,0.7327,0.7447,0.7168,0.8045,1.0038,0.7766,3.9946,1.6723,0.7845,0.8403,0.8164,0.7407,0.8324,1.1353,0.8722,0.6331
4/7/2020,57.4124,0.7744,0.8486,1.4909,1.5206,2.321,1.6639,2.1629,1.7232,1.402,0.9968,1.6392,1.3773,1.1599,1.1549,1.1599,1.3328,0.9671,1.2933,1.0363,1.0314,0.8436,0.9424,0.9375,1.3279,1.1895,0.9721,0.6707,0.6904,1.2439,0.8535,0.5224,0.6361,0.9128,0.814,0.7497,0.9029,1.1697,1.0956,4.4612,1.8559,1.1697,0.6608,1.066,0.7003,0.814,1.5206,0.9671,0.6657
4/6/2020,40.2224,1.0044,0.6113,0.5501,1.1366,1.6618,0.8111,0.6887,1.3041,1.1784,0.9787,0.824,0.5856,0.5727,0.8337,0.8208,0.7467,0.9303,0.795,0.7306,0.8788,0.7467,0.9239,0.6983,1.0077,0.8176,0.8337,0.8304,0.4889,1.1978,0.5984,0.6887,0.447,0.5469,0.4631,0.6564,0.621,0.7531,0.7273,2.5718,1.1127,0.7241,0.7112,0.6339,0.7853,0.8433,0.6887,0.5952,0.8659
4/5/2020,36.5146,0.8596,0.9109,0.5374,1.1818,1.2958,1.3358,0.9109,0.7598,0.908,0.697,1.2816,0.8852,0.5858,0.6086,0.8082,0.7712,0.7968,0.6742,0.7199,0.7997,0.5231,0.5516,0.7427,0.6685,0.6742,0.6571,0.7826,0.4518,0.563,0.7598,0.4319,0.3777,0.372,0.5659,0.6001,0.5915,0.6343,0.8139,2.2275,0.9773,0.9023,0.5345,0.6486,0.5088,0.5716,0.7256,0.7968,0.5317
4/4/2020,44.4914,0.8564,0.8162,0.6009,1.4256,1.6044,1.13,1.1775,1.5935,0.7761,0.8783,0.6958,0.6848,0.725,0.9074,0.6557,0.8527,0.6739,0.7213,1.0023,0.7797,0.9366,0.7432,1.0936,0.6994,0.8673,0.9293,1.068,0.6155,1.3162,0.7688,0.4732,0.6484,0.6447,0.59,0.7104,0.7724,1.0352,0.8637,2.4635,1.0701,1.1519,1.0498,0.9585,0.5535,0.9804,0.9987,0.9585,0.9731
4/3/2020,53.4798,1.4174,1.2536,0.7033,1.6902,2.4998,1.4219,1.0217,1.8176,1.7357,1.1536,1.7539,1.3901,1.0444,0.8534,1.19,1.1536,1.0899,0.9398,0.9216,1.1945,0.9489,0.6397,1.2309,1.2855,0.9989,0.958,1.1854,0.6488,1.1627,1.0126,0.7488,0.6397,0.6806,0.676,0.8489,0.7806,1.1081,1.19,1.5996,0.7303,0.7443,1.0353,1.2491,1.008,1.099,1.3901,0.8625,0.7715
4/2/2020,48.7612,0.9941,0.9982,1.1653,1.6667,1.2061,0.9493,1.5811,1.039,1.2509,0.8311,0.9126,0.8107,0.9615,0.6476,0.9452,1.1082,1.0716,1.0145,1.1572,0.9126,0.8718,1.1409,0.6476,0.88,0.9982,0.6925,1.0145,0.6884,1.0186,0.7455,0.5947,0.5661,0.7618,0.5417,0.7536,0.8922,0.8107,0.9248,3.8936,1.6327,1.1653,0.615,1.0308,0.615,1.1205,0.7903,1.039,1.0919
4/1/2020,49.8847,0.6944,1.0462,0.7907,1.1887,1.4944,1.2222,1.9258,1.3897,1.3394,1.2892,1.7792,0.841,0.686,0.9248,1.1216,0.841,0.8955,0.7782,1.0421,0.8368,0.975,0.5981,0.9667,1.1342,0.8075,0.9918,0.5981,0.7363,0.7949,1.0421,0.7614,0.5729,0.64,0.5981,0.8075,0.707,1.2138,0.707,4.6547,1.932,0.8033,0.6651,0.9541,0.841,0.8536,0.8159,0.8578,0.7279
3/31/2020,60.2212,1.4095,1.467,0.9186,2.0048,1.9161,1.5923,1.4252,1.232,1.9056,1.8325,0.9656,1.0283,0.8769,1.279,0.7933,0.9813,1.0022,1.2529,1.42,1.3939,0.9291,0.856,1.3782,0.7411,0.8038,0.8978,0.9239,0.7933,1.9213,1.0074,0.7202,1.0231,0.6001,0.6993,0.5897,1.1014,1.3678,1.3573,4.7991,1.9888,0.7777,1.3208,1.4617,1.2894,0.8455,1.2476,0.9239,1.1589
3/30/2020,57.1874,1.175,1.2094,0.8504,1.9915,2.2079,1.5242,2.2571,1.2881,1.6718,1.4505,1.0029,0.8455,0.7569,0.9389,0.7766,0.9291,1.1307,0.9684,0.8553,1.1504,0.9881,0.8996,0.9438,0.8159,0.9586,1.0816,1.2783,0.7963,1.0373,0.9783,0.8405,0.811,0.9487,0.6241,0.9487,0.7913,1.1111,1.0766,5.1654,2.1329,1.3472,0.7274,1.116,1.175,1.1357,0.7815,1.0029,0.693
3/29/2020,43.256,0.8013,0.9775,0.8083,1.1891,1.1997,1.45,0.8824,1.3548,1.1715,0.8612,0.6391,1.0304,0.6743,0.8683,0.6567,0.7907,0.8224,0.9352,0.7413,0.7026,0.8718,0.6532,0.8365,1.0904,0.7343,0.5615,1.316,0.551,1.3513,0.6849,0.6708,0.5263,0.6708,0.6179,0.5369,0.7449,0.5827,0.5651,3.1448,1.3381,0.759,0.9352,0.9881,0.9917,1.0481,0.5686,0.8013,0.558
3/28/2020,49.0981,0.816,1.1284,1.0462,1.8188,1.1612,1.4571,1.6462,1.0297,1.5393,1.0873,1.4119,1.2434,0.7133,0.9558,1.0092,1.0749,0.6845,0.8571,1.0873,1.0996,0.9763,0.8736,0.7503,1.1695,0.7133,0.9023,0.9023,0.6557,0.8201,0.9105,0.6393,0.553,0.4626,0.7996,0.7503,0.7749,1.1407,1.0749,2.2786,0.9974,1.1777,1.1366,1.1078,0.5694,1.116,1.001,1.1078,0.8694
3/27/2020,53.4801,1.0945,0.817,1.0854,1.2764,2.1359,1.8949,2.1223,1.6129,0.9717,0.7534,1.8221,1.3128,0.9944,1.1536,1.1809,1.0945,0.8671,1.24,0.9125,1.1763,0.6942,1.1809,1.3719,1.2582,1.0035,0.7215,0.9626,0.6624,1.0854,1.0854,0.8125,0.6351,0.7488,0.5214,0.6533,0.908,0.8443,1.0444,2.321,1.014,0.8807,1.3673,1.1718,1.0035,1.1217,0.8989,1.008,0.9808
3/26/2020,52.8059,0.9328,0.8388,1.0314,1.7214,2.2457,1.363,1.139,1.6587,0.7671,1.2375,0.9239,0.776,0.7626,1.0897,0.8208,1.1076,1.1076,0.9149,0.9597,0.8029,0.7223,0.9418,1.0225,0.6237,0.7581,1.1524,0.7312,0.7088,1.1793,0.9956,0.4937,0.9104,0.8522,0.8164,0.8746,0.9328,1.1255,0.7402,4.3021,1.7933,1.3361,1.4436,0.9239,1.0852,0.9328,0.8746,1.1748,1.1569
3/25/2020,48.0869,1.0406,0.78,0.8281,1.7541,1.0406,0.9163,1.1929,1.5136,1.4094,1.1528,1.2891,0.9884,0.8121,0.6918,0.6517,0.7239,1.0165,0.8682,0.8882,0.8842,0.7319,0.5836,1.0245,0.788,0.9804,0.7159,1.3372,0.6798,1.1328,0.8962,0.7519,0.772,0.6918,0.6637,0.5315,0.8562,1.1247,0.78,3.7112,1.5609,1.261,0.7559,0.9965,0.7118,0.792,1.0566,0.8762,0.8802
3/24/2020,42.2446,0.6598,0.8276,0.7386,1.5228,0.9098,1.2762,0.7557,1.4371,0.9166,0.7899,0.9885,0.5536,0.6564,0.8995,0.8139,0.8002,0.6598,0.8653,0.6529,0.9029,0.7762,0.6906,0.9748,0.6872,0.5365,0.9235,1.2522,0.5297,0.9577,0.8824,0.5845,0.6906,0.5262,0.5194,0.4646,0.6118,0.8892,0.855,2.9955,1.2794,1.0262,0.7522,0.9817,0.5091,0.9954,1.105,0.694,0.9269
3/23/2020,46.7387,0.9686,0.7942,0.9686,1.4063,2.03,1.6194,1.1313,1.0848,1.325,1.0305,1.3598,0.7594,0.7284,0.9066,0.9918,0.8678,0.7865,0.9724,0.8988,0.9763,0.7477,0.8059,0.616,0.5773,0.9259,0.6315,0.6277,0.6664,1.3133,0.9531,0.7787,0.7051,0.5889,0.4766,0.7206,0.678,0.6277,0.6083,3.617,1.5238,1.0305,1.0654,1.0112,0.647,0.7865,0.7594,0.678,0.9647
3/22/2020,48.7609,1.1042,1.2835,0.7047,1.6259,1.9398,1.4832,1.1123,1.5036,1.4955,1.0308,1.3447,1.1082,0.9615,1.0186,1.0145,1.0593,0.6721,0.7781,1.0919,0.8392,0.7332,0.7169,1.0716,0.611,0.9656,0.6476,0.7373,0.7414,0.7495,0.9656,0.5131,0.8311,0.7699,0.5009,0.6925,0.7822,1.0063,0.8963,3.1447,1.3381,0.9167,1.1938,0.9167,0.7292,0.6925,0.8148,0.8148,1.096
3/21/2020,47.0759,0.8544,0.7333,1.0185,1.124,1.4796,1.4405,0.7919,1.0693,1.3468,1.0654,1.2334,1.0537,0.87,0.6356,0.7528,1.0459,0.8935,1.042,1.1045,1.042,0.788,1.0459,0.8231,0.6668,0.6825,1.0107,1.2217,0.5848,1.2139,0.7684,0.4949,0.7255,0.5301,0.6239,0.5613,0.702,0.9443,1.0224,3.5348,1.4915,1.2256,0.5809,0.6473,0.9365,0.7176,1.1787,1.1045,0.6512
3/20/2020,52.9181,0.8135,0.8898,0.6922,1.9903,2.0937,1.9275,2.0532,1.5052,1.7208,0.7461,1.2088,1.2717,1.0111,1.0605,0.7147,0.9482,0.9437,0.9213,0.9977,1.1144,0.6787,0.6383,1.1234,0.8674,0.5619,0.8809,0.9303,0.809,1.2222,0.8359,0.7731,0.4991,0.6114,0.6967,0.7641,0.8539,1.0111,1.0605,3.6387,1.5324,1.3929,1.1369,1.1594,1.2537,1.0201,0.6967,0.7057,0.9393
3/19/2020,55.9519,1.212,1.1497,0.7996,2.0032,1.9984,1.6004,1.0634,1.5908,0.9387,0.9723,0.9003,1.188,0.7709,1.0442,1.188,1.049,1.1545,1.1257,0.9531,1.0586,1.0538,1.0682,0.7373,1.3655,0.9866,0.9435,0.8668,0.8332,1.0106,1.1497,0.8907,0.7804,0.7229,0.6462,0.6366,0.862,1.1593,0.8236,4.6199,1.9183,0.838,1.3511,1.26,0.8764,1.2264,1.4614,1.1976,0.9051
3/18/2020,60.7825,1.2012,1.122,0.8212,1.6393,2.658,1.861,2.2305,1.2382,1.9771,1.2223,1.4071,0.9162,1.2012,1.0112,1.1748,0.9901,0.7948,1.4018,1.159,1.0323,0.9267,1.3068,1.5812,0.6998,0.7578,0.7842,1.6551,0.7948,1.2593,1.1959,0.6417,0.8159,1.0006,0.6839,0.8845,0.9267,1.0323,1.3015,4.5269,1.8817,1.5918,0.9742,1.481,1.1431,0.9901,0.9742,0.9795,0.932
3/17/2020,66.6256,1.7144,1.0578,1.2336,2.541,2.0251,2.201,2.6993,1.6675,2.0896,1.4623,1.2161,1.2864,0.8409,0.8702,1.0167,1.4037,1.1223,1.1398,1.1516,0.9933,1.3802,1.4564,1.1516,0.9171,0.7529,1.0754,1.8258,0.9757,1.345,1.304,1.0343,0.794,0.6298,0.7471,1.005,1.0695,1.603,1.2981,3.6968,1.5552,1.3099,1.3978,1.4388,1.2336,1.603,1.7261,1.2688,1.2981
3/16/2020,62.9173,1.287,1.5012,1.5231,1.4682,2.6874,1.2156,1.9899,1.968,1.6494,1.0948,1.611,1.1881,0.7872,1.0069,0.9849,0.8202,0.952,1.4792,1.4902,1.1826,1.265,0.8861,1.4408,1.5341,1.0893,1.3639,1.4902,0.7708,1.7757,1.0673,0.7817,0.8202,0.6499,0.9849,1.0453,1.0618,1.1442,1.0673,3.4538,1.4596,1.3419,1.1607,1.3474,1.2485,1.4408,0.8586,1.276,1.2046
3/15/2020,53.9297,1.0577,0.8464,0.7316,1.8431,2.3713,1.4527,1.7329,1.2093,1.641,1.099,1.517,0.8969,0.828,0.998,0.851,0.8143,1.1955,1.246,1.0164,1.0026,0.7408,1.1312,1.2644,1.3333,0.9612,0.8051,0.7729,0.7546,1.3011,1.0026,0.7867,0.6076,0.874,0.626,0.6443,0.9429,0.7316,0.7913,3.229,1.3712,1.2093,1.2782,1.1587,0.6765,1.2139,1.3838,0.9199,1.0669
3/14/2020,54.9407,1.1289,1.3636,1.1196,1.4669,1.3918,1.5937,1.9316,1.4998,1.7439,0.8989,1.589,0.8802,1.0961,0.8473,0.9412,1.1759,0.9787,1.3073,1.2134,1.1243,0.8661,1.2885,1.0726,0.6408,0.8567,0.9693,0.7863,0.7018,1.3496,1.0304,0.6502,0.5563,0.5328,0.7206,0.7675,0.8708,1.1712,0.6783,3.6569,1.5395,0.791,1.5232,1.2979,0.6408,1.2369,1.2745,1.0632,1.1149
3/13/2020,60.4458,1.3624,1.3677,1.2156,1.3939,2.5162,1.4935,2.275,1.6614,1.5617,1.9079,1.0425,1.4516,0.8222,1.2838,0.9219,0.9062,0.8957,1.4044,1.1526,1.2051,0.9534,0.6754,1.4044,1.5145,1.1264,0.9114,0.859,0.6911,1.3519,1.1002,0.9219,0.5967,0.7436,0.6177,0.9376,1.0792,0.8799,1.31,4.3108,1.7968,0.9271,0.6597,1.0006,1.0635,1.4411,1.6089,1.3834,0.7383
3/12/2020,57.9745,1.0912,1.1512,1.1811,1.516,2.3155,1.3061,1.501,1.2911,1.7758,1.5759,1.486,1.0712,1.2011,0.8763,0.9513,0.8313,1.0462,1.1811,1.0262,0.9663,0.9613,1.1262,0.8663,1.3361,0.8063,0.9413,1.7059,0.6964,1.3111,1.0562,0.5815,0.9263,0.7514,0.5515,0.6764,1.0162,1.3061,1.2361,4.5101,1.8751,0.9213,0.7863,1.3311,1.3311,0.8863,0.7514,1.3361,1.0512
3/11/2020,66.288,1.449,1.2625,0.8661,1.927,2.7547,2.1893,1.9328,1.4548,1.5248,1.7987,1.006,1.2508,1.3149,0.8778,1.0468,1.0934,1.4082,1.5598,1.5423,1.1051,1.4548,1.4082,1.2741,0.8545,1.1517,1.3907,1.2042,0.7495,1.2217,1.2042,0.8078,1.0934,0.8836,0.6563,1.0876,1.1925,1.076,1.006,4.99,2.0639,1.6239,1.5598,1.2625,1.2508,1.3383,1.28,0.9128,0.9244
3/10/2020,75.3885,1.8581,1.2786,1.7031,2.1209,2.3298,1.7368,2.4242,2.2153,2.5387,2.2355,2.4242,1.9996,1.4673,1.5077,1.629,1.4673,1.4807,1.8244,1.7031,1.4066,1.3527,0.9888,1.784,1.9525,1.1977,1.1505,1.8918,0.9753,1.6223,1.474,1.1168,0.8877,1.1708,1.2247,0.7529,1.2449,1.8649,0.8877,1.4387,0.667,1.8514,1.757,1.6223,0.8608,1.5549,1.6088,1.4942,1.6425
3/9/2020,64.8276,1.6215,1.3089,0.9225,2.5023,2.1045,1.9511,2.3091,2.2068,1.2862,1.6953,1.0077,1.1214,0.9509,0.9225,1.1896,0.9907,1.1327,0.8997,1.11,1.3487,1.2975,1.1441,0.9509,1.1384,1.0418,0.8713,0.7406,0.7634,1.9851,1.0134,0.7349,0.8827,1.0304,0.6156,0.9736,0.9338,0.8031,1.218,5.8602,2.4062,0.9225,1.6896,1.5078,1.1555,1.0873,1.2691,1.0248,1.1839
3/8/2020,51.2335,1.2994,0.8281,1.04,1.9479,2.0646,1.4464,1.4637,1.3902,0.6509,0.9924,0.8325,1.0875,1.0011,0.7028,0.8238,0.7244,0.7114,1.2302,1.0789,0.7935,0.8887,1.0356,1.1783,0.9016,0.8108,0.6466,0.893,0.6293,1.4853,0.9751,0.6206,0.6725,0.5731,0.5601,0.5385,0.8325,1.1524,1.1567,4.2438,1.7704,0.9838,1.3556,0.7373,0.88,0.7287,1.3253,0.6725,0.8757
3/7/2020,56.8506,1.3782,1.4221,1.2853,1.3098,2.2184,1.5394,1.0509,1.0802,1.5736,0.7871,1.2414,0.8359,1.0215,0.8506,1.2463,1.0313,0.7431,1.2365,1.3049,0.8603,1.2511,0.6307,1.3782,0.8603,0.958,1.0997,1.0362,0.6943,1.2267,0.8945,0.7138,0.6943,0.5624,0.6307,0.9092,0.9092,0.8506,1.2267,5.6185,2.3111,1.4612,0.9483,1.3195,0.7333,1.0851,1.2463,0.8945,0.6894
3/6/2020,62.4681,1.0654,1.1308,0.7876,2.4053,1.6319,1.5284,2.2256,1.5447,0.902,1.6155,1.9314,1.3976,0.793,0.9347,1.256,1.4467,1.4031,0.9129,1.1634,1.305,0.8148,1,1.2016,1.4303,1.2833,0.8148,1.7081,0.8475,0.9456,1.109,0.9456,0.6787,0.6351,1.0218,0.853,1.1362,1.4739,0.951,4.7052,1.9519,0.8475,1.109,1.2778,1.5011,1.4303,1.4085,0.951,1.0545
3/5/2020,58.6481,0.9213,1.5038,1.1695,1.3012,2.5978,2.1521,2.1065,1.6557,1.1037,1.757,1.2505,1.3164,1.0885,1.1695,1.0226,0.9973,1.1239,1.3468,0.9416,1.1037,0.815,1.0378,0.8605,0.8048,0.9011,0.9821,0.8757,0.6833,1.3366,0.8757,0.9922,0.5668,0.7896,0.7238,0.587,0.8454,1.0682,1.1189,5.1212,2.1155,1.3214,0.6529,0.7086,1.2201,0.8251,1.2708,1.2455,0.6731
3/4/2020,68.3102,1.1316,1.2462,1.1618,1.6382,2.567,1.4452,2.3861,1.3005,1.3729,1.5417,2.2896,1.5116,1.0472,1.198,1.1618,0.8964,1.2824,1.2402,1.1075,1.4452,1.1799,1.1015,1.5116,1.6865,0.9266,1.3849,0.9688,0.8361,1.4211,1.0894,0.8241,0.9688,0.7818,0.9748,0.6492,0.9748,1.5297,1.2643,6.9494,2.8346,1.4452,1.2884,0.7577,1.2884,1.1015,1.5357,1.0653,0.999
3/3/2020,82.6917,1.2348,1.4514,1.9891,2.1535,3.7967,1.6157,3.1394,2.8033,1.048,1.3991,2.4149,1.7053,1.1377,1.3169,1.3244,1.8472,1.2572,1.4065,1.2497,1.3094,1.3617,1.6904,1.2646,0.9733,1.3692,1.302,2.512,1.1377,2.5717,1.2273,1.0406,1.2123,1.0182,1.3169,1.1451,1.3767,1.8771,1.4588,7.7519,3.1503,1.1451,0.8688,1.6007,1.0854,1.3244,1.429,1.302,1.5783
3/2/2020,75.6134,1.1876,1.1403,1.6542,1.6609,1.9787,2.0193,2.8982,1.431,1.7759,2.1004,2.283,0.9307,1.3161,1.3769,1.1673,1.6339,1.6001,1.3837,1.3229,1.4851,1.2079,1.4784,1.8638,1.7691,1.2417,1.3296,1.7691,0.8969,1.9922,1.4648,1.0456,0.8428,0.951,0.9307,1.0051,1.1471,1.0389,1.3905,5.4997,2.2644,1.688,2.0531,1.6068,1.0524,1.289,1.9652,1.573,0.9104
3/1/2020,56.6255,1.1878,1.4163,0.9058,2.1506,2.5104,1.4698,2.1944,2.2138,1.64,1.747,0.9106,1.217,0.7113,1.0322,0.8231,0.8961,1.3385,0.9301,1.0614,1.1635,0.9398,1.0565,1.4941,0.6675,1.1343,1.0711,1.5914,0.7599,1.3434,1.1246,0.7891,0.5459,0.8766,0.721,0.9204,0.9155,0.7453,0.8231,2.6759,1.1537,0.9058,1.392,0.7745,1.0808,1.0808,1.1051,0.7356,0.6821
2/29/2020,55.0527,1.0183,0.9572,0.9195,1.95,2.284,2.0111,1.8323,1.8088,0.8254,0.8583,1.9547,0.7972,0.8536,1.0748,1.263,1.1407,1.2442,1.2159,1.2018,1.2348,1.0748,0.8301,0.8019,1.0748,0.6137,0.8207,0.7925,0.6795,1.3759,1.0889,0.6466,0.7548,0.7407,0.6513,0.8254,0.8819,0.7501,1.2112,2.9054,1.2439,1.2206,1.1595,0.8536,1.3195,0.943,1.056,1.1548,1.136
2/28/2020,57.5244,0.9095,1.0433,1.4295,2.0288,2.5785,1.2116,1.9694,2.108,1.8356,1.0284,1.3206,0.7164,1.1373,1.1968,1.2265,0.969,1.2314,1.1671,1.0135,1.0185,0.9095,0.9145,1.4097,1.2958,0.9591,0.6867,0.9095,0.7461,1.692,0.9392,0.5381,0.9442,0.652,0.5728,0.9095,0.8848,0.8848,0.8798,4.272,1.7815,1.0086,1.1522,0.9244,0.7461,1.0135,0.761,0.9838,1.0135
2/27/2020,74.3774,1.4677,1.461,1.8062,1.627,1.7664,2.5695,2.2708,2.1646,2.0186,1.5407,1.0694,1.4345,1.0893,1.1225,1.554,1.5208,1.4079,0.9831,1.1557,1.5871,1.4942,1.4942,1.3482,1.3548,1.1358,1.2685,2.2509,0.9831,1.9389,1.1822,1.0296,0.9897,0.7309,0.7375,1.242,1.1026,1.0628,1.0163,7.322,2.9812,1.2818,1.3349,1.1159,0.93,1.5473,1.9323,0.9433,1.0097
2/26/2020,75.164,1.2614,1.3017,1.201,2.8734,2.1144,2.7055,1.9264,1.4226,1.5099,2.3562,1.5032,1.5905,1.3353,1.3286,1.2279,1.1204,0.9995,1.3353,1.154,1.6711,1.4629,1.2346,2.007,0.9256,1.4092,1.4898,0.9391,0.9323,2.0741,1.0599,0.8383,1.2413,0.9055,1.0667,0.9256,1.2279,0.9525,1.0935,6.785,2.77,1.9868,0.9055,0.9861,1.4159,1.6779,1.7316,1.6174,1.5637
2/25/2020,65.5017,1.5927,1.725,0.8107,1.5582,2.691,1.4777,2.4667,1.725,1.0982,1.6847,1.771,1.495,0.8567,1.2304,1.4892,1.2764,1.1557,1.4662,1.2707,1.5525,1.2879,1.2879,1.7825,0.7877,1.1097,1.0637,0.9372,0.8452,0.9429,1.1097,0.5577,0.6267,0.6669,0.5864,0.6612,1.0119,1.3915,1.4892,4.8053,1.9912,1.5237,1.564,1.2017,0.7704,0.9199,1.2937,1.426,1.4662
2/24/2020,64.6027,1.327,1.2931,1.5421,2.3685,2.9289,2.1591,1.4346,2.0402,2.2044,1.8308,2.3912,1.3949,0.9987,1.2761,1.2478,1.027,1.1459,0.9082,1.4119,1.1572,0.8346,0.8006,0.8799,0.8685,1.1402,1.3723,1.7402,0.8516,1.8421,1.1119,0.5516,0.9025,0.6251,0.5968,0.8685,1.0497,1.2534,1.078,3.4775,1.469,1.1855,0.8119,1.1968,1.4119,0.9365,1.0497,1.4799,1.1289
2/23/2020,66.1757,1.4349,1.0975,1.4814,1.8072,1.5396,2.3657,1.2604,1.4931,1.2895,1.6909,2.0632,1.3302,1.1207,1.3011,1.2778,1.3767,1.4291,0.9579,1.0975,1.3127,0.9695,1.1964,1.208,1.5978,0.8939,1.2371,1.0218,0.9928,1.2196,1.2313,0.9695,0.7717,1.0393,1.0742,0.6961,1.0393,1.5803,1.5338,4.8722,2.0176,1.5163,1.336,1.4174,1.4174,1.4174,0.9404,1.0451,1.1964
2/22/2020,76.9614,1.9666,1.8631,1.4494,2.7527,1.6769,2.4079,2.3321,2.8975,1.608,2.3596,1.6355,1.1459,1.4287,1.4011,1.2494,1.4769,1.2287,1.008,1.3321,1.4562,1.3459,1.5114,1.2976,2.0286,0.9321,1.5528,2.2286,1.0356,2.2286,1.5735,0.8632,1.008,0.739,0.8977,1.0839,1.3321,1.539,1.0494,4.7052,1.9519,1.8976,0.9942,1.1321,1.7252,1.3183,1.2563,1.7528,1.3045
2/21/2020,75.3885,2.0266,1.6357,1.3392,2.4444,3.4552,2.6331,1.2516,1.4875,2.3501,1.1371,1.7166,1.5414,1.1101,1.4807,1.7301,1.009,1.2179,1.3999,1.7638,1.6964,1.501,1.6897,1.9727,0.9619,1.3527,1.0562,1.939,1.009,2.0535,1.1438,0.6249,0.7732,0.7664,1.1708,0.9955,1.1168,1.3931,1.0292,6.3186,2.5865,0.9282,1.9727,1.0225,1.0899,1.2314,1.0023,1.0292,1.2314
2/20/2020,72.5798,1.3679,1.2258,0.9997,2.5432,2.3688,1.7489,2.0911,1.9168,0.9158,1.032,1.0643,0.9093,1.3485,1.2322,1.3226,1.2774,0.9352,1.6585,1.0643,1.7424,1.426,1.3226,1.5035,1.1677,0.9675,1.0385,2.0976,1.0837,2.1041,1.1935,0.9675,0.8189,0.7866,1.0966,0.9416,1.2064,1.4195,1.1935,8.0645,3.2732,1.7941,1.0062,0.9352,0.9933,1.0256,1.5551,1.2064,1.6262
2/19/2020,88.7586,1.9434,2.1049,1.6122,2.9044,2.2341,1.7334,1.9434,1.6607,1.8545,2.1856,1.2488,1.0631,1.1115,1.6284,1.6849,1.1519,1.4184,1.9111,1.5799,1.7011,1.3861,1.4346,1.6042,1.1115,1.1277,1.6284,2.436,1.1358,1.3861,1.7172,0.9985,1.5153,1.0792,0.7966,1.2811,1.5315,2.016,1.588,11.2081,4.5098,1.5396,1.8303,1.2004,1.1923,1.6688,1.8061,1.3942,1.9595
2/18/2020,92.5787,1.2324,1.3339,1.4015,2.9916,3.1269,1.8667,1.706,2.1458,3.1269,1.2577,2.4757,1.2408,1.8836,1.5538,1.3508,1.6214,1.3931,1.4692,2.1035,2.0359,1.5368,1.1224,1.4184,2.205,1.7398,1.6468,2.3319,1.2154,1.6468,1.5115,1.2577,1.4015,1.503,0.8602,1.5284,1.2746,1.8752,1.503,9.7333,3.9296,2.3319,1.3761,1.1901,2.2219,2.0528,1.1985,2.1543,1.4946
2/17/2020,75.6134,2.0328,1.6001,1.884,2.0057,1.7421,2.7157,1.7015,2.5669,0.9037,2.2559,2.3709,1.4851,1.0727,1.5595,1.6609,1.2079,1.6542,1.6542,1.2552,1.3499,1.4378,0.9713,1.0321,1.262,1.5595,1.5054,2.2897,1.093,2.3979,1.2079,0.9848,0.8766,0.8022,1.0727,1.0456,1.3567,1.1809,1.7556,3.316,1.4054,1.2823,1.9179,1.8097,1.7691,1.5392,1.884,1.1065,1.0727
2/16/2020,55.0526,0.9807,0.9713,1.2112,1.8512,2.077,2.0911,1.3006,1.7618,1.5406,1.2536,1.9453,1.4747,1.0183,0.6795,0.9524,1.31,1.1218,1.1783,1.0418,1.263,1.1642,0.7548,1.0042,0.7219,0.8395,0.7831,1.6253,0.7031,0.9289,0.9666,0.7266,0.9148,0.736,0.7266,0.7642,0.7972,0.8019,1.183,1.9801,0.88,0.8772,1.4653,1.0842,1.3053,1.0418,0.7736,1.2395,1.2395
2/15/2020,51.9067,1.0009,1.238,0.9921,1.4575,2.1293,1.497,1.9098,2.0195,1.7122,1.2643,1.5805,1.4005,1.0536,0.7243,0.7067,1.0404,1.1194,1.1634,0.8823,1.1677,0.8736,0.9306,0.7111,0.8033,0.7418,1.0097,0.878,0.7901,1.5278,0.7638,0.5574,0.7418,0.5618,0.6277,0.7989,0.8077,1.0272,1.1897,2.1929,0.9637,1.1897,0.8165,0.8297,0.7067,1.1546,1.1546,0.8209,0.676
2/14/2020,46.0646,0.7338,1.0802,1.1373,1.4685,1.7806,1.3086,1.6778,1.6093,1.0345,1.3124,1.5484,0.6082,0.7643,0.6082,1.0422,0.6843,0.9508,0.9927,0.8366,0.9927,0.9051,0.7871,0.9318,0.9851,0.8937,0.8176,0.81,0.6767,1.3276,0.7072,0.4674,0.475,0.6843,0.6082,0.7034,0.6729,0.9051,0.8404,2.3167,1.0124,0.6463,0.9051,0.6196,0.7034,0.8747,1.0155,0.6463,0.9546
2/13/2020,74.4899,1.8422,1.6494,1.0643,2.6135,2.8728,1.8821,1.9486,2.1348,2.1082,1.6959,1.3103,1.3369,1.277,1.1042,1.6627,1.1175,1.1108,1.1507,1.5031,1.4167,1.43,1.1175,1.8622,1.8954,0.7784,0.8914,2.3475,0.8914,1.0842,1.4433,1.0975,0.918,1.1108,0.8781,1.0842,1.1507,1.7358,1.2704,4.8527,2.0099,1.7026,2.1082,1.1241,1.6826,1.4034,1.3701,1.2106,1.2372
2/12/2020,73.3662,0.9772,1.572,1.3629,2.0884,3.3696,2.0231,2.7225,1.8204,1.0622,1.0556,1.9708,0.8922,1.121,1.304,1.3106,1.1602,1.0556,1.5197,1.1733,1.0818,1.2125,1.3825,0.9707,1.827,1.4609,0.9968,1.8597,1.0622,2.3826,1.1014,0.7027,1.1079,0.6831,0.8399,0.9576,1.2714,1.3106,1.3956,7.2881,2.9678,1.1864,1.2256,0.9576,1.3825,0.9837,1.5786,1.2779,1.3498
2/11/2020,73.0297,1.4738,1.4477,1.6949,2.3777,3.041,1.8054,1.4933,2.8394,1.3372,2.3972,2.5988,1.4022,1.0511,1.0836,1.5778,1.2592,1.5583,1.6168,1.7014,1.7599,1.4477,0.8105,1.2982,0.895,1.0511,1.4933,1.0185,1.0576,1.4542,1.0706,0.6219,0.6934,0.7975,0.999,1.1226,1.0446,1.4022,1.1291,5.7439,2.3604,1.1876,1.2917,1.0966,1.1551,1.3112,1.5388,1.4477,0.973
2/10/2020,52.6935,1.1991,0.9533,1.1946,1.9276,2.1645,1.4047,1.2929,1.5924,1.7265,0.9086,0.8862,0.8281,0.7298,0.9711,1.1499,1.1142,0.989,0.7119,0.9309,1.2036,1.1544,1.0561,1.1544,1.3555,0.9756,0.9175,0.8147,0.6181,1.1365,0.8996,0.7477,0.4885,0.5689,0.627,0.8326,0.8549,0.8013,1.0248,4.0158,1.6807,0.8952,0.7656,0.8237,1.0382,0.8192,1.1052,0.7522,0.8907
2/9/2020,58.9851,1.2221,1.4617,1.0538,1.4005,2.7108,1.2679,1.1099,1.7625,1.8849,0.9263,1.0334,1.0028,1.2017,1.064,0.8091,1.4056,1.1507,1.0538,1.4005,1.2323,0.7632,0.7377,1.1558,0.9009,0.6459,0.9773,1.1048,0.7632,0.9263,1.1813,0.5644,0.5847,0.9212,0.8193,0.9263,0.855,1.1048,1.2119,5.3334,2.199,1.0079,0.6969,1.3087,1.1915,1.3342,1.2832,1.1354,1.1966
2/8/2020,78.7593,1.7021,2.0418,1.1785,1.8507,3.3933,1.7375,1.688,2.2965,1.8507,1.1714,1.412,1.405,1.4333,1.6951,1.2281,1.8507,1.4899,1.2422,1.8437,1.7446,1.6102,1.1007,2.063,1.5606,1.1573,1.3483,1.7517,0.9309,2.0347,1.2847,0.6478,1.0936,1.0087,1.0795,1.0865,1.3625,1.4828,1.5465,6.2353,2.5537,1.0936,1.8932,1.4191,1.7658,1.7871,1.3696,1.1007,1.1361
2/7/2020,71.1192,0.9493,1.7762,0.9178,1.9908,2.1549,1.9024,1.7888,1.5742,2.0413,2.0161,1.4038,1.6626,1.1198,1.4606,1.5995,1.0756,1.1576,1.2839,1.0503,1.5174,0.9493,0.962,1.7699,1.1703,0.9557,0.9998,1.631,0.9557,1.9908,1.4859,0.861,1.1766,0.6653,0.7852,0.8925,1.0945,1.2523,1.4354,6.7081,2.7397,1.2965,2.0034,1.2144,0.9115,1.2776,1.145,1.3786,0.9683
2/6/2020,78.1974,1.0441,1.5636,1.4934,2.2235,2.7991,2.8693,2.3919,1.7251,1.1705,2.2726,2.9044,0.995,1.4653,1.0933,1.1635,1.5496,1.5776,1.7742,1.36,1.4723,1.1143,1.8303,2.1182,1.8303,1.0512,1.3319,1.0722,1.1143,2.1743,1.2477,0.6721,1.1986,1.0722,1.0441,0.8967,1.3811,1.3179,1.69,6.8874,2.8102,1.0441,0.9248,0.9318,1.5917,1.0512,1.353,1.1845,1.353
2/5/2020,86.6242,1.4404,2.0458,1.3539,2.6119,4.0035,2.0065,2.9185,3.1701,1.9514,1.5269,2.8084,2.1401,1.1495,1.8571,1.5819,1.3146,1.9043,1.3775,1.8256,1.9907,1.291,1.692,1.2989,1.1023,1.7234,0.9686,1.7942,1.0708,2.4782,1.3067,0.6856,1.3932,0.7957,1.2517,0.8114,1.4561,1.9043,1.5898,6.938,2.8302,1.4246,1.1416,1.5662,1.3224,2.0379,1.2438,1.5426,0.9844
2/4/2020,63.592,1.5009,1.2952,1.3563,1.4564,1.5009,2.3514,1.2007,1.5787,1.1784,2.0512,1.9456,0.856,0.9283,0.9783,0.8949,1.2563,1.0117,0.8894,1.4453,1.3786,1.0617,0.7281,1.1006,1.4675,0.8616,1.0395,1.8344,0.8449,1.3619,0.9116,1.045,0.7893,0.9394,0.8894,0.6281,1.095,1.0784,1.1618,5.4292,2.2367,1.1896,1.4064,1.373,1.0839,1.3174,1.3674,1.3285,0.9672
2/3/2020,47.1878,0.6565,1.1777,0.7271,1.7499,1.9889,1.4912,1.7146,1.8047,0.7349,1.2052,1.307,0.9073,0.9112,0.6565,0.8916,0.6408,0.8054,0.9622,0.7349,0.9152,0.825,0.9112,0.9583,1.0406,0.5272,1.0131,0.6644,0.6996,1.017,0.7623,0.4919,0.6526,0.4527,0.5468,0.7153,0.7467,0.6252,0.825,3.5136,1.4832,1.1856,0.7976,0.6839,0.8289,0.8054,1.017,0.7388,0.6761
2/2/2020,50.4462,0.9562,0.7524,0.8883,1.5249,2.3527,1.491,1.3594,1.1344,0.8925,1.283,0.7142,0.8034,0.7864,0.7821,0.9944,0.9647,1.0198,0.7057,0.8585,1.0368,0.7991,0.8203,0.7736,0.8543,0.6506,0.8246,0.7864,0.7397,1.4273,0.7736,0.4977,0.6421,0.8034,0.4893,0.6124,0.7312,1.0665,0.7524,5.8969,2.4206,0.7312,1.1599,0.5826,1.1726,0.7185,0.8119,0.8246,0.7821
2/1/2020,55.5026,1.036,1.321,1.1595,1.4492,1.5205,1.0455,0.9885,1.91,1.0835,1.1737,1.9005,1.0502,0.7557,0.8982,1.093,1.283,0.7509,0.9885,1.226,1.055,0.9457,0.7557,1.15,1.074,0.7652,1.0265,0.979,0.8032,1.1357,1.0217,0.8364,0.5372,0.6464,0.6369,0.7367,0.96,1.321,1.226,5.3555,2.2077,0.8459,0.7224,0.7034,1.1357,1.3257,0.9552,1.1642,0.8412
1/31/2020,51.3453,1.1073,0.8949,0.8168,1.324,1.259,1.7574,0.9642,1.5624,0.9295,1.6014,1.415,1.298,0.6911,0.7995,1.1593,0.7692,0.6781,1.207,0.9382,0.9079,1.1246,0.6088,1.0769,1.3023,0.8992,0.9035,1.4974,0.7865,0.8819,0.8905,0.7345,0.6955,0.6911,0.6868,0.7475,0.9209,0.7822,0.8212,4.2108,1.7574,1.246,0.5958,1.0292,0.7865,0.8775,0.7432,1.0812,0.8862
1/30/2020,67.9737,0.9523,1.768,1.0423,1.8879,1.9779,1.4561,1.5101,1.738,2.0438,1.2582,2.3677,1.8039,0.9403,0.9043,1.0843,1.1322,1.3421,1.0723,1.1382,1.5221,1.1562,1.1802,1.1382,1.4441,1.0003,0.7784,0.7964,0.8504,2.1938,1.1682,0.6345,0.8684,0.7604,0.6165,0.6465,0.9643,1.5401,0.9343,6.5026,2.6589,1.774,1.4861,1.3122,1.4621,1.3901,1.3421,1.1982,1.2342
1/29/2020,80.1073,1.306,1.7458,1.3925,3.1159,3.8369,2.0054,2.0991,1.8468,2.5967,2.5102,1.8828,1.6304,1.5295,1.2843,1.1545,1.1978,1.4718,1.7242,1.1762,1.4934,1.2411,1.0824,1.1041,2.0487,1.1473,1.169,1.8612,0.9743,1.2483,1.6953,0.6209,0.8301,1.205,1.2988,1.2699,1.1834,1.4718,1.306,6.1491,2.5198,1.3492,1.8972,1.2122,1.4718,1.9549,1.6593,1.0824,1.0536
1/28/2020,79.4335,2.0882,1.4096,2.0168,2.6025,3.3312,2.3954,2.4382,2.3597,2.0025,1.7882,2.7883,1.6168,1.581,1.4096,1.4096,1.2525,1.6453,1.4239,1.5168,1.7739,1.7811,0.9667,1.0096,1.7739,1.0596,1.5668,1.581,1.1596,1.1453,1.1382,1.3167,1.1239,1.0239,1.0453,1.0167,1.4168,1.6811,1.1239,3.822,1.6045,1.7382,1.9596,0.981,1.481,1.7239,1.9954,1.3096,1.0382
1/27/2020,89.6573,1.6283,1.3099,2.4449,2.2163,4.0944,3.188,2.4939,1.8978,1.5385,2.5347,2.698,2.2734,1.367,1.1874,1.3752,1.7916,1.7672,1.9386,1.3507,2.0448,1.1302,1.8896,2.2081,1.7182,1.0976,1.0322,2.4286,1.0077,1.514,1.8978,0.9424,1.0404,1.0241,1.1221,1.0241,1.2527,1.5548,2.0448,6.3495,2.5987,1.857,1.8896,1.5222,2.053,1.9713,1.367,1.3017,1.6773
1/26/2020,80.6692,1.0823,2.0052,1.2712,2.9426,2.5139,2.1651,2.9644,1.8235,1.264,2.0488,1.9471,1.7073,0.9733,1.3948,1.4747,1.3294,1.3148,1.3657,1.9253,1.3148,1.5474,0.8716,1.7581,1.918,1.3512,1.3875,2.2668,1.2058,1.9834,1.2494,0.7626,0.8352,1.075,0.7553,1.2858,1.2858,1.373,1.0896,7.4839,3.0449,1.9543,1.2494,0.8861,1.3294,1.8671,1.7436,1.2058,1.075
1/25/2020,76.9616,1.2907,1.1321,1.1252,2.5665,3.6078,3.0355,2.1459,1.4976,1.6424,1.8424,1.808,1.4356,1.0839,1.5459,1.739,1.5114,1.47,1.3252,1.7252,1.208,1.3183,1.0632,1.1597,1.077,0.8632,1.208,1.0494,0.8701,1.8838,1.608,1.0839,0.8977,0.7942,1.0632,1.1528,1.0632,1.8562,1.0287,8.0163,3.2543,0.9735,1.6287,0.9183,0.9528,1.1735,1.6562,1.5942,1.0149
1/24/2020,83.0288,1.0895,1.5772,1.8473,2.8902,2.3425,1.9599,1.4947,1.9824,1.9674,1.6372,2.29,1.6597,1.2171,1.7348,1.2021,1.9899,1.052,1.4647,1.3746,1.3971,1.8473,1.2021,2.0874,1.5472,1.1495,1.4422,2.1849,1.2171,2.6426,1.3446,1.1345,1.1195,1.0445,0.962,0.8419,1.3521,2.0274,1.5697,7.1777,2.9244,1.5397,1.6147,1.0595,1.5547,2.0274,1.3821,1.7123,1.1495
1/23/2020,90.8931,1.551,1.3189,1.7997,3.0431,4.4108,3.3829,2.7612,2.8773,2.0649,2.9104,2.9602,2.1478,1.1448,1.5593,1.6422,1.3769,2.0566,1.5427,1.5095,1.7002,1.4432,2.0401,2.2887,0.9873,1.8245,1.4432,2.4462,1.1117,2.6037,1.7416,1.2774,0.9127,1.3023,0.9624,1.0205,1.5593,1.4598,1.2111,3.647,1.5356,2.0815,1.5012,1.6753,1.6339,1.808,2.4462,1.4681,1.7002
1/22/2020,100.3308,1.5793,2.5211,2.3641,2.9735,2.2626,3.7768,3.2413,2.4195,2.8997,1.4224,1.8933,1.8933,2.0595,1.7732,2.0964,1.2746,1.8286,2.041,1.5424,1.8379,1.4685,1.9671,2.4195,1.1084,1.3116,1.4593,1.5886,1.2839,3.0843,1.9948,1.0623,1.4962,1.3577,1.4039,1.0715,1.6901,2.318,1.884,10.0535,4.0556,1.5424,1.1084,1.2285,1.7178,1.9764,1.607,2.1979,1.1731
1/21/2020,11.9095,0.2265,0.2288,0.2124,0.3215,0.3653,0.2718,0.2386,0.2961,0.2914,0.2187,0.2656,0.223,0.2273,0.2456,0.2202,0.2253,0.2558,0.2589,0.2452,0.239,0.2445,0.2288,0.2437,0.2456,0.2449,0.2136,0.2851,0.2148,0.2839,0.2222,0.2241,0.2206,0.2206,0.1952,0.2151,0.2234,0.2472,0.2081,0.4666,0.2846,0.2179,0.2097,0.2554,0.2562,0.2187,0.2644,0.221,0.2566
1/20/2020,11.685,0.2201,0.2201,0.2374,0.3034,0.3483,0.2396,0.3071,0.2931,0.2138,0.216,0.261,0.2463,0.2127,0.223,0.2227,0.2297,0.2216,0.254,0.2297,0.2411,0.2286,0.2562,0.2352,0.2481,0.2271,0.2098,0.2827,0.2194,0.2323,0.219,0.198,0.2212,0.2109,0.216,0.205,0.2315,0.2433,0.2507,0.457,0.2809,0.2131,0.2124,0.2492,0.2529,0.2452,0.2367,0.2459,0.216
1/19/2020,77.1862,2.0555,1.6957,1.4605,2.5536,2.2423,2.4844,1.8686,2.8165,2.1246,1.2667,2.3114,1.2045,1.5642,1.1076,1.4397,1.1629,1.7026,1.7787,1.7856,1.1768,1.0938,1.246,1.1422,1.0038,1.1906,1.1145,2.3322,1.0384,1.5642,1.495,1.2875,1.0384,0.9139,1.0938,1.0799,1.1145,1.3221,1.1353,6.155,2.5222,0.9485,1.6057,0.9692,1.6957,1.8686,1.073,1.3913,0.9485
1/18/2020,71.4562,0.9916,1.3406,1.0297,2.5653,3.4347,1.8356,2.6097,1.5817,0.8393,1.0931,2.1973,1.8419,1.3025,1.1756,1.2962,1.4294,1.2327,1.0487,1.2645,1.6896,1.1375,0.8456,1.4866,0.9916,0.8076,1.0804,2.21,0.9726,1.6896,1.1375,1.1185,0.9091,0.668,0.7314,1.1122,1.1693,1.7087,1.4485,5.782,2.3755,0.9345,1.7277,1.1502,1.4041,1.3152,0.9535,1.385,1.4041
1/17/2020,61.0079,0.9989,1.0254,1.4017,2.2658,2.87,1.4707,1.7145,1.5767,1.7622,0.8505,1.7463,0.9618,0.9406,1.1685,0.8134,1.0466,0.9618,1.2851,0.9353,0.9035,0.8081,0.6861,1.0678,1.1155,1.2003,0.9353,1.0254,0.7285,1.5396,1.0307,0.5695,0.9936,0.9459,0.877,0.9353,0.8399,0.983,0.8399,5.8199,2.3903,1.0466,1.4866,1.142,0.6649,1.248,1.4017,0.8081,1.1791
1/16/2020,58.8727,0.8128,1.4894,1.4995,1.8506,2.5424,1.9523,1.469,2.0642,1.6979,1.3113,1.7132,1.352,0.9247,1.1536,0.8687,1.2299,1.1638,1.2757,1.0976,1.1078,0.9043,0.9348,0.7619,1.3418,1.0976,0.7263,1.8556,0.6805,0.9348,1.2401,0.655,0.5991,0.9247,0.6143,0.884,0.9196,1.3774,0.9196,3.2811,1.3917,0.9908,1.3317,0.8891,0.945,1.0264,1.0824,0.8077,1.179
1/15/2020,60.8952,1.4414,1.1611,0.9813,2.1978,2.8696,1.1928,2.0709,2.1026,1.5261,1.7747,0.9389,1.2034,0.9548,1.2986,1.1505,0.9019,0.9125,1.2828,1.3674,0.9389,1.0024,0.9231,1.1346,1.5155,0.8014,0.7115,1.4362,0.8437,1.8434,0.8913,0.8437,0.5475,0.976,0.7115,0.6692,1.0606,0.7432,0.8226,4.4451,1.8496,0.8226,0.849,1.4309,1.3674,1.4414,0.9072,0.8808,1.1558
1/14/2020,73.0295,1.3697,1.8314,1.6818,2.7483,3.3076,2.8069,2.4167,1.8639,2.1761,1.6558,1.0381,1.9745,0.9275,1.4803,1.4087,1.4217,1.6168,1.0511,1.1291,1.1161,1.2592,0.895,1.2266,1.3697,0.9535,1.1746,1.2982,0.921,1.4673,1.3892,0.6089,0.8235,0.8625,0.7194,1.0576,1.0576,0.999,1.3047,5.8046,2.3843,1.5648,1.8249,1.0055,1.0381,1.5778,1.5128,1.0576,0.8495
1/13/2020,80.3317,1.6784,1.7073,1.6133,2.0039,2.0618,3.1106,3.2553,1.8882,1.2733,1.9099,1.5771,1.946,1.4325,1.2878,1.8158,1.5916,1.7218,1.4759,1.295,1.5771,1.7869,1.8086,1.1721,1.4397,1.3095,0.984,0.9768,0.9985,1.5337,1.2372,1.1793,1.0057,0.7019,1.0202,1.2082,1.1938,1.9677,1.5844,6.6817,2.7293,1.9243,1.3457,1.6639,1.2444,1.295,1.0274,1.5482,1.541
1/12/2020,75.8381,1.9779,1.6048,2.0526,2.7309,3.4229,1.9576,3.043,1.9779,1.6659,2.1611,1.5709,1.8151,0.9739,1.3742,1.2114,1.7337,1.5913,1.1368,1.381,1.6252,1.1775,0.9332,1.537,1.0486,1.1164,1.0486,1.7337,1.0893,1.8965,1.3335,0.9061,0.9129,0.9604,1.0418,0.845,1.1775,1.2724,1.4895,3.5553,1.4996,1.3606,2.039,1.347,1.1842,1.598,1.5506,1.5845,1.5913
1/11/2020,72.8044,1.1452,1.1193,1.7803,2.2275,2.1367,2.6552,2.694,1.9488,2.2793,2.2015,2.3959,1.5146,1.398,1.0286,1.4174,1.2748,1.0286,1.3461,1.1128,1.7544,1.3007,1.3785,1.0026,1.5924,0.7564,0.9184,1.1063,0.899,1.7349,1.1387,0.6333,0.7888,0.711,0.6786,1.1063,1.1841,1.5405,1.6572,4.9619,2.0528,1.9034,1.1711,1.7025,1.1128,1.1387,1.4174,1.56,1.1971
1/10/2020,62.2433,1.436,1.0346,1.6421,1.4088,2.8409,2.152,1.0725,1.7343,1.3004,1.1051,1.1593,1.6529,0.8447,0.9586,1.3166,1.2949,0.861,0.823,1.4088,1.0563,1.1268,0.8176,1.1376,0.9532,0.8013,0.8176,1.5553,0.7742,1.2461,1.3058,0.8284,0.9857,0.9803,0.7037,0.6928,0.9478,1.1864,0.8935,5.9478,2.4407,1.1973,1.2678,0.9478,1.078,1.0508,0.8447,1.2244,1.3871
1/9/2020,61.232,0.8427,1.4442,1.6146,1.9499,2.1522,1.8488,2.1629,1.5454,1.4921,1.6039,1.1461,1.3378,0.7842,1.3058,1.0131,0.8693,0.8906,1.1568,0.9705,1.2047,0.9811,1.4442,1.1142,1.4123,1.1887,1.1461,1.0823,0.7363,1.9499,1.0131,0.8587,0.8161,0.8214,0.8321,0.8534,1.1142,0.8267,0.9119,3.7961,1.5943,1.2792,1.3058,0.9119,1.0131,1.242,1.375,1.2526,1.0237
1/8/2020,59.6594,1.0345,1.4736,0.9674,1.422,2.6773,1.3445,2.3364,1.8198,1.9954,1.7061,1.7991,1.1327,0.9571,0.8072,1.3342,0.8331,0.9364,1.0759,1.3445,1.329,0.988,1.143,0.7711,0.8279,0.6781,1.0397,1.1792,0.8796,1.7113,0.8951,0.8434,0.9002,0.8589,0.8692,0.9932,1.0139,1.1689,1.3652,2.3653,1.0315,1.3858,1.4478,1.2567,1.0655,1.205,1.0707,1.0345,1.3445
1/7/2020,66.2881,1.7404,1.0235,1.0934,1.653,1.5947,2.0902,1.892,1.892,2.0552,1.5131,2.1485,1.449,1.1576,0.9419,1.1051,1.0876,1.4665,1.6355,1.5714,1.2625,0.8253,0.9594,1.519,1.4373,1.0934,1.2625,1.8454,0.9885,1.927,1.0585,0.5455,0.9477,1.0235,0.8953,1.0585,0.9302,1.4199,0.9011,4.1827,1.7463,1.0876,0.8545,1.1576,1.3732,1.1459,1.0468,1.2217,1.4607
1/6/2020,69.9959,1.357,1.0904,0.9912,2.6217,2.1381,1.729,1.202,2.7829,1.7538,1.7848,2.4233,1.3694,1.45,1.4872,1.0966,1.2516,1.5616,1.2268,1.6546,1.1524,0.923,1.6174,1.5678,1.7228,0.9726,0.799,2.2187,0.9974,1.3322,1.0656,1.0036,0.892,0.8796,0.8238,1.0222,1.2702,0.9416,1.3384,5.7729,2.3719,1.667,0.9168,0.8672,0.7618,1.109,1.264,0.9168,0.8362
1/5/2020,66.4011,0.9492,1.1536,0.85,2.2983,2.0647,1.65,2.2691,1.4281,2.1406,1.5916,2.4443,1.7668,1.142,1.3814,1.4515,1.58,0.9843,1.2938,0.9843,1.3055,1.4048,0.9084,0.9901,0.9259,1.358,1.0602,0.996,0.7507,1.6092,1.1244,0.9317,0.9084,1.0427,1.0485,0.6456,1.0135,0.885,1.4398,5.6448,2.3215,1.1712,0.7273,1.5157,1.0252,0.9668,0.9434,1.142,1.1712
1/4/2020,63.4792,1.3595,1.0765,1.426,1.4982,1.7256,1.3539,1.2319,2.4912,0.9434,1.7478,1.476,1.021,1.0377,0.9822,1.2929,1.2541,1.2596,1.4593,1.5037,1.4316,0.8768,1.2041,1.3262,1.0155,1.2596,1.3872,1.3484,0.8546,1.3151,1.1764,0.7159,0.9711,0.8491,0.5828,0.6105,1.0765,0.8435,1.1764,6.8799,2.8073,0.8213,1.1986,0.8768,1.0543,1.3373,0.7991,0.8158,0.727
1/3/2020,67.7489,1.3676,1.2123,1.1167,1.9113,2.6343,2.4371,2.1145,1.2601,1.9532,1.1704,1.4513,0.9374,1.1704,1.3138,1.3736,1.3736,1.5409,1.3138,1.1884,1.6006,0.8837,1.4871,1.762,1.5648,0.8179,1.0091,0.9255,0.8657,1.4811,1.1704,1.0928,0.812,0.8777,0.7343,1.1107,0.9972,1.4094,1.2541,4.1032,1.7151,1.7859,1.7799,1.1884,1.3138,0.9374,1.1884,1.5409,1.4991
1/2/2020,67.4118,1.7292,1.0757,1.0757,2.1985,2.3292,2.2282,1.6638,1.9134,2.1926,1.5213,1.9193,1.5569,0.9865,1.1054,1.4975,1.4381,1.6044,1.0519,1.4381,1.6223,1.0163,0.8558,1.5628,1.1173,1.2955,1.1173,1.7351,0.7727,0.9865,1.141,0.8737,0.6538,0.7014,0.8143,0.743,1.0341,1.3905,1.2064,5.9401,2.4376,0.8677,0.9806,0.743,0.8737,1.1826,1.1232,1.1291,0.9687
1/1/2020,60.4457,1.0006,1.1054,1.5355,1.4935,1.8974,2.296,1.1002,1.9026,0.9166,1.0845,1.6404,0.7908,1.1526,0.8852,0.8065,0.817,0.8957,0.9324,0.9009,1.0163,0.8642,1.247,1.1631,0.9062,1.1422,1.1107,1.5775,0.796,1.1212,1.268,1.011,0.6334,0.6334,0.5495,0.9114,0.9586,0.9166,1.4149,7.1414,2.9101,0.9429,0.8013,1.289,0.8799,1.1264,1.0897,0.9376,0.9324
