date,,1,2,3,4,5,6,7,8,9,10,11,12,13,14,15,16,17,18,19,20,21,22,23,24,25,26,27,28,29,30,31,32,33,34,35,36,37,38,39,40,41,42,43,44,45,46,47,48
,,0:00,0:30,1:00,1:30,2:00,2:30,3:00,3:30,4:00,4:30,5:00,5:30,6:00,6:30,7:00,7:30,8:00,8:30,9:00,9:30,10:00,10:30,11:00,11:30,12:00,12:30,13:00,13:30,14:00,14:30,15:00,15:30,16:00,16:30,17:00,17:30,18:00,18:30,19:00,19:30,20:00,20:30,21:00,21:30,22:00,22:30,23:00,23:30
12/14/2022,20.009,0.4909,0.4225,0.4993,0.5618,0.593,0.5858,0.5017,0.4897,0.342,0.3948,0.3828,0.4633,0.3768,0.354,0.3996,0.3084,0.3444,0.3384,0.3348,0.4309,0.306,0.4201,0.3876,0.4525,0.3492,0.36,0.5365,0.3348,0.4933,0.3408,0.2483,0.2964,0.2964,0.3048,0.3396,0.3192,0.3516,0.3396,0.5263,1.3838,0.3864,0.4068,0.3204,0.4333,0.3744,0.336,0.3744,0.3756
12/13/2022,29.0358,0.7157,0.4822,0.6273,0.7914,1.1911,0.8903,0.9639,0.9976,0.7367,0.7031,0.457,0.5306,0.4969,0.5895,0.4906,0.5958,0.6379,0.5222,0.6631,0.4633,0.6358,0.6652,0.4296,0.7325,0.4948,0.4843,0.4233,0.417,0.5579,0.5642,0.3455,0.4086,0.4654,0.3413,0.3371,0.5369,0.6568,0.5032,0.5544,1.4786,0.5769,0.5748,0.6568,0.64,0.4843,0.4443,0.4864,0.5937
12/12/2022,38.9068,0.5839,0.5839,0.9548,1.0753,1.3627,1.1031,1.1031,1.3133,1.2268,0.5746,1.097,0.5375,0.7663,0.6674,0.8652,0.825,0.6303,0.7693,0.6272,0.7972,0.689,0.6148,0.7879,0.7663,0.5252,0.6303,0.5406,0.4788,1.0568,0.8219,0.5994,0.6581,0.6426,0.6303,0.4788,0.7075,0.7013,0.6272,0.8188,2.3734,0.8961,0.7013,0.8312,0.8559,0.7848,0.655,0.8188,0.7508
12/11/2022,4.7575,0.0953,0.1219,0.082,0.0558,0.0726,0.0354,0.0775,0.0525,0.0707,0.0807,0.047,0.0791,0.1261,0.1239,0.1125,0.1148,0.1145,0.0856,0.1171,0.0927,0.1028,0.1329,0.0966,0.1193,0.1342,0.1047,0.1171,0.1284,0.0827,0.107,0.132,0.1349,0.1174,0.1252,0.1248,0.1252,0.1284,0.1313,0.0807,-0.1244,0.1255,0.0947,0.1132,0.096,0.1119,0.1248,0.1106,0.1219
12/10/2022,24.0109,0.4565,0.4052,0.5269,0.5845,0.5093,0.5926,0.7351,0.6054,0.6006,0.4805,0.4853,0.5077,0.3876,0.4821,0.5413,0.3572,0.5173,0.4965,0.4757,0.3876,0.3524,0.3924,0.3828,0.5974,0.4228,0.4757,0.6838,0.3732,0.5013,0.41,0.378,0.3252,0.394,0.2996,0.426,0.4164,0.3428,0.4965,0.6659,1.8561,0.4949,0.6102,0.3684,0.4228,0.4773,0.426,0.4501,0.434
12/9/2022,23.9215,0.4851,0.4867,0.5583,0.5918,0.7876,0.5536,0.4915,0.7271,0.6602,0.5424,0.5599,0.5058,0.3705,0.4437,0.3545,0.4787,0.5313,0.3689,0.4628,0.4246,0.474,0.3179,0.3609,0.544,0.4835,0.4103,0.6841,0.3275,0.7112,0.4103,0.3816,0.3577,0.3673,0.4023,0.3816,0.3991,0.3593,0.5026,0.4928,1.2703,0.5169,0.5934,0.4787,0.3641,0.4182,0.5217,0.5026,0.5026
12/8/2022,31.9254,0.5255,0.7313,0.7074,0.7959,1.1668,0.6619,0.9562,0.6069,0.8198,0.8653,0.9323,0.4992,0.4466,0.4992,0.7002,0.5327,0.7122,0.7026,0.5208,0.6571,0.583,0.5567,0.815,0.504,0.5686,0.5279,0.5973,0.4083,0.5901,0.5064,0.3365,0.4107,0.5303,0.394,0.437,0.4897,0.7074,0.7193,0.8008,2.3127,0.516,0.7385,0.6213,0.5567,0.6906,0.6787,0.717,0.571
12/7/2022,23.8779,0.5303,0.4699,0.5033,0.7652,0.6033,0.7367,0.8018,0.6081,0.3858,0.462,0.6001,0.4937,0.3858,0.3969,0.3794,0.5271,0.5334,0.5398,0.5303,0.4366,0.3874,0.5049,0.5318,0.5112,0.3715,0.4271,0.5176,0.3302,0.3731,0.4239,0.3842,0.2873,0.408,0.3064,0.3048,0.4413,0.4144,0.4731,0.5506,1.4658,0.5747,0.5239,0.3604,0.4922,0.389,0.5382,0.3651,0.5303
12/6/2022,23.6994,0.3676,0.4132,0.5764,0.5623,0.8182,0.757,0.7523,0.7852,0.5717,0.6706,0.4398,0.5026,0.3394,0.4822,0.4791,0.534,0.4069,0.3613,0.388,0.4822,0.4226,0.4759,0.5058,0.545,0.3959,0.3943,0.41,0.3378,0.4147,0.3818,0.3676,0.377,0.3331,0.4116,0.297,0.4398,0.377,0.3692,0.5545,1.4791,0.4759,0.5874,0.5356,0.3598,0.4116,0.5984,0.4069,0.3441
12/5/2022,25.7451,0.4062,0.5322,0.4169,0.8853,1.022,0.8711,0.825,0.809,0.3796,0.7789,0.7239,0.4399,0.5233,0.3903,0.4648,0.4524,0.408,0.3903,0.4399,0.5961,0.3903,0.4293,0.6227,0.5713,0.4861,0.4098,0.7168,0.3814,0.7079,0.4222,0.3193,0.3406,0.4027,0.3903,0.3352,0.3974,0.5819,0.5322,0.4439,1.1049,0.4967,0.6351,0.5854,0.3849,0.4027,0.5127,0.4825,0.5038
12/4/2022,24.9445,0.5615,0.4463,0.5733,0.7716,0.9885,0.6648,0.492,0.7851,0.7174,0.4937,0.4429,0.3581,0.4632,0.5073,0.4869,0.5411,0.5174,0.4429,0.5699,0.4751,0.5208,0.331,0.6394,0.6191,0.4327,0.5344,0.4225,0.3853,0.5547,0.392,0.3378,0.2904,0.4327,0.3378,0.4107,0.4378,0.4988,0.4818,0.5744,1.5466,0.431,0.4564,0.3581,0.4818,0.5733,0.3683,0.4547,0.3412
12/3/2022,35.8832,0.886,0.6797,0.8052,1.2708,0.8777,1.1147,1.0561,1.2123,1.1063,1.0478,0.702,0.5821,0.4901,0.4985,0.5626,0.8331,0.7745,0.6295,0.6909,0.5989,0.6853,0.7383,0.7271,0.5068,0.5877,0.571,0.7132,0.4622,0.7522,0.5989,0.3507,0.5961,0.5013,0.5961,0.6184,0.6574,0.8275,0.8191,0.7264,2.0607,0.6797,0.9641,0.4455,0.6713,0.7885,0.5208,0.557,0.7411
12/2/2022,31.303,0.6048,0.663,0.5395,1.0592,0.9846,0.7562,0.917,0.924,0.6584,0.7073,0.4929,0.5209,0.6211,0.4999,0.6024,0.5372,0.4673,0.5232,0.6467,0.5628,0.6094,0.5954,0.5092,0.6514,0.5954,0.6281,0.5582,0.416,0.8285,0.6024,0.3834,0.4929,0.3578,0.3787,0.5279,0.5768,0.6211,0.663,0.8295,2.4097,0.6164,0.5721,0.6584,0.4556,0.5978,0.7026,0.6444,0.5325
12/1/2022,37.0835,0.8036,0.9199,0.8181,1.2747,1.1439,1.3009,1.1468,0.8501,1.0392,0.9694,0.6291,0.9781,0.5302,0.6233,0.5622,0.5389,0.7542,0.8152,0.6204,0.632,0.5622,0.4662,0.9199,0.7222,0.6873,0.4895,0.7396,0.4953,0.5971,0.6785,0.5506,0.6204,0.6175,0.4488,0.472,0.5477,0.8821,0.5826,0.8798,2.58,0.8414,0.7483,0.824,0.6087,0.6436,0.5302,0.8385,0.5593
11/30/2022,28.0124,0.6129,0.4889,0.4288,0.8691,0.9912,0.9071,0.673,0.8811,0.5509,0.7731,0.5829,0.5449,0.5249,0.5949,0.4629,0.5989,0.4669,0.617,0.5629,0.4649,0.5149,0.5169,0.6069,0.657,0.5449,0.4088,0.4128,0.4448,0.4989,0.4448,0.3948,0.4208,0.4308,0.3448,0.4088,0.5089,0.4689,0.6129,0.6026,1.6419,0.5429,0.5369,0.625,0.5929,0.5689,0.4709,0.5829,0.6089
11/29/2022,23.477,0.5892,0.5428,0.4994,0.6387,0.6588,0.5211,0.6016,0.5226,0.4994,0.5381,0.7409,0.6,0.3524,0.4298,0.4004,0.4901,0.4778,0.5118,0.4793,0.518,0.4514,0.4917,0.5304,0.4932,0.4375,0.3307,0.6217,0.3385,0.4097,0.422,0.2657,0.4081,0.3323,0.2967,0.3276,0.405,0.3508,0.3926,0.5013,1.2992,0.5598,0.3895,0.4685,0.5118,0.4004,0.5242,0.4592,0.4453
11/28/2022,25.2556,0.5636,0.4617,0.429,0.6101,0.8379,0.4997,0.7913,0.5204,0.6981,0.6136,0.8327,0.6101,0.372,0.3962,0.4479,0.5687,0.517,0.4048,0.4341,0.5791,0.441,0.4445,0.567,0.3358,0.341,0.4238,0.4738,0.3651,0.6498,0.429,0.3806,0.3306,0.4238,0.4376,0.3875,0.4065,0.5394,0.4065,0.6437,1.781,0.5446,0.4997,0.5135,0.5221,0.4445,0.5256,0.4669,0.3427
11/27/2022,34.4156,0.8112,0.5444,0.7663,1.181,0.7821,1.0833,1.2629,0.8852,0.6342,0.7954,0.8878,0.5101,0.4942,0.5154,0.732,0.7372,0.6395,0.7055,0.7293,0.6342,0.7108,0.5814,0.6421,0.8535,0.4414,0.5867,0.6923,0.5259,0.9063,0.6474,0.378,0.3965,0.4097,0.4467,0.4863,0.5497,0.5814,0.5972,0.8807,2.5829,0.5127,0.7452,0.5312,0.8086,0.7452,0.695,0.5761,0.5735
11/26/2022,22.9882,0.5219,0.4979,0.432,0.5414,0.5848,0.7767,0.6013,0.7992,0.5549,0.6793,0.3705,0.4499,0.3855,0.378,0.3435,0.4395,0.4709,0.402,0.3975,0.4814,0.4245,0.4065,0.4439,0.39,0.3735,0.342,0.4589,0.3435,0.6763,0.3915,0.2881,0.393,0.3495,0.3645,0.384,0.372,0.5354,0.4559,0.5068,1.3178,0.5429,0.6028,0.318,0.4185,0.441,0.3495,0.5114,0.4784
11/25/2022,19.9203,0.4539,0.4921,0.3538,0.6602,0.6196,0.4098,0.5004,0.6411,0.5517,0.5052,0.5505,0.4527,0.3419,0.4039,0.3383,0.4313,0.3121,0.4373,0.3395,0.3693,0.3097,0.3335,0.3324,0.4814,0.3073,0.3538,0.4218,0.3335,0.3443,0.4075,0.2692,0.3598,0.2728,0.2728,0.3157,0.3765,0.33,0.3884,0.3526,0.796,0.4885,0.5028,0.4468,0.4337,0.4098,0.4063,0.3586,0.3502
11/24/2022,21.9655,0.4069,0.3552,0.3692,0.682,0.5786,0.7155,0.4641,0.5018,0.4166,0.6345,0.6974,0.425,0.3273,0.3985,0.3454,0.3496,0.3957,0.372,0.3678,0.432,0.365,0.358,0.3356,0.4976,0.4376,0.3566,0.4613,0.3664,0.3803,0.418,0.2854,0.3664,0.3454,0.291,0.2826,0.3859,0.3189,0.4949,0.692,1.9443,0.453,0.5046,0.3524,0.4893,0.3692,0.3454,0.4488,0.3845
11/23/2022,18.9417,0.4544,0.3286,0.3231,0.5201,0.6098,0.5737,0.6405,0.5321,0.4785,0.3964,0.4129,0.4336,0.2958,0.2936,0.4096,0.3954,0.3877,0.3472,0.3603,0.4347,0.3461,0.4019,0.3363,0.3964,0.2717,0.3013,0.5267,0.2958,0.473,0.3122,0.24,0.3286,0.3231,0.3253,0.3374,0.3253,0.3406,0.3078,0.3728,0.8643,0.3964,0.2772,0.4096,0.3341,0.4402,0.3658,0.2936,0.3702
11/22/2022,28.9464,0.5458,0.6254,0.4453,0.8286,0.8055,0.8139,0.7134,0.6819,0.4934,0.5709,0.5186,0.4473,0.5249,0.4683,0.5709,0.5144,0.6212,0.5667,0.5961,0.5563,0.4117,0.483,0.4159,0.6505,0.4976,0.5877,0.6694,0.4578,0.7071,0.4494,0.4934,0.3238,0.3321,0.4327,0.3908,0.4432,0.5353,0.6631,0.8853,2.5984,0.6987,0.4453,0.5186,0.661,0.5584,0.6505,0.4892,0.5877
11/21/2022,25.6116,0.6475,0.5171,0.3921,0.8148,0.57,0.7197,0.6439,0.6369,0.4097,0.5471,0.4326,0.5048,0.5048,0.4784,0.4432,0.3833,0.5013,0.5612,0.5013,0.4502,0.3745,0.4273,0.5453,0.6034,0.4537,0.4256,0.6862,0.3727,0.3921,0.4784,0.3181,0.4573,0.3991,0.3903,0.3586,0.4203,0.6017,0.4414,0.7833,2.2534,0.6034,0.452,0.4203,0.5506,0.496,0.4854,0.371,0.3903
11/20/2022,18.0084,0.3388,0.3258,0.2928,0.4609,0.635,0.4949,0.3268,0.4809,0.2848,0.3168,0.3268,0.4009,0.2908,0.3048,0.3378,0.3128,0.3438,0.4119,0.3778,0.3528,0.3078,0.2798,0.3228,0.4339,0.2898,0.2988,0.4619,0.2878,0.4499,0.3118,0.2968,0.2387,0.2557,0.3008,0.3098,0.3398,0.3338,0.3278,0.5881,1.5927,0.2858,0.3888,0.3218,0.3058,0.3448,0.3108,0.2968,0.3078
11/19/2022,10.4491,0.2267,0.2105,0.1965,0.2399,0.2404,0.2441,0.2154,0.2328,0.2374,0.2191,0.2122,0.2,0.2144,0.197,0.2029,0.223,0.2196,0.2059,0.2105,0.2034,0.2205,0.2017,0.2294,0.1921,0.2088,0.1985,0.2002,0.1916,0.223,0.2125,0.1931,0.1916,0.1919,0.2054,0.1997,0.2019,0.2063,0.2218,0.2499,0.4482,0.2161,0.2137,0.1963,0.2186,0.2056,0.2137,0.2223,0.223
11/18/2022,18.3193,0.4185,0.405,0.308,0.4308,0.6032,0.4969,0.3596,0.4443,0.3627,0.3493,0.4236,0.3029,0.3194,0.37,0.3772,0.3669,0.4112,0.404,0.3297,0.339,0.2926,0.3627,0.3101,0.3762,0.2699,0.3865,0.372,0.2936,0.5165,0.3762,0.2368,0.3328,0.2606,0.2564,0.3328,0.34,0.3493,0.3411,0.4101,0.9903,0.3359,0.469,0.4226,0.3596,0.405,0.404,0.3576,0.3369
11/17/2022,18.2749,0.4492,0.3845,0.3002,0.5098,0.4872,0.5253,0.5366,0.5859,0.4975,0.5006,0.3064,0.3064,0.3198,0.3465,0.3804,0.3054,0.2982,0.4061,0.404,0.3341,0.3557,0.3979,0.4307,0.3321,0.3013,0.2869,0.4872,0.3023,0.4266,0.3362,0.328,0.2807,0.2427,0.2602,0.2859,0.3033,0.3465,0.3537,0.3635,0.8329,0.327,0.291,0.366,0.3865,0.4122,0.3064,0.3937,0.3537
11/16/2022,14.7177,0.3319,0.2674,0.2439,0.3386,0.4307,0.299,0.4508,0.4401,0.3124,0.3252,0.2775,0.2876,0.2862,0.2883,0.2963,0.3225,0.2701,0.254,0.3205,0.3218,0.2661,0.3212,0.2755,0.2547,0.2715,0.2876,0.3662,0.2426,0.3601,0.2701,0.2285,0.2493,0.2312,0.2473,0.2406,0.2527,0.3165,0.2856,0.3406,0.7552,0.2688,0.2822,0.3077,0.2533,0.3339,0.3178,0.2614,0.2647
11/15/2022,20.4533,0.3734,0.3684,0.4967,0.5179,0.5926,0.6872,0.4045,0.6262,0.4207,0.351,0.5465,0.3385,0.3709,0.4132,0.346,0.4319,0.3211,0.4245,0.3622,0.4269,0.3834,0.3186,0.4942,0.3472,0.407,0.3236,0.4494,0.2962,0.4344,0.3622,0.3497,0.3049,0.2775,0.3373,0.2763,0.3771,0.4705,0.3908,0.4996,1.2933,0.3061,0.5141,0.3522,0.3198,0.4618,0.5054,0.4232,0.3572
11/14/2022,24.7223,0.471,0.6232,0.6048,0.5847,0.6249,0.6282,0.5162,0.7887,0.7152,0.4409,0.5463,0.5061,0.3891,0.3673,0.4693,0.4961,0.4627,0.5162,0.5362,0.4108,0.4208,0.5162,0.568,0.4459,0.374,0.5262,0.5396,0.3523,0.6566,0.3907,0.4125,0.4359,0.3974,0.4292,0.3824,0.4008,0.5262,0.3824,0.616,1.6872,0.4961,0.476,0.4158,0.3322,0.563,0.354,0.3941,0.5329
11/13/2022,11.8717,0.2526,0.2615,0.2724,0.2522,0.3537,0.3045,0.229,0.3064,0.2948,0.2929,0.2371,0.2422,0.2228,0.2209,0.2519,0.2251,0.2437,0.217,0.2379,0.2387,0.2282,0.2131,0.2348,0.2375,0.2302,0.2429,0.2538,0.2081,0.2631,0.2437,0.2147,0.2031,0.2255,0.1973,0.2007,0.2294,0.2549,0.2391,0.2352,0.3986,0.2588,0.2538,0.2108,0.2398,0.2379,0.2577,0.2588,0.2429
11/12/2022,9.2931,0.1906,0.1976,0.1885,0.199,0.2015,0.2181,0.2105,0.1969,0.2053,0.1893,0.1946,0.1893,0.1854,0.1848,0.1833,0.1933,0.1954,0.1868,0.1941,0.1872,0.195,0.1971,0.1906,0.1821,0.1824,0.1907,0.1893,0.1833,0.187,0.189,0.1819,0.1866,0.1846,0.1861,0.1853,0.1879,0.188,0.1915,0.2092,0.3106,0.1827,0.1963,0.1832,0.1843,0.1857,0.1951,0.1893,0.1868
11/11/2022,16.6742,0.3436,0.354,0.3384,0.4772,0.5102,0.3428,0.5136,0.354,0.3748,0.3462,0.4564,0.3931,0.3055,0.3497,0.341,0.3497,0.3627,0.3844,0.3757,0.3185,0.289,0.3159,0.4078,0.2994,0.2465,0.3349,0.3887,0.2829,0.4382,0.2968,0.276,0.2421,0.3037,0.2994,0.2534,0.3211,0.3488,0.3523,0.2729,0.5262,0.3332,0.3245,0.3653,0.3792,0.282,0.3315,0.3089,0.2621
11/10/2022,14.9845,0.3518,0.3357,0.3518,0.3643,0.4551,0.3846,0.3427,0.3434,0.284,0.3259,0.3944,0.349,0.2707,0.2819,0.3147,0.2854,0.2819,0.3105,0.2784,0.2805,0.3231,0.2896,0.3168,0.3427,0.2882,0.3175,0.2554,0.2561,0.3322,0.2645,0.24,0.2316,0.2316,0.2735,0.2295,0.2896,0.2791,0.3133,0.3297,0.7182,0.3092,0.2596,0.3203,0.2554,0.2749,0.3301,0.2505,0.2756
11/9/2022,12.895,0.2675,0.2934,0.2773,0.3517,0.3414,0.3189,0.3419,0.3184,0.2274,0.2303,0.2748,0.2792,0.268,0.2391,0.2778,0.2323,0.246,0.2562,0.2597,0.2783,0.243,0.2396,0.2518,0.2499,0.2401,0.2264,0.2651,0.2283,0.3223,0.2323,0.2323,0.2117,0.2186,0.2181,0.2254,0.2357,0.2885,0.2558,0.2856,0.569,0.2983,0.2274,0.2205,0.2714,0.2817,0.2871,0.2582,0.2313
11/8/2022,14.2284,0.2788,0.3074,0.285,0.371,0.3037,0.4065,0.28,0.2925,0.3168,0.2669,0.3336,0.2532,0.257,0.2501,0.2881,0.2657,0.3162,0.3193,0.318,0.318,0.2788,0.3087,0.2427,0.2626,0.2719,0.2364,0.3155,0.2476,0.3143,0.2807,0.2215,0.2451,0.2607,0.2321,0.2333,0.2651,0.2844,0.3074,0.3141,0.6657,0.3074,0.3404,0.2794,0.247,0.3099,0.333,0.3093,0.2856
11/7/2022,10.5824,0.2142,0.2356,0.2379,0.2245,0.2568,0.2317,0.2738,0.2392,0.2586,0.2325,0.2281,0.239,0.2101,0.2137,0.223,0.2072,0.2157,0.207,0.2255,0.2194,0.2121,0.2284,0.2064,0.2067,0.215,0.1933,0.2095,0.2005,0.2051,0.2088,0.2082,0.1863,0.1863,0.1917,0.1969,0.2121,0.1995,0.1974,0.2295,0.3794,0.2119,0.2183,0.2057,0.1984,0.2258,0.2294,0.2186,0.2077
11/6/2022,16.8522,0.2897,0.3092,0.3499,0.4712,0.5181,0.5181,0.3172,0.4756,0.3428,0.3313,0.2924,0.3809,0.2747,0.303,0.311,0.3667,0.3189,0.3835,0.3189,0.2933,0.3508,0.3154,0.2879,0.388,0.3402,0.2986,0.2614,0.2941,0.3012,0.326,0.2764,0.2941,0.2348,0.2738,0.3083,0.2906,0.3632,0.2729,0.4596,1.1581,0.3676,0.2817,0.3278,0.3225,0.3163,0.3694,0.3402,0.2649
11/5/2022,23.1664,0.4427,0.3699,0.3593,0.5216,0.7597,0.6444,0.5185,0.5443,0.3578,0.4427,0.6838,0.5367,0.3593,0.3426,0.3851,0.3547,0.4943,0.514,0.5352,0.5337,0.4973,0.4806,0.4927,0.3153,0.4002,0.3593,0.4518,0.382,0.5352,0.3669,0.376,0.3441,0.3517,0.2986,0.3229,0.3775,0.4624,0.3623,0.7146,2.021,0.5458,0.3487,0.3957,0.3896,0.514,0.5185,0.52,0.3214
11/4/2022,16.5407,0.3793,0.3315,0.387,0.3563,0.346,0.4596,0.4895,0.4331,0.3631,0.4297,0.3827,0.3665,0.3093,0.3204,0.3084,0.3503,0.2922,0.3238,0.311,0.3623,0.2683,0.3375,0.3452,0.323,0.2461,0.2632,0.3511,0.2615,0.4024,0.299,0.282,0.2931,0.2478,0.3008,0.2837,0.317,0.3059,0.3204,0.3539,0.8002,0.3443,0.4058,0.3366,0.2777,0.3204,0.3477,0.3469,0.2572
11/3/2022,15.6516,0.2837,0.2845,0.2646,0.4551,0.4,0.4437,0.4934,0.3947,0.3679,0.4107,0.3427,0.2524,0.2768,0.2822,0.3174,0.27,0.2677,0.3235,0.2883,0.335,0.3113,0.3159,0.3136,0.3281,0.2539,0.2952,0.4176,0.2646,0.3656,0.3059,0.2654,0.2692,0.257,0.2447,0.2417,0.2906,0.3258,0.2868,0.3323,0.7272,0.309,0.3648,0.3228,0.3258,0.2623,0.2891,0.3075,0.3036
11/2/2022,15.1181,0.3631,0.2898,0.3347,0.3702,0.366,0.2962,0.3197,0.3667,0.3354,0.3887,0.3738,0.2813,0.2556,0.2877,0.2919,0.2855,0.3048,0.3282,0.2976,0.2848,0.2685,0.2798,0.277,0.3225,0.2585,0.2749,0.3695,0.2649,0.398,0.3112,0.2443,0.2692,0.2564,0.2599,0.2585,0.2599,0.2471,0.2948,0.3331,0.7298,0.3211,0.3589,0.309,0.2834,0.2934,0.3354,0.3247,0.2927
11/1/2022,9.7376,0.2047,0.1898,0.1865,0.2169,0.2085,0.2016,0.2252,0.22,0.1893,0.2054,0.2252,0.1948,0.195,0.1919,0.1906,0.2042,0.2004,0.2085,0.1995,0.2,0.2052,0.1936,0.1879,0.2018,0.199,0.1896,0.187,0.191,0.211,0.1919,0.1816,0.1886,0.1828,0.1821,0.1818,0.1927,0.1938,0.2009,0.2266,0.3695,0.2026,0.2084,0.2056,0.2075,0.1955,0.203,0.1934,0.2052
10/31/2022,4.046,0.0643,0.0809,0.0706,0.0267,0.0172,0.0251,0.0943,0.0208,0.0544,0.0939,0.0678,0.0599,0.1157,0.1208,0.1129,0.1022,0.0998,0.1184,0.0836,0.0789,0.1188,0.1018,0.1188,0.1184,0.1046,0.1101,0.1026,0.1244,0.0658,0.103,0.1319,0.1074,0.1188,0.1378,0.1097,0.1042,0.0832,0.0979,0.0409,-0.2588,0.0979,0.1161,0.1216,0.0773,0.0726,0.1161,0.1117,0.0832
10/30/2022,4.3575,0.0898,0.1142,0.1011,0.0181,0.0239,0.0599,0.0275,0.0585,0.0501,0.1055,0.0843,0.1204,0.0975,0.1113,0.1182,0.096,0.1109,0.1073,0.0894,0.0778,0.1109,0.1004,0.1015,0.0862,0.1277,0.1262,0.1128,0.119,0.1131,0.1182,0.1222,0.1237,0.131,0.1379,0.1335,0.1077,0.0996,0.1211,0.0255,-0.311,0.0942,0.1208,0.1098,0.1248,0.0975,0.1153,0.0978,0.1284
10/29/2022,12.4058,0.2491,0.2812,0.257,0.3473,0.3803,0.3372,0.3112,0.2645,0.272,0.3037,0.3372,0.2266,0.2468,0.2402,0.2486,0.2433,0.2209,0.268,0.2645,0.2654,0.2389,0.2733,0.2424,0.2116,0.2468,0.2297,0.2543,0.2231,0.29,0.2539,0.2354,0.2367,0.2297,0.2195,0.2217,0.2288,0.2671,0.2543,0.2208,0.35,0.2275,0.209,0.2394,0.2147,0.2662,0.2869,0.2187,0.2504
10/28/2022,15.7853,0.3403,0.3076,0.3294,0.4851,0.4446,0.3543,0.4718,0.4103,0.2578,0.3784,0.3613,0.3068,0.2772,0.3091,0.3301,0.2811,0.285,0.2943,0.2788,0.3154,0.3247,0.2546,0.2951,0.3667,0.2624,0.2585,0.3878,0.2749,0.3948,0.3037,0.257,0.2251,0.25,0.243,0.2686,0.3037,0.2648,0.2531,0.4242,1.038,0.2531,0.2803,0.2788,0.2679,0.3185,0.2718,0.3185,0.327
10/27/2022,15.4291,0.2625,0.3509,0.284,0.4326,0.4349,0.4222,0.3465,0.3413,0.3933,0.2707,0.2944,0.3509,0.2603,0.2974,0.2573,0.342,0.3048,0.3063,0.3197,0.2811,0.2632,0.2536,0.3309,0.2788,0.3093,0.2736,0.3472,0.2573,0.3754,0.2818,0.2744,0.2811,0.2358,0.2306,0.2692,0.2692,0.3197,0.2588,0.3949,0.9391,0.267,0.3271,0.3457,0.3487,0.2863,0.3056,0.258,0.2937
10/26/2022,15.8735,0.2816,0.2848,0.2824,0.395,0.3635,0.3194,0.4517,0.4769,0.3029,0.4249,0.2738,0.2958,0.3139,0.2777,0.2974,0.3312,0.3194,0.2785,0.2863,0.2934,0.2903,0.3493,0.3753,0.3029,0.2942,0.3084,0.3226,0.2525,0.4344,0.3052,0.2682,0.2871,0.2241,0.2682,0.273,0.2942,0.2619,0.3147,0.4284,1.0522,0.3312,0.2793,0.3501,0.2438,0.2667,0.3265,0.3052,0.3131
10/25/2022,16.8075,0.4071,0.3375,0.3745,0.4485,0.4661,0.3895,0.4388,0.5287,0.2688,0.4054,0.3587,0.3578,0.268,0.3041,0.3375,0.2706,0.3719,0.3472,0.2926,0.3199,0.3613,0.3745,0.4133,0.3789,0.2847,0.2829,0.3578,0.2724,0.4467,0.3534,0.2838,0.2486,0.2979,0.2785,0.2953,0.297,0.3076,0.3322,0.324,0.699,0.3895,0.4124,0.2697,0.3507,0.2882,0.2856,0.3631,0.2653
10/24/2022,14.2732,0.2488,0.2714,0.3379,0.3072,0.4678,0.3097,0.3235,0.3417,0.3593,0.2601,0.4119,0.2419,0.2626,0.2997,0.2608,0.2997,0.2539,0.2463,0.2589,0.2652,0.2614,0.2733,0.2777,0.2965,0.2438,0.2501,0.304,0.2539,0.2658,0.2658,0.23,0.2325,0.2664,0.2457,0.2633,0.2608,0.2965,0.2821,0.353,0.7971,0.3191,0.3354,0.252,0.2677,0.321,0.2583,0.2821,0.2896
10/23/2022,11.0717,0.2392,0.2253,0.2152,0.2834,0.3159,0.264,0.2339,0.2355,0.2244,0.2336,0.2379,0.2259,0.2134,0.214,0.2051,0.2306,0.2201,0.2435,0.2244,0.2315,0.2075,0.2032,0.221,0.2158,0.2115,0.214,0.2177,0.2057,0.2677,0.213,0.2143,0.206,0.2152,0.2063,0.2029,0.2137,0.2063,0.2118,0.2622,0.4901,0.2502,0.21,0.2097,0.2014,0.2226,0.2342,0.214,0.2069
10/22/2022,6.8918,0.1405,0.1394,0.1489,0.1271,0.1263,0.1461,0.1447,0.1368,0.1338,0.1376,0.1391,0.1434,0.1529,0.1486,0.1514,0.1476,0.1456,0.1407,0.1505,0.1452,0.1461,0.1402,0.1431,0.1524,0.151,0.1427,0.1455,0.1536,0.1456,0.1489,0.1531,0.1486,0.1581,0.1503,0.1508,0.1498,0.1535,0.1505,0.1334,0.0541,0.151,0.1417,0.1457,0.1563,0.1421,0.1503,0.1456,0.1416
10/21/2022,7.8702,0.164,0.1632,0.1632,0.1629,0.1639,0.1643,0.164,0.1641,0.1635,0.1642,0.1648,0.1649,0.1642,0.1646,0.1637,0.1645,0.1641,0.1644,0.1642,0.164,0.1648,0.1641,0.1647,0.1638,0.1652,0.1644,0.1652,0.1652,0.1622,0.1641,0.1655,0.1653,0.1653,0.1648,0.1652,0.1645,0.1644,0.1648,0.1618,0.15,0.1642,0.1631,0.1652,0.1645,0.1641,0.1643,0.1638,0.165
10/20/2022,14.3176,0.3259,0.2513,0.3063,0.336,0.4219,0.288,0.269,0.3436,0.3075,0.2646,0.3057,0.2551,0.2646,0.288,0.2633,0.2538,0.276,0.276,0.2987,0.2766,0.2722,0.2867,0.2785,0.2728,0.281,0.2608,0.2343,0.2311,0.2753,0.2576,0.2096,0.2134,0.2671,0.2134,0.2437,0.2488,0.2589,0.293,0.437,1.0815,0.3278,0.2823,0.3227,0.2507,0.269,0.2962,0.2955,0.2848
10/19/2022,13.7398,0.2367,0.2947,0.2723,0.3756,0.4238,0.3676,0.2683,0.3084,0.3555,0.3176,0.3727,0.2757,0.2711,0.2711,0.2447,0.305,0.3033,0.2476,0.2683,0.2838,0.2327,0.2551,0.266,0.2952,0.2459,0.2625,0.3079,0.2361,0.3555,0.2774,0.2045,0.2143,0.2315,0.2464,0.2143,0.2459,0.2901,0.266,0.2728,0.526,0.27,0.2912,0.297,0.2671,0.2591,0.274,0.2935,0.278
10/18/2022,12.4501,0.2579,0.249,0.2659,0.3215,0.3002,0.2721,0.3447,0.2623,0.2543,0.2388,0.3122,0.241,0.257,0.2423,0.2428,0.2735,0.2348,0.2267,0.2405,0.2672,0.221,0.2227,0.2196,0.2205,0.2566,0.2432,0.2655,0.2138,0.3126,0.245,0.2339,0.2112,0.2272,0.2241,0.225,0.2316,0.2619,0.2681,0.298,0.6112,0.249,0.2147,0.2592,0.229,0.2428,0.2574,0.2454,0.2352
10/17/2022,9.0266,0.1864,0.184,0.1924,0.1981,0.2095,0.1923,0.2059,0.1991,0.1915,0.1939,0.1917,0.1822,0.1796,0.1849,0.1833,0.1881,0.1873,0.1822,0.1899,0.1865,0.1827,0.1796,0.1954,0.1911,0.1873,0.1786,0.1973,0.1785,0.1958,0.1814,0.1797,0.1776,0.1746,0.1781,0.1809,0.1847,0.1804,0.1859,0.1847,0.2278,0.1888,0.1939,0.1823,0.1785,0.192,0.1939,0.1881,0.1782
10/16/2022,12.05,0.2529,0.2456,0.2776,0.2566,0.2797,0.3226,0.3408,0.2768,0.2841,0.304,0.2566,0.2582,0.2315,0.2525,0.2205,0.2205,0.2347,0.2396,0.2311,0.2497,0.2404,0.2643,0.2574,0.2141,0.2464,0.2246,0.2606,0.2177,0.2254,0.2404,0.2217,0.2213,0.2274,0.2007,0.2323,0.2315,0.244,0.223,0.2344,0.3958,0.2529,0.2849,0.2602,0.2157,0.2598,0.2355,0.2319,0.2501
10/15/2022,10.6269,0.199,0.2218,0.2126,0.2339,0.283,0.2717,0.2208,0.2452,0.214,0.2549,0.235,0.2182,0.2108,0.2045,0.204,0.2242,0.2258,0.2011,0.2284,0.2069,0.2113,0.2145,0.2097,0.1966,0.1961,0.2129,0.2063,0.2021,0.2499,0.2134,0.2006,0.2079,0.1916,0.1893,0.1953,0.2134,0.2245,0.1964,0.246,0.4351,0.2108,0.2237,0.215,0.2016,0.2292,0.2029,0.1995,0.2155
10/14/2022,8.893,0.1855,0.1877,0.1777,0.1938,0.1952,0.2002,0.1902,0.1896,0.1782,0.19,0.1913,0.184,0.1787,0.1798,0.1876,0.1799,0.1815,0.1872,0.1828,0.1833,0.1856,0.1785,0.1785,0.1765,0.1804,0.1853,0.1942,0.178,0.181,0.1795,0.1756,0.1737,0.1793,0.1739,0.1755,0.1784,0.1823,0.186,0.195,0.2625,0.1895,0.1854,0.176,0.1837,0.189,0.1799,0.1841,0.1815
10/13/2022,11.2493,0.232,0.2102,0.2365,0.27,0.27,0.2651,0.2378,0.3015,0.2092,0.2781,0.2733,0.205,0.2073,0.2209,0.2401,0.2408,0.2443,0.2378,0.2339,0.2317,0.2151,0.2388,0.2541,0.2395,0.206,0.2057,0.2144,0.2076,0.2245,0.2339,0.2105,0.1956,0.2073,0.2177,0.205,0.2099,0.2261,0.2404,0.2262,0.3681,0.2502,0.2378,0.2073,0.2326,0.2456,0.2531,0.2242,0.2066
10/12/2022,9.0264,0.1874,0.1863,0.1835,0.1966,0.1903,0.199,0.1979,0.2094,0.1865,0.1854,0.1881,0.1914,0.1858,0.1822,0.1873,0.1797,0.1885,0.1843,0.191,0.1828,0.1798,0.1842,0.1891,0.1932,0.1765,0.1862,0.1795,0.1775,0.1958,0.1805,0.1769,0.1766,0.174,0.1786,0.182,0.1802,0.1907,0.1825,0.201,0.2828,0.1833,0.1904,0.184,0.1832,0.1902,0.1838,0.1808,0.1797
10/11/2022,11.4275,0.2462,0.25,0.2078,0.2469,0.2859,0.2733,0.2753,0.299,0.2551,0.2626,0.2691,0.2297,0.2321,0.2208,0.2321,0.25,0.239,0.252,0.2256,0.2194,0.2071,0.215,0.2126,0.2253,0.2212,0.2287,0.2452,0.2116,0.2328,0.2277,0.2057,0.2057,0.2119,0.2126,0.202,0.2236,0.2482,0.2469,0.2336,0.3931,0.2589,0.2455,0.2493,0.2006,0.2215,0.2218,0.2215,0.226
10/10/2022,9.6489,0.1954,0.1899,0.2016,0.2207,0.2069,0.2001,0.214,0.202,0.1904,0.1998,0.1886,0.1934,0.1906,0.1865,0.1876,0.2015,0.1878,0.2026,0.2021,0.1942,0.1963,0.1907,0.2099,0.1858,0.1988,0.1968,0.1967,0.1888,0.2031,0.2011,0.1899,0.1917,0.1807,0.1894,0.1858,0.1929,0.2036,0.1919,0.2314,0.3857,0.1944,0.1949,0.2069,0.198,0.2061,0.1879,0.1973,0.1967
10/9/2022,9.1595,0.1885,0.1879,0.1976,0.2035,0.1944,0.2093,0.2048,0.202,0.1795,0.1947,0.2086,0.1961,0.1794,0.187,0.189,0.1842,0.194,0.1921,0.1904,0.1864,0.1924,0.1863,0.1895,0.1804,0.1867,0.18,0.2033,0.182,0.2005,0.1863,0.1817,0.183,0.1806,0.1776,0.1843,0.1873,0.1901,0.1902,0.1869,0.235,0.1983,0.1841,0.1787,0.1829,0.1939,0.1835,0.1918,0.1928
10/8/2022,18.2304,0.3529,0.3252,0.3385,0.5718,0.6506,0.4582,0.6127,0.5268,0.4296,0.361,0.4715,0.3007,0.3406,0.3293,0.3375,0.3498,0.4122,0.3171,0.3089,0.3979,0.3815,0.2997,0.4286,0.403,0.3119,0.2802,0.4633,0.3099,0.4214,0.3723,0.3181,0.3007,0.2925,0.3109,0.3038,0.3334,0.403,0.3314,0.3604,0.8221,0.3099,0.3426,0.3743,0.2669,0.3078,0.3437,0.3743,0.27
10/7/2022,9.6487,0.1947,0.2067,0.2039,0.2145,0.2329,0.2015,0.209,0.201,0.1845,0.1947,0.2054,0.1926,0.1991,0.1893,0.1883,0.196,0.195,0.2082,0.2016,0.2067,0.1869,0.1982,0.2039,0.1899,0.1937,0.1896,0.1891,0.1858,0.2048,0.1968,0.1912,0.1894,0.1906,0.182,0.1807,0.1891,0.1935,0.1952,0.2262,0.3683,0.198,0.2003,0.1944,0.2005,0.1965,0.1978,0.2041,0.1866
10/6/2022,11.3829,0.2086,0.236,0.2073,0.2617,0.3338,0.278,0.3104,0.2702,0.2452,0.2607,0.2208,0.2083,0.2296,0.2164,0.2438,0.2384,0.2134,0.2238,0.215,0.2177,0.2306,0.2299,0.2059,0.2462,0.2211,0.2052,0.2668,0.2062,0.279,0.2313,0.2123,0.2137,0.2147,0.1924,0.2066,0.2184,0.2106,0.2293,0.2297,0.38,0.237,0.2641,0.2201,0.2357,0.2374,0.2553,0.2408,0.2235
10/5/2022,17.2966,0.3275,0.3442,0.3377,0.4893,0.5274,0.5162,0.3303,0.4521,0.3387,0.413,0.3154,0.2968,0.3117,0.2726,0.3359,0.3656,0.2847,0.3805,0.3833,0.3098,0.2717,0.2643,0.2875,0.3572,0.3461,0.3563,0.4614,0.268,0.4744,0.2987,0.2364,0.2736,0.2494,0.2643,0.2819,0.2885,0.3163,0.3889,0.4438,1.1046,0.2987,0.3433,0.3368,0.3898,0.2968,0.3926,0.3814,0.2912
10/4/2022,9.7822,0.2105,0.197,0.2027,0.2212,0.2428,0.2064,0.2093,0.2094,0.202,0.2148,0.2273,0.2098,0.1904,0.1979,0.2016,0.1943,0.1973,0.2002,0.197,0.1914,0.1884,0.2018,0.2055,0.2077,0.1948,0.1905,0.1877,0.1902,0.1948,0.1982,0.1784,0.1832,0.1868,0.1932,0.1831,0.1932,0.2014,0.1923,0.2252,0.3646,0.2007,0.2053,0.2044,0.2032,0.205,0.1938,0.193,0.1925
10/3/2022,10.1825,0.2232,0.2079,0.1979,0.2286,0.2479,0.2127,0.2494,0.207,0.235,0.2382,0.2199,0.1996,0.211,0.1915,0.1929,0.2097,0.2027,0.2149,0.2125,0.2127,0.2018,0.1977,0.204,0.2073,0.2094,0.1942,0.2038,0.1955,0.2001,0.2016,0.1959,0.2001,0.1902,0.1994,0.1985,0.1985,0.2197,0.2138,0.2204,0.3486,0.2153,0.2125,0.2051,0.1996,0.2153,0.2169,0.2121,0.19
10/2/2022,10.4936,0.2345,0.2288,0.1946,0.2589,0.2592,0.2467,0.2731,0.2205,0.2026,0.2515,0.2567,0.2163,0.2046,0.1983,0.1983,0.2175,0.2195,0.2185,0.2041,0.218,0.216,0.1968,0.224,0.2001,0.2101,0.2188,0.2066,0.1916,0.2195,0.2091,0.1981,0.2043,0.1899,0.1958,0.1874,0.2048,0.2153,0.2213,0.2196,0.3457,0.2061,0.2215,0.2198,0.2243,0.2038,0.2165,0.213,0.1916
10/1/2022,25.8338,0.5537,0.5715,0.5323,0.8568,0.9692,0.732,0.6981,0.6161,0.8123,0.4449,0.4502,0.3789,0.4163,0.4591,0.3789,0.3878,0.5875,0.493,0.5858,0.5751,0.4877,0.5412,0.4627,0.625,0.5233,0.4288,0.6856,0.3789,0.5554,0.4128,0.3379,0.4556,0.4395,0.3575,0.4502,0.4823,0.5162,0.5162,0.5938,1.6121,0.4556,0.3575,0.3896,0.4092,0.4574,0.4288,0.4484,0.5251
9/30/2022,13.8284,0.2751,0.2576,0.2558,0.3503,0.3205,0.3031,0.2687,0.2797,0.3648,0.3421,0.2459,0.2605,0.2424,0.2675,0.2955,0.292,0.2762,0.3135,0.2535,0.2523,0.2605,0.3019,0.2354,0.2255,0.2314,0.2628,0.2675,0.2483,0.3526,0.264,0.2215,0.2541,0.2582,0.2541,0.2372,0.2564,0.264,0.236,0.377,0.8784,0.2722,0.2844,0.2978,0.2611,0.2652,0.2873,0.2576,0.299
9/29/2022,11.8276,0.2578,0.2344,0.247,0.3068,0.3385,0.2857,0.2551,0.3041,0.2287,0.283,0.2715,0.2126,0.2275,0.2157,0.2287,0.2501,0.216,0.2398,0.2256,0.2203,0.2428,0.2562,0.2719,0.2516,0.2069,0.2103,0.283,0.2095,0.2604,0.239,0.2245,0.226,0.2134,0.2007,0.2222,0.2168,0.2118,0.2356,0.2602,0.4831,0.2252,0.2624,0.2164,0.2302,0.2601,0.2172,0.2218,0.2195
9/28/2022,10.8937,0.2361,0.2286,0.2237,0.2558,0.2616,0.2292,0.2865,0.2231,0.206,0.2298,0.2364,0.248,0.2037,0.2086,0.2196,0.2066,0.2332,0.2066,0.2257,0.2324,0.2164,0.2231,0.2092,0.2303,0.2057,0.2112,0.2124,0.2078,0.2439,0.2248,0.1889,0.1942,0.206,0.1959,0.1918,0.2052,0.2002,0.2127,0.2605,0.4841,0.2037,0.2509,0.2263,0.208,0.2141,0.2164,0.2202,0.2286
9/27/2022,8.6706,0.1823,0.1826,0.1749,0.1942,0.1938,0.1846,0.181,0.1822,0.1837,0.1864,0.1888,0.1761,0.1793,0.1784,0.1799,0.1823,0.1773,0.1748,0.1822,0.1807,0.1786,0.1759,0.1829,0.1777,0.1752,0.179,0.1832,0.1742,0.1755,0.1757,0.1718,0.174,0.1716,0.1724,0.1763,0.1784,0.1807,0.1826,0.1844,0.2266,0.1835,0.1761,0.1777,0.1746,0.18,0.1847,0.1775,0.1743
9/26/2022,26.5451,0.43,0.4411,0.6822,0.7156,0.5765,0.5784,0.5654,0.9011,0.7397,0.7935,0.4263,0.5728,0.4875,0.4393,0.4912,0.4968,0.4467,0.6118,0.6006,0.5246,0.5506,0.3595,0.4022,0.5468,0.4226,0.5543,0.6563,0.43,0.7304,0.4133,0.3243,0.3391,0.3744,0.4615,0.3224,0.456,0.4448,0.4912,0.7424,2.1149,0.6414,0.3818,0.3744,0.4263,0.4708,0.5617,0.4541,0.5765
9/25/2022,20.0533,0.4511,0.4451,0.4644,0.4487,0.6826,0.603,0.4813,0.644,0.3089,0.5608,0.4957,0.321,0.3933,0.3655,0.3752,0.4017,0.4451,0.4403,0.3366,0.3571,0.3909,0.4186,0.3173,0.2968,0.3523,0.4101,0.4294,0.3342,0.5644,0.3655,0.2703,0.3234,0.3101,0.3137,0.2631,0.3426,0.3595,0.3222,0.4226,1.0329,0.4933,0.4584,0.3523,0.3668,0.4355,0.3197,0.4475,0.3185
9/24/2022,20.4977,0.3604,0.3591,0.4154,0.5654,0.4666,0.5991,0.4554,0.5904,0.4091,0.3516,0.4954,0.4654,0.3404,0.3641,0.4529,0.3241,0.3829,0.4091,0.4216,0.3416,0.4004,0.4679,0.4366,0.3129,0.3629,0.3941,0.2916,0.3004,0.4016,0.4091,0.2966,0.3616,0.3541,0.3541,0.2941,0.3441,0.4504,0.4541,0.5638,1.5105,0.4029,0.4041,0.3429,0.3829,0.3929,0.5041,0.3454,0.3916
9/23/2022,19.831,0.3122,0.4743,0.382,0.6506,0.6754,0.5701,0.6801,0.4139,0.4648,0.4932,0.5062,0.3713,0.2968,0.3465,0.3193,0.4388,0.3631,0.3796,0.4435,0.408,0.3867,0.4317,0.427,0.3713,0.2791,0.427,0.5121,0.3228,0.5429,0.3453,0.3359,0.3382,0.3276,0.35,0.2873,0.3583,0.3926,0.3406,0.3062,0.6388,0.4613,0.4778,0.3347,0.3323,0.3441,0.3844,0.4104,0.3749
9/22/2022,11.65,0.2309,0.2313,0.2141,0.2641,0.2703,0.2849,0.27,0.2809,0.2623,0.2137,0.3013,0.2218,0.2112,0.2148,0.2462,0.2386,0.2437,0.2276,0.224,0.2554,0.2382,0.2192,0.2554,0.2309,0.2108,0.2415,0.2386,0.205,0.2554,0.224,0.2083,0.2203,0.2156,0.2167,0.2141,0.213,0.2492,0.2382,0.2647,0.4983,0.2645,0.2262,0.2462,0.2451,0.2524,0.213,0.2342,0.2039
9/21/2022,9.3824,0.2037,0.2009,0.2036,0.2054,0.2333,0.1965,0.1939,0.1932,0.1997,0.2,0.1939,0.1985,0.1874,0.196,0.196,0.1968,0.1929,0.1996,0.1946,0.1958,0.1924,0.1823,0.2054,0.1891,0.1889,0.1896,0.2027,0.1838,0.2073,0.1873,0.187,0.1794,0.1803,0.1839,0.187,0.1914,0.1853,0.1886,0.1917,0.2514,0.2025,0.1985,0.1902,0.1827,0.1933,0.2022,0.1877,0.1888
9/20/2022,8.1369,0.1704,0.1685,0.1687,0.1707,0.1715,0.1694,0.1713,0.1715,0.1702,0.1704,0.1714,0.17,0.1694,0.1687,0.1695,0.1692,0.1698,0.1697,0.1691,0.1692,0.1694,0.1691,0.1703,0.1694,0.1691,0.1694,0.1707,0.1681,0.1702,0.1693,0.1688,0.1683,0.168,0.1683,0.1688,0.169,0.1685,0.1691,0.168,0.1712,0.1697,0.1694,0.1693,0.1692,0.1691,0.1704,0.169,0.1692
9/19/2022,12.4056,0.2283,0.2755,0.2433,0.2922,0.2662,0.2517,0.2526,0.2592,0.2755,0.3151,0.3372,0.2909,0.2261,0.2605,0.2345,0.2654,0.257,0.2209,0.2623,0.2279,0.2662,0.2579,0.2883,0.2499,0.2191,0.2636,0.2684,0.212,0.2676,0.2517,0.2178,0.2001,0.2001,0.2019,0.2032,0.2266,0.2156,0.242,0.3105,0.6533,0.2847,0.2389,0.2424,0.257,0.246,0.2213,0.246,0.2112
9/18/2022,27.746,0.6939,0.4708,0.6564,0.6741,1.0315,0.7176,0.9289,0.9269,0.7531,0.6998,0.686,0.5043,0.5695,0.4076,0.3957,0.6109,0.5023,0.4609,0.4451,0.4411,0.4806,0.4352,0.5359,0.5004,0.5675,0.4964,0.5438,0.4115,0.6386,0.4767,0.4708,0.4905,0.4016,0.3839,0.3543,0.4944,0.3918,0.6307,0.5941,1.6131,0.4629,0.4964,0.5142,0.4648,0.4787,0.6485,0.6406,0.5517
9/17/2022,10.6271,0.1987,0.2334,0.2245,0.2402,0.2857,0.2373,0.2455,0.241,0.2321,0.2237,0.2008,0.2318,0.1982,0.1974,0.2016,0.2258,0.2074,0.2316,0.2195,0.2163,0.1982,0.1927,0.2205,0.1945,0.1974,0.2134,0.2084,0.2027,0.2155,0.2045,0.1956,0.2066,0.1943,0.1987,0.1982,0.2003,0.2013,0.23,0.2534,0.4603,0.2355,0.2423,0.2263,0.1945,0.2229,0.2147,0.199,0.2129
9/16/2022,12.5393,0.2511,0.2629,0.2874,0.2688,0.3187,0.3482,0.252,0.3455,0.3174,0.282,0.2974,0.2665,0.2515,0.2643,0.2629,0.2225,0.2338,0.2565,0.2552,0.2633,0.2688,0.2316,0.2779,0.2783,0.2475,0.2552,0.2148,0.2125,0.2552,0.2302,0.2248,0.2184,0.2125,0.2098,0.2121,0.2357,0.2407,0.2443,0.2608,0.4851,0.2257,0.252,0.2661,0.2643,0.2697,0.2284,0.247,0.262
9/15/2022,8.2258,0.1718,0.1703,0.1721,0.1753,0.1729,0.1719,0.1704,0.175,0.1696,0.1713,0.1717,0.1704,0.1692,0.1708,0.1703,0.1717,0.1708,0.1713,0.1699,0.1722,0.1717,0.1693,0.1722,0.1727,0.1706,0.1693,0.1716,0.1696,0.1719,0.1709,0.1703,0.1689,0.1692,0.1689,0.1687,0.17,0.1707,0.1693,0.1737,0.1905,0.1708,0.1698,0.1722,0.1707,0.1718,0.1708,0.1712,0.1696
9/14/2022,8.0482,0.1678,0.1677,0.1676,0.1682,0.168,0.1676,0.1677,0.1676,0.1681,0.1681,0.1673,0.1678,0.1673,0.1675,0.1678,0.1675,0.1677,0.1679,0.1677,0.1676,0.1672,0.1675,0.1677,0.1673,0.1676,0.1675,0.1673,0.1673,0.1683,0.1677,0.1674,0.1673,0.1674,0.1672,0.1672,0.1674,0.1672,0.1675,0.1678,0.1705,0.1678,0.168,0.1677,0.1678,0.1674,0.1678,0.1673,0.1676
9/13/2022,7.6478,0.1591,0.1587,0.1616,0.1545,0.152,0.1603,0.1518,0.1518,0.1578,0.1599,0.1542,0.159,0.1628,0.1593,0.1601,0.1621,0.1585,0.1608,0.1599,0.1613,0.1588,0.16,0.1624,0.1626,0.1598,0.1621,0.1602,0.1622,0.1608,0.1612,0.1641,0.1633,0.1613,0.1637,0.1636,0.1618,0.1626,0.1599,0.1576,0.1359,0.1571,0.1567,0.1606,0.1604,0.1617,0.1594,0.1622,0.1603
9/12/2022,22.3211,0.4803,0.423,0.3314,0.5519,0.708,0.5362,0.5147,0.7094,0.5462,0.5362,0.7008,0.5705,0.36,0.3428,0.4746,0.4244,0.3829,0.3643,0.4431,0.4087,0.4631,0.3414,0.4774,0.4445,0.3829,0.3199,0.5175,0.34,0.5347,0.3729,0.3414,0.3428,0.3514,0.3357,0.3758,0.3829,0.519,0.4817,0.4584,1.1538,0.3485,0.4946,0.4803,0.5175,0.4961,0.4015,0.3972,0.4388
9/11/2022,19.9202,0.3705,0.3288,0.442,0.4969,0.7508,0.4337,0.3967,0.5708,0.5612,0.4182,0.628,0.3204,0.3753,0.3979,0.3419,0.3848,0.4003,0.3347,0.3622,0.3991,0.3419,0.3335,0.3526,0.4194,0.2739,0.3157,0.4802,0.2978,0.3538,0.3288,0.2787,0.2585,0.3121,0.2632,0.3264,0.3514,0.3133,0.4015,0.5832,1.5763,0.4408,0.4039,0.4003,0.293,0.3598,0.473,0.3693,0.3037
9/10/2022,18.4973,0.3682,0.343,0.3094,0.4438,0.5614,0.5267,0.3661,0.4952,0.4197,0.5183,0.5425,0.3052,0.3315,0.364,0.4071,0.322,0.363,0.3787,0.3294,0.3997,0.3031,0.2674,0.4543,0.4081,0.2968,0.3105,0.3199,0.2989,0.3136,0.3273,0.2622,0.3136,0.3,0.3,0.2874,0.3294,0.3178,0.3987,0.4514,1.1301,0.2905,0.3525,0.4217,0.4008,0.3273,0.4364,0.4092,0.3735
9/9/2022,19.5197,0.3279,0.4017,0.4835,0.5238,0.7576,0.6378,0.6597,0.3775,0.4708,0.5606,0.3625,0.336,0.3464,0.3452,0.4017,0.3441,0.3855,0.4385,0.3855,0.4097,0.3844,0.2784,0.4051,0.4777,0.2773,0.2888,0.4639,0.3326,0.3878,0.4051,0.3014,0.26,0.2565,0.2945,0.3337,0.3614,0.3498,0.4086,0.4344,1.0728,0.336,0.4178,0.3291,0.3706,0.3326,0.3141,0.3902,0.2991
9/8/2022,11.7832,0.2401,0.2268,0.2351,0.2972,0.3055,0.3142,0.2518,0.2802,0.2756,0.2851,0.2983,0.2401,0.2121,0.2336,0.2253,0.2268,0.2158,0.2181,0.2465,0.2461,0.2283,0.203,0.2223,0.2245,0.231,0.2438,0.248,0.2136,0.2336,0.2208,0.2272,0.2034,0.2087,0.2045,0.2261,0.2227,0.2351,0.2541,0.2639,0.4958,0.2597,0.2162,0.245,0.2367,0.2491,0.2321,0.2189,0.2408
9/7/2022,7.9145,0.1649,0.1647,0.1655,0.1634,0.1625,0.1634,0.1651,0.1641,0.1645,0.1653,0.1651,0.1644,0.1656,0.1652,0.1649,0.1653,0.1648,0.165,0.1651,0.1655,0.1656,0.1653,0.165,0.1653,0.1659,0.1652,0.164,0.1657,0.164,0.1652,0.1656,0.166,0.1654,0.166,0.1653,0.1655,0.1653,0.1647,0.1645,0.1593,0.1655,0.1652,0.1655,0.1651,0.1647,0.1646,0.1652,0.1656
9/6/2022,7.5145,0.1582,0.1588,0.1541,0.152,0.1503,0.1473,0.1497,0.1528,0.1591,0.1578,0.1593,0.1557,0.1567,0.1605,0.1585,0.1598,0.1604,0.1587,0.1552,0.1552,0.1598,0.1583,0.1563,0.161,0.1597,0.1585,0.1599,0.1598,0.1554,0.1586,0.1603,0.1595,0.1617,0.163,0.1612,0.1581,0.1585,0.1576,0.1529,0.1201,0.1536,0.1551,0.1595,0.1555,0.157,0.1573,0.156,0.1602
9/5/2022,12.3168,0.2733,0.2724,0.2375,0.2893,0.3061,0.3031,0.3549,0.3316,0.2927,0.2841,0.2241,0.228,0.256,0.234,0.2629,0.2215,0.2608,0.2513,0.228,0.2431,0.2236,0.2249,0.2629,0.2651,0.2504,0.2513,0.2906,0.212,0.2418,0.2422,0.1947,0.2051,0.2258,0.2288,0.2176,0.2362,0.2142,0.234,0.2646,0.4982,0.2754,0.2517,0.2651,0.253,0.2474,0.2331,0.2262,0.2262
9/4/2022,20.9876,0.4602,0.4836,0.381,0.6914,0.6991,0.6693,0.4082,0.4589,0.5329,0.5732,0.3511,0.516,0.3732,0.4394,0.3615,0.4654,0.3589,0.4615,0.4069,0.4381,0.3277,0.3433,0.4991,0.2952,0.3589,0.442,0.4758,0.303,0.5043,0.4407,0.3524,0.2978,0.2849,0.3095,0.3563,0.3355,0.4459,0.4602,0.3924,0.9306,0.5108,0.4719,0.3836,0.3147,0.4394,0.4355,0.3797,0.3667
9/3/2022,23.433,0.5278,0.3781,0.5679,0.7886,0.804,0.7161,0.4923,0.5124,0.6405,0.6235,0.7207,0.4229,0.3457,0.4445,0.3951,0.5324,0.409,0.4969,0.5432,0.3843,0.3781,0.3935,0.358,0.3472,0.412,0.463,0.5957,0.3488,0.5077,0.4522,0.2778,0.3843,0.3673,0.4074,0.321,0.3688,0.4059,0.392,0.4983,1.2888,0.4784,0.3426,0.4074,0.5448,0.4938,0.4522,0.4985,0.5016
9/2/2022,8.5371,0.1786,0.177,0.1766,0.1827,0.1899,0.1855,0.1808,0.177,0.1745,0.1844,0.185,0.1786,0.1746,0.1763,0.1756,0.1747,0.1778,0.1779,0.1769,0.1798,0.1733,0.1731,0.1752,0.1777,0.1768,0.1763,0.1779,0.1723,0.184,0.1755,0.1731,0.1731,0.1745,0.1716,0.1725,0.1752,0.1791,0.1784,0.177,0.2018,0.1796,0.1755,0.1761,0.1777,0.1768,0.1762,0.1748,0.1778
9/1/2022,7.2032,0.1481,0.1482,0.1516,0.1406,0.1285,0.1382,0.1421,0.1508,0.1472,0.1453,0.1448,0.1468,0.1509,0.1564,0.1553,0.1474,0.1531,0.1522,0.1491,0.1544,0.1527,0.1562,0.1479,0.1589,0.151,0.1566,0.1534,0.1567,0.1511,0.1519,0.1549,0.1565,0.1545,0.1565,0.155,0.1538,0.1495,0.1522,0.1483,0.1044,0.1534,0.1499,0.1568,0.1538,0.1535,0.1501,0.1542,0.1585
8/31/2022,12.4055,0.2596,0.235,0.2455,0.2693,0.3914,0.3473,0.2662,0.2539,0.2931,0.305,0.3209,0.2301,0.2438,0.2156,0.2231,0.2283,0.2464,0.2477,0.2345,0.2477,0.2627,0.2385,0.2314,0.2301,0.2451,0.2446,0.2649,0.2187,0.2358,0.2438,0.2147,0.2046,0.2173,0.2204,0.2112,0.2292,0.2627,0.2649,0.302,0.6247,0.2222,0.264,0.235,0.238,0.2433,0.2407,0.2667,0.2239
8/30/2022,26.2338,0.648,0.4384,0.5623,0.896,0.5788,0.8887,0.5478,0.6754,0.4347,0.3982,0.7957,0.6098,0.4329,0.4712,0.566,0.5313,0.4602,0.4566,0.6061,0.5915,0.5751,0.4985,0.679,0.4529,0.5386,0.4766,0.3527,0.3764,0.4456,0.5149,0.318,0.3909,0.3071,0.3217,0.4055,0.4621,0.4858,0.4365,0.655,1.8191,0.3873,0.659,0.4365,0.4766,0.597,0.5879,0.4183,0.5696
8/29/2022,10.6272,0.21,0.2224,0.2258,0.2741,0.2862,0.23,0.2657,0.2544,0.2489,0.225,0.2389,0.2302,0.2045,0.2184,0.2145,0.2119,0.2263,0.2008,0.2053,0.2069,0.2176,0.2184,0.2042,0.2126,0.2019,0.2129,0.2255,0.1987,0.2116,0.2176,0.1877,0.199,0.2042,0.1987,0.2079,0.2027,0.1995,0.2132,0.2319,0.3873,0.2008,0.2132,0.2011,0.2103,0.2245,0.2006,0.2029,0.2205
8/28/2022,25.2111,0.4369,0.6193,0.5281,0.6365,1.0324,0.7536,0.4902,0.504,0.5642,0.5161,0.5488,0.5333,0.4679,0.4971,0.418,0.5488,0.4799,0.578,0.5333,0.578,0.4627,0.4248,0.5057,0.3698,0.4093,0.3818,0.5057,0.4042,0.5642,0.4386,0.4317,0.4489,0.3543,0.3371,0.3973,0.4128,0.4902,0.4644,0.6189,1.6971,0.6193,0.6692,0.3732,0.418,0.4799,0.3594,0.4059,0.5023
8/27/2022,11.1604,0.2536,0.2093,0.221,0.2473,0.2356,0.2849,0.2511,0.2934,0.2814,0.2482,0.2337,0.2545,0.2134,0.2318,0.2084,0.2368,0.2226,0.2334,0.233,0.2239,0.2299,0.2033,0.2311,0.2409,0.2185,0.2169,0.2627,0.2109,0.245,0.2157,0.1989,0.2065,0.203,0.2093,0.1992,0.2128,0.2191,0.2106,0.2294,0.3789,0.2422,0.2172,0.2454,0.2283,0.2261,0.2179,0.2103,0.2131
8/26/2022,3.8239,0.0973,0.074,0.0664,0.0414,-0.0037,0.0685,0.0798,0.0013,0.1191,0.0564,0.0514,0.0702,0.1061,0.0994,0.1024,0.0882,0.0911,0.1032,0.0944,0.0877,0.0973,0.1049,0.0514,0.0957,0.0802,0.0836,0.1224,0.122,0.0886,0.0911,0.1099,0.104,0.1019,0.1228,0.1086,0.0994,0.109,0.0748,0.061,-0.1908,0.0635,0.0723,0.079,0.0907,0.1132,0.1199,0.076,0.0769
8/25/2022,4.402,0.1008,0.1084,0.1116,0.0508,-0.0161,0.0846,0.0238,0.0245,0.1282,0.1023,0.0666,0.0731,0.112,0.1048,0.0954,0.1073,0.103,0.0936,0.081,0.0789,0.1138,0.1113,0.0818,0.1141,0.1264,0.1282,0.0702,0.1303,0.1206,0.1163,0.1336,0.1282,0.131,0.1375,0.1343,0.1109,0.0936,0.117,0.0607,-0.1919,0.0699,0.1188,0.1023,0.0915,0.0771,0.0897,0.1228,0.1274
8/24/2022,3.9133,0.1082,0.1033,0.1017,-0.0005,-0.0144,0.0796,-0.0017,0.0682,0.1144,0.0984,0.0502,0.0923,0.0866,0.105,0.1156,0.0796,0.1103,0.1082,0.0788,0.0862,0.1188,0.0833,0.0923,0.1197,0.0964,0.0776,0.0445,0.1131,0.033,0.0984,0.109,0.1217,0.1246,0.1172,0.1013,0.0996,0.0669,0.0968,0.0654,-0.1759,0.0649,0.0706,0.0821,0.1287,0.1005,0.1188,0.0956,0.0784
8/23/2022,4.4464,0.1166,0.108,0.0864,0.0366,0.0785,0.0263,0.0608,0.0245,0.0686,0.0537,0.0828,0.0977,0.1084,0.1176,0.1102,0.0821,0.0864,0.0785,0.1137,0.1052,0.1059,0.1009,0.0761,0.0824,0.1034,0.1208,0.0625,0.1169,0.0672,0.1048,0.1386,0.1212,0.1386,0.1116,0.1326,0.1052,0.097,0.1016,0.118,0.0021,0.0931,0.108,0.1123,0.1127,0.1034,0.0807,0.0835,0.1027
8/22/2022,4.4021,0.0746,0.1026,0.0897,0.0674,0.0181,0.0976,0.1005,0.0753,0.0972,0.0627,0.0389,0.1023,0.1246,0.0936,0.0907,0.1001,0.0961,0.094,0.0925,0.0832,0.1195,0.0925,0.0857,0.0767,0.1177,0.1059,0.0922,0.1271,0.0497,0.1145,0.1113,0.1278,0.1127,0.1138,0.1102,0.121,0.103,0.1224,0.0915,-0.0877,0.0854,0.0695,0.1181,0.1087,0.0936,0.1206,0.1073,0.0897
8/21/2022,4.402,0.0972,0.0789,0.0936,0.0695,0.076,0.0497,0.0566,0.035,0.0404,0.0576,0.0796,0.0652,0.0976,0.1015,0.0958,0.108,0.0943,0.094,0.0879,0.0987,0.099,0.0961,0.1113,0.1098,0.1084,0.1282,0.1138,0.1206,0.0609,0.1059,0.1113,0.1134,0.1256,0.1105,0.1239,0.1199,0.1206,0.1253,0.0976,-0.0669,0.0742,0.1069,0.0882,0.1005,0.0879,0.1066,0.0972,0.1282
8/20/2022,4.4022,0.1084,0.0987,0.0666,0.0307,0.0033,0.0422,0.0879,0.0879,0.0893,0.0836,0.0289,0.1203,0.0987,0.1267,0.1008,0.0886,0.0861,0.1145,0.094,0.0965,0.117,0.1062,0.0839,0.1073,0.1163,0.0947,0.054,0.121,0.0666,0.1192,0.1318,0.1174,0.1131,0.1138,0.1264,0.112,0.0925,0.0828,0.1079,-0.0322,0.1264,0.0666,0.1062,0.0972,0.0843,0.1098,0.1127,0.0936
8/19/2022,4.0911,0.1147,0.0725,0.0623,0.0361,-0.0323,0.0048,-0.0022,0.0748,0.042,0.108,0.0478,0.0908,0.1135,0.1127,0.1033,0.0811,0.0998,0.1057,0.0873,0.0725,0.0803,0.101,0.0631,0.1033,0.1092,0.0897,0.0404,0.1225,0.1096,0.0928,0.1233,0.128,0.1346,0.1147,0.108,0.1065,0.1221,0.1131,0.1199,0.0082,0.0678,0.0709,0.0928,0.0971,0.1026,0.0744,0.0998,0.1002
8/18/2022,4.9354,0.1026,0.1084,0.0818,0.0689,0.0625,0.0793,0.0775,0.0744,0.0986,0.0683,0.0824,0.0833,0.1235,0.1115,0.117,0.1051,0.1305,0.1127,0.1219,0.1204,0.1048,0.1219,0.083,0.1299,0.1124,0.1094,0.0968,0.1302,0.0793,0.1115,0.1195,0.1422,0.136,0.1296,0.1412,0.1265,0.1302,0.1192,0.0773,-0.1356,0.0977,0.1345,0.1167,0.1333,0.1244,0.1173,0.1032,0.1124
8/17/2022,5.8247,0.1351,0.1197,0.141,0.084,0.0838,0.0929,0.1099,0.0986,0.1319,0.1066,0.1114,0.1227,0.1282,0.1212,0.1303,0.1319,0.124,0.1188,0.1184,0.1238,0.1338,0.1216,0.116,0.1175,0.1395,0.1388,0.1147,0.1417,0.1371,0.1312,0.1514,0.1375,0.1388,0.1349,0.1493,0.133,0.1197,0.1377,0.104,-0.0454,0.1119,0.1049,0.1253,0.1443,0.129,0.1427,0.1371,0.1425
8/16/2022,5.4693,0.1115,0.1219,0.1155,0.0971,0.089,0.1105,0.0875,0.1112,0.1335,0.1226,0.0715,0.1378,0.1312,0.1307,0.116,0.1272,0.1123,0.1193,0.1168,0.1277,0.1315,0.1411,0.1279,0.113,0.1378,0.1209,0.115,0.1335,0.1186,0.1241,0.1333,0.1434,0.1287,0.1462,0.136,0.1252,0.129,0.1244,0.0654,-0.1762,0.1348,0.1176,0.1391,0.1328,0.1057,0.1074,0.1057,0.1166
8/15/2022,4.8911,0.1039,0.1138,0.1004,0.0557,0.0131,0.1029,0.056,0.0439,0.1036,0.0933,0.1191,0.0967,0.1067,0.1222,0.1088,0.1166,0.1085,0.1151,0.1144,0.1098,0.0998,0.1073,0.1023,0.1284,0.1309,0.098,0.0635,0.1244,0.1147,0.1023,0.1182,0.1421,0.13,0.1412,0.1312,0.1126,0.0989,0.1253,0.103,-0.0488,0.1132,0.1203,0.1054,0.1197,0.0945,0.1045,0.1001,0.1036
8/14/2022,5.158,0.124,0.1044,0.1263,0.0803,0.0646,0.0703,0.0868,0.0902,0.1084,0.1127,0.0698,0.0891,0.1104,0.1081,0.1155,0.1286,0.1178,0.1223,0.1124,0.1004,0.1235,0.1397,0.0871,0.1269,0.1277,0.109,0.0891,0.1323,0.1135,0.1124,0.1226,0.1283,0.1292,0.1382,0.1411,0.1158,0.099,0.1004,0.1038,-0.0461,0.1084,0.1215,0.1388,0.0993,0.1147,0.1189,0.101,0.1195
8/13/2022,4.4021,0.0756,0.0972,0.0764,0.0648,0.0825,0.053,0.031,0.0659,0.0505,0.1109,0.1048,0.1203,0.1073,0.1224,0.1059,0.1181,0.0821,0.1145,0.1069,0.0929,0.1149,0.13,0.1206,0.0969,0.0925,0.1213,0.058,0.1289,0.0987,0.0958,0.1109,0.1152,0.1105,0.1264,0.1346,0.1102,0.1181,0.0922,0.0302,-0.2952,0.1098,0.13,0.1213,0.1228,0.103,0.0774,0.1159,0.1282
8/12/2022,6.3586,0.1315,0.1274,0.1329,0.1125,0.1289,0.1329,0.1082,0.1015,0.1466,0.1314,0.1425,0.1222,0.1358,0.1483,0.1475,0.1319,0.1384,0.134,0.1292,0.132,0.1402,0.1353,0.1388,0.1279,0.1516,0.1383,0.1491,0.1465,0.144,0.1327,0.1475,0.1476,0.1476,0.1434,0.1483,0.1434,0.1371,0.1378,0.1094,-0.0272,0.1378,0.1209,0.1478,0.1443,0.1391,0.1329,0.1379,0.143
8/11/2022,5.2915,0.1301,0.1103,0.1342,0.0553,0.0429,0.0562,0.0513,0.1019,0.0765,0.1315,0.0686,0.0962,0.129,0.1285,0.1312,0.1323,0.1347,0.1041,0.1087,0.1185,0.1282,0.1025,0.1071,0.0962,0.1304,0.1266,0.1241,0.1312,0.1266,0.1236,0.1396,0.1217,0.1472,0.1279,0.1445,0.1285,0.1363,0.1206,0.1091,-0.0282,0.113,0.09,0.1201,0.1393,0.1166,0.0962,0.1157,0.1149
8/10/2022,5.024,0.1214,0.122,0.0941,0.0497,0.0232,0.0857,0.0387,0.0979,0.1223,0.0905,0.1015,0.0911,0.114,0.1214,0.1051,0.1051,0.1146,0.1152,0.1253,0.1194,0.1104,0.133,0.1197,0.1155,0.1274,0.1164,0.1226,0.1262,0.1253,0.1235,0.1214,0.1348,0.1316,0.1381,0.1217,0.1137,0.097,0.1045,0.0884,-0.0982,0.092,0.114,0.1095,0.1336,0.0976,0.1327,0.1152,0.0982
8/9/2022,6.0022,0.1181,0.1191,0.1251,0.0912,0.1095,0.1002,0.1133,0.086,0.1217,0.1127,0.1123,0.1113,0.1265,0.1395,0.1423,0.1413,0.1319,0.1403,0.1203,0.1323,0.1335,0.1191,0.1193,0.1355,0.1383,0.1275,0.1271,0.1397,0.1014,0.1347,0.1467,0.1499,0.1479,0.1467,0.1489,0.1351,0.1261,0.1237,0.1231,0.0193,0.1181,0.1283,0.1461,0.1407,0.1345,0.1335,0.1295,0.1331
8/8/2022,12.5837,0.251,0.2707,0.2455,0.2808,0.2785,0.3569,0.2716,0.29,0.2235,0.2927,0.2877,0.273,0.2363,0.2258,0.2373,0.2703,0.2405,0.2345,0.2487,0.2487,0.2657,0.2185,0.2785,0.2712,0.2263,0.2217,0.2212,0.2157,0.2822,0.2359,0.2235,0.2189,0.2395,0.2171,0.2267,0.2437,0.2615,0.2611,0.3234,0.697,0.2707,0.2597,0.2469,0.2175,0.2345,0.2643,0.2538,0.223
8/7/2022,25.8339,0.6571,0.4306,0.5002,0.707,0.8907,0.7142,0.9086,0.7962,0.6963,0.4912,0.4253,0.4092,0.4752,0.5412,0.5554,0.4484,0.5358,0.3878,0.5519,0.5554,0.534,0.5537,0.5804,0.5305,0.4449,0.3825,0.3825,0.3842,0.5519,0.5216,0.4253,0.4431,0.3842,0.3967,0.452,0.4377,0.6143,0.5537,0.5149,1.345,0.5305,0.3557,0.5822,0.4538,0.5447,0.3771,0.4645,0.4146
8/6/2022,14.0506,0.2744,0.3016,0.2405,0.3688,0.4371,0.416,0.373,0.3373,0.2592,0.2447,0.3143,0.3185,0.2798,0.249,0.2586,0.2502,0.2447,0.2459,0.2907,0.3052,0.2605,0.226,0.2477,0.304,0.2786,0.2816,0.3391,0.235,0.2526,0.2484,0.2296,0.2453,0.252,0.2586,0.2199,0.2592,0.3052,0.2635,0.3029,0.6277,0.3173,0.3234,0.2919,0.3137,0.2913,0.301,0.2798,0.2853
8/5/2022,7.1144,0.1436,0.1549,0.1465,0.1341,0.1235,0.1471,0.1432,0.1362,0.1523,0.1537,0.1397,0.1546,0.1567,0.1554,0.1499,0.1539,0.1556,0.1465,0.1529,0.1504,0.1496,0.1496,0.1437,0.1429,0.15,0.1499,0.1433,0.1578,0.1447,0.1544,0.156,0.153,0.1529,0.1555,0.1562,0.1542,0.1554,0.1473,0.1413,0.0807,0.1535,0.1574,0.1561,0.1565,0.1474,0.144,0.1526,0.1578
8/4/2022,6.7582,0.1505,0.1499,0.1397,0.1344,0.1349,0.1274,0.1344,0.1173,0.1253,0.1334,0.1231,0.1376,0.1461,0.1516,0.1408,0.1509,0.1418,0.1376,0.1423,0.1448,0.1516,0.1514,0.1462,0.1442,0.1451,0.1412,0.1448,0.1541,0.1299,0.1446,0.1554,0.149,0.1556,0.1493,0.1494,0.1493,0.148,0.1525,0.138,0.0697,0.1344,0.1333,0.1408,0.1459,0.1493,0.1329,0.1397,0.1488
8/3/2022,7.1144,0.1542,0.1457,0.1559,0.1319,0.1436,0.1494,0.1338,0.1321,0.1512,0.1534,0.1343,0.1474,0.1526,0.1485,0.1472,0.153,0.1541,0.1484,0.1462,0.1483,0.1546,0.1474,0.1422,0.1573,0.1524,0.1482,0.1504,0.1568,0.1532,0.1512,0.1527,0.1575,0.1544,0.1599,0.1534,0.1529,0.1486,0.1543,0.1401,0.0767,0.1524,0.1441,0.1541,0.1482,0.1554,0.1536,0.1535,0.1577
8/2/2022,7.4255,0.1532,0.1544,0.1579,0.1528,0.1529,0.1527,0.1486,0.1432,0.1564,0.1475,0.1497,0.1565,0.1549,0.1546,0.1559,0.157,0.1553,0.1548,0.1541,0.1562,0.1598,0.156,0.158,0.1562,0.1557,0.156,0.1608,0.1605,0.159,0.1577,0.1581,0.1571,0.1583,0.1605,0.1616,0.1564,0.1549,0.1567,0.15,0.1102,0.1585,0.1548,0.1553,0.1589,0.1536,0.1574,0.1556,0.1593
8/1/2022,9.6043,0.2026,0.1943,0.1893,0.2185,0.2289,0.1973,0.2073,0.2292,0.2082,0.218,0.226,0.2076,0.1928,0.1997,0.1915,0.2047,0.1883,0.2066,0.1891,0.1983,0.1886,0.192,0.1968,0.2012,0.1893,0.1999,0.1872,0.1883,0.1996,0.1976,0.1859,0.1797,0.1785,0.1787,0.1893,0.1927,0.1976,0.198,0.2008,0.2822,0.1951,0.2087,0.2032,0.1834,0.1951,0.2087,0.1989,0.1891
7/31/2022,21.0316,0.4833,0.3413,0.4703,0.6567,0.6189,0.6866,0.7088,0.4534,0.3804,0.5342,0.3661,0.4377,0.3517,0.3152,0.4273,0.4065,0.3791,0.469,0.4273,0.3908,0.4312,0.4781,0.5263,0.4833,0.353,0.3361,0.4846,0.3309,0.456,0.3569,0.3491,0.2826,0.3387,0.3361,0.3165,0.3374,0.4859,0.4729,0.3822,0.896,0.512,0.4338,0.3569,0.3634,0.3374,0.5016,0.4312,0.3569
7/30/2022,20.8538,0.4829,0.4932,0.3196,0.4906,0.8094,0.4122,0.6615,0.596,0.6191,0.4405,0.5369,0.4687,0.3389,0.4353,0.3749,0.4225,0.416,0.38,0.4109,0.4417,0.4083,0.3402,0.3286,0.4996,0.4006,0.4417,0.5844,0.3453,0.5279,0.3428,0.2476,0.3685,0.2721,0.3659,0.2695,0.3736,0.38,0.3865,0.3455,0.7719,0.407,0.461,0.4417,0.3158,0.4276,0.3595,0.4327,0.4572
7/29/2022,10.2269,0.2212,0.225,0.2036,0.254,0.2406,0.2517,0.2604,0.2406,0.1941,0.2123,0.2413,0.211,0.1934,0.1941,0.1985,0.201,0.2034,0.2027,0.2141,0.2054,0.1963,0.2114,0.1956,0.2192,0.1865,0.2021,0.1974,0.1952,0.2335,0.1992,0.203,0.1892,0.1865,0.1996,0.1976,0.2056,0.2163,0.2099,0.2195,0.3456,0.1943,0.1885,0.219,0.221,0.2092,0.219,0.2054,0.1929
7/28/2022,6.7585,0.148,0.1446,0.1505,0.1324,0.117,0.1439,0.1312,0.1173,0.1269,0.1458,0.1384,0.1333,0.1475,0.1412,0.1463,0.1435,0.1467,0.1469,0.1494,0.1478,0.1502,0.1487,0.1374,0.1367,0.1438,0.1482,0.1438,0.149,0.1412,0.1408,0.1582,0.1516,0.1497,0.1528,0.1531,0.1495,0.14,0.1482,0.1293,0.0401,0.1462,0.1497,0.1371,0.14,0.1442,0.1356,0.1444,0.1504
7/27/2022,7.5147,0.1571,0.1544,0.1597,0.1543,0.1529,0.1466,0.1522,0.1497,0.1572,0.1534,0.1538,0.1587,0.1612,0.1566,0.1561,0.1565,0.1569,0.1604,0.1597,0.1569,0.1598,0.1585,0.1576,0.1574,0.1567,0.1592,0.1531,0.161,0.1523,0.1577,0.162,0.1599,0.1609,0.1612,0.1613,0.1599,0.1596,0.1599,0.1547,0.1261,0.1603,0.1572,0.1611,0.1562,0.1577,0.158,0.1553,0.1558
7/26/2022,7.2925,0.15,0.1474,0.1529,0.1437,0.1451,0.1468,0.1527,0.1515,0.1565,0.1486,0.1435,0.1493,0.1563,0.1513,0.1502,0.1506,0.1539,0.1493,0.156,0.1495,0.1555,0.1585,0.1521,0.152,0.1555,0.1581,0.1578,0.1594,0.1571,0.1563,0.1608,0.159,0.1568,0.1573,0.1601,0.1576,0.1546,0.1526,0.1436,0.0885,0.1541,0.1478,0.1587,0.1526,0.1539,0.151,0.1583,0.1578
7/25/2022,10.3602,0.2141,0.2165,0.2132,0.2379,0.2634,0.2467,0.2158,0.2363,0.2427,0.2084,0.2424,0.2165,0.1978,0.2108,0.2037,0.2188,0.1959,0.1966,0.2165,0.2047,0.2068,0.2082,0.2304,0.2014,0.2122,0.2011,0.2342,0.2002,0.2325,0.2016,0.1889,0.1863,0.1848,0.1877,0.1966,0.1966,0.2025,0.2028,0.2222,0.3547,0.2084,0.2309,0.2106,0.2094,0.2259,0.2179,0.207,0.1997
7/24/2022,10.0489,0.2072,0.2138,0.1927,0.2441,0.2449,0.2244,0.2167,0.2167,0.2052,0.2107,0.2156,0.1943,0.207,0.1894,0.2001,0.2107,0.2015,0.2109,0.2029,0.2029,0.2007,0.2115,0.224,0.2052,0.2027,0.1896,0.2208,0.1902,0.2019,0.2031,0.1841,0.1872,0.189,0.1863,0.1956,0.1945,0.1921,0.2134,0.2377,0.4069,0.1917,0.1927,0.2152,0.1915,0.1954,0.2044,0.204,0.2058
7/23/2022,23.4771,0.501,0.4189,0.5815,0.7517,0.7718,0.7269,0.7997,0.7455,0.7146,0.5257,0.6712,0.3942,0.405,0.4948,0.4561,0.4453,0.4251,0.5443,0.4762,0.4576,0.4267,0.4313,0.5273,0.3756,0.3091,0.4453,0.6171,0.3245,0.6093,0.422,0.4035,0.3462,0.2781,0.3725,0.34,0.3957,0.5412,0.4716,0.3111,0.6553,0.4375,0.357,0.3539,0.5242,0.4468,0.5381,0.4019,0.5072
7/22/2022,21.5656,0.3607,0.3674,0.4895,0.6021,0.7649,0.461,0.7283,0.6984,0.3254,0.3512,0.6238,0.5248,0.438,0.4475,0.4149,0.476,0.3756,0.4746,0.3946,0.48,0.4,0.3919,0.3349,0.3145,0.286,0.3145,0.3091,0.3281,0.5058,0.4163,0.2996,0.3322,0.3579,0.3539,0.2765,0.3512,0.4325,0.476,0.6423,1.7761,0.3512,0.2942,0.324,0.3756,0.343,0.3946,0.4013,0.3837
7/21/2022,10.4938,0.2091,0.2118,0.2101,0.2515,0.2228,0.2614,0.236,0.2298,0.2031,0.2215,0.2188,0.1941,0.1946,0.1993,0.2138,0.2023,0.2243,0.2128,0.2068,0.2116,0.2058,0.1978,0.228,0.2138,0.1938,0.2016,0.2293,0.2003,0.2023,0.2061,0.1889,0.2033,0.1961,0.2026,0.1889,0.1988,0.1961,0.2158,0.2754,0.5345,0.215,0.2021,0.222,0.1983,0.2023,0.2178,0.2208,0.2008
7/20/2022,8.4929,0.1743,0.1733,0.1732,0.1803,0.1812,0.18,0.1877,0.1776,0.1844,0.1813,0.1786,0.1804,0.1756,0.177,0.1729,0.1737,0.1768,0.1778,0.1787,0.1752,0.1758,0.1733,0.1752,0.1788,0.175,0.1745,0.1809,0.1727,0.1757,0.1754,0.1698,0.1744,0.1737,0.1703,0.174,0.1748,0.1733,0.1743,0.1788,0.2078,0.1777,0.1771,0.1732,0.173,0.1739,0.1802,0.1744,0.1749
7/19/2022,6.181,0.137,0.1419,0.1325,0.1186,0.0968,0.113,0.1095,0.1072,0.1043,0.1328,0.1414,0.1414,0.1443,0.1356,0.1296,0.1392,0.1345,0.1265,0.1346,0.1383,0.1323,0.1447,0.1379,0.1416,0.1505,0.1352,0.1303,0.1414,0.1208,0.135,0.1436,0.1465,0.1514,0.1519,0.1505,0.1401,0.1439,0.1332,0.0933,-0.0818,0.1301,0.1161,0.1363,0.1243,0.1423,0.1461,0.1368,0.1477
7/18/2022,7.3366,0.1486,0.1516,0.1545,0.14,0.1335,0.1465,0.1395,0.1397,0.1488,0.1446,0.1568,0.1564,0.1582,0.1544,0.152,0.1572,0.1511,0.1561,0.1514,0.1515,0.159,0.1578,0.1568,0.1527,0.1557,0.1564,0.1474,0.1576,0.1553,0.1576,0.1568,0.1561,0.1565,0.1593,0.1559,0.1574,0.1576,0.1534,0.1574,0.1354,0.1503,0.1535,0.1591,0.1574,0.1558,0.1517,0.1588,0.1555
7/17/2022,15.607,0.3051,0.3082,0.2899,0.4542,0.4017,0.458,0.407,0.4626,0.4177,0.3492,0.318,0.3317,0.2998,0.2914,0.3355,0.3401,0.2808,0.2861,0.2777,0.2724,0.3272,0.2914,0.3546,0.2519,0.3082,0.2922,0.3074,0.2686,0.3454,0.3028,0.2587,0.2549,0.2747,0.2252,0.2275,0.3013,0.3135,0.2907,0.3619,0.8273,0.2671,0.3393,0.2648,0.2724,0.2618,0.2686,0.3485,0.312
7/16/2022,7.4698,0.153,0.1581,0.1603,0.1516,0.152,0.1446,0.1498,0.1473,0.1554,0.1545,0.1568,0.1579,0.1589,0.1559,0.1563,0.1562,0.1556,0.1573,0.1591,0.1579,0.1564,0.1609,0.1592,0.1551,0.156,0.1567,0.1557,0.1608,0.159,0.1557,0.163,0.161,0.1606,0.1592,0.1606,0.1572,0.1535,0.1605,0.15,0.1101,0.1605,0.1569,0.1583,0.1566,0.1573,0.1586,0.1552,0.1567
7/15/2022,4.0906,0.0826,0.1014,0.0674,0.0771,0.0381,0.0381,0.0259,0.0177,0.1053,0.0662,0.0744,0.0979,0.1045,0.1221,0.1069,0.0752,0.0764,0.1069,0.0838,0.0803,0.0916,0.1076,0.0889,0.099,0.1303,0.0869,0.0693,0.1143,0.0814,0.0861,0.1303,0.1033,0.1096,0.1237,0.1291,0.1088,0.1225,0.076,0.0936,-0.0805,0.0748,0.067,0.0775,0.0725,0.0728,0.0642,0.1174,0.1244
7/14/2022,14.851,0.3482,0.2845,0.253,0.4284,0.5085,0.3044,0.3208,0.3599,0.3886,0.2907,0.3503,0.2941,0.3064,0.2886,0.2989,0.2756,0.3064,0.2715,0.2975,0.3181,0.2763,0.2626,0.3585,0.3345,0.2886,0.2701,0.3174,0.2427,0.2777,0.2859,0.2722,0.2585,0.2667,0.2605,0.2297,0.2701,0.292,0.3064,0.3093,0.6495,0.2845,0.2756,0.2605,0.3023,0.2859,0.353,0.266,0.2996
7/13/2022,9.2485,0.1938,0.186,0.1815,0.1954,0.2077,0.2155,0.2129,0.2096,0.2029,0.208,0.2109,0.1996,0.189,0.192,0.1879,0.1855,0.1866,0.1876,0.1848,0.1956,0.1891,0.1943,0.1948,0.1914,0.1789,0.1813,0.182,0.1821,0.1925,0.192,0.1793,0.1861,0.1848,0.1807,0.1854,0.184,0.1898,0.1966,0.1866,0.2342,0.1915,0.1974,0.1839,0.1956,0.197,0.1998,0.1823,0.1823
7/12/2022,7.559,0.1597,0.1568,0.1595,0.1526,0.1448,0.1537,0.153,0.1531,0.1563,0.1572,0.1605,0.1574,0.1609,0.1582,0.1613,0.1571,0.1562,0.159,0.1597,0.1601,0.1571,0.1559,0.1582,0.1597,0.1597,0.1582,0.1526,0.1619,0.1592,0.1603,0.1596,0.1602,0.1616,0.1625,0.163,0.1594,0.157,0.1573,0.1557,0.1294,0.1582,0.1612,0.1619,0.1567,0.1566,0.1605,0.1581,0.1602
7/11/2022,8.8482,0.1772,0.1864,0.188,0.1886,0.2037,0.1824,0.1814,0.1978,0.1795,0.1931,0.18,0.18,0.1791,0.1842,0.1846,0.1828,0.1774,0.1842,0.1861,0.1854,0.1832,0.187,0.1873,0.1826,0.181,0.1774,0.1926,0.176,0.1796,0.1782,0.1732,0.1746,0.1788,0.178,0.1736,0.1805,0.1812,0.1869,0.1842,0.2261,0.188,0.1905,0.1836,0.1858,0.1839,0.1881,0.1819,0.1825
7/10/2022,17.7418,0.3742,0.3781,0.3732,0.5232,0.4901,0.4121,0.4044,0.5398,0.419,0.3995,0.455,0.3664,0.2875,0.3235,0.3284,0.2894,0.3352,0.3878,0.3391,0.4024,0.3323,0.2719,0.3975,0.2845,0.3011,0.3177,0.2982,0.2845,0.4755,0.3751,0.2397,0.2748,0.2612,0.3001,0.3206,0.341,0.4034,0.3995,0.3904,0.9239,0.3186,0.3742,0.3401,0.3771,0.344,0.3332,0.3693,0.2641
7/9/2022,22.8995,0.3604,0.4065,0.49,0.4959,0.6017,0.636,0.7865,0.642,0.6792,0.6062,0.4244,0.4736,0.3604,0.4021,0.3633,0.3648,0.484,0.5377,0.5108,0.487,0.408,0.4974,0.4676,0.411,0.3902,0.4602,0.5228,0.3157,0.6718,0.4706,0.3753,0.3574,0.3484,0.2888,0.3335,0.4289,0.5004,0.3604,0.5164,1.3501,0.3708,0.4051,0.5287,0.5019,0.4051,0.3857,0.344,0.3708
7/8/2022,8.9817,0.1892,0.1923,0.1782,0.2056,0.1874,0.2073,0.2086,0.1901,0.201,0.189,0.1862,0.1863,0.1864,0.1775,0.1814,0.1804,0.1855,0.1877,0.1805,0.1849,0.1836,0.1824,0.1807,0.1878,0.1843,0.1834,0.1922,0.1776,0.2003,0.1804,0.1767,0.1796,0.1755,0.1744,0.1809,0.1809,0.1831,0.182,0.1862,0.2328,0.1858,0.1908,0.1806,0.1842,0.1904,0.1857,0.1849,0.189
7/7/2022,7.2029,0.1451,0.1556,0.1515,0.1405,0.1488,0.1472,0.14,0.1382,0.1529,0.1405,0.1551,0.1456,0.1522,0.1533,0.1513,0.1524,0.1515,0.1536,0.1512,0.1552,0.1569,0.1567,0.1452,0.1484,0.1589,0.1522,0.1586,0.1569,0.1479,0.1518,0.1583,0.159,0.1604,0.1609,0.156,0.1561,0.1471,0.1566,0.1435,0.0884,0.1536,0.1447,0.1492,0.1509,0.1515,0.1508,0.1501,0.1506
7/6/2022,6.5808,0.1299,0.1286,0.133,0.1153,0.1099,0.1176,0.1089,0.1096,0.1208,0.1259,0.144,0.1437,0.1457,0.1379,0.1388,0.1325,0.1401,0.1431,0.1458,0.1336,0.1458,0.1332,0.1472,0.1285,0.1512,0.1359,0.1296,0.1471,0.1485,0.1458,0.153,0.1549,0.1546,0.1508,0.1476,0.1424,0.1437,0.1367,0.1536,0.1224,0.1312,0.1407,0.1431,0.145,0.136,0.1335,0.1353,0.1388
7/5/2022,7.2032,0.1454,0.1476,0.1554,0.1477,0.1369,0.1479,0.1509,0.1499,0.1381,0.142,0.1522,0.1541,0.1533,0.152,0.1496,0.1549,0.1551,0.1556,0.1521,0.1503,0.1513,0.1527,0.1545,0.158,0.1549,0.1583,0.1423,0.157,0.1405,0.1558,0.1571,0.1598,0.1553,0.1602,0.1563,0.1553,0.15,0.1539,0.1416,0.0819,0.1466,0.1514,0.1552,0.1551,0.152,0.1452,0.1547,0.1553
7/4/2022,13.5618,0.239,0.299,0.3102,0.3953,0.3847,0.388,0.3241,0.3502,0.2929,0.3035,0.3035,0.2684,0.2718,0.2395,0.2623,0.2718,0.2957,0.2512,0.3018,0.2545,0.2729,0.2846,0.2312,0.294,0.2646,0.264,0.2729,0.2245,0.2518,0.2857,0.2512,0.2206,0.2367,0.2362,0.2451,0.2573,0.2317,0.284,0.2583,0.4766,0.2506,0.2924,0.2646,0.2979,0.289,0.2618,0.2935,0.2607
7/3/2022,14.273,0.2545,0.2514,0.2739,0.3781,0.4188,0.422,0.3649,0.368,0.3567,0.3693,0.2946,0.2407,0.2802,0.2796,0.284,0.2827,0.2426,0.2557,0.3135,0.2539,0.2802,0.2633,0.2664,0.2658,0.252,0.2545,0.363,0.257,0.331,0.2721,0.2614,0.252,0.2645,0.2319,0.2488,0.2752,0.2752,0.2946,0.2863,0.5715,0.2551,0.316,0.3153,0.3128,0.2695,0.2658,0.3172,0.2695
7/2/2022,5.1579,0.1166,0.128,0.1283,0.0902,0.0629,0.1107,0.0896,0.1141,0.1184,0.0769,0.07,0.1272,0.1144,0.1147,0.1297,0.1272,0.1178,0.13,0.1243,0.1226,0.107,0.1169,0.1112,0.0908,0.1266,0.1039,0.0962,0.1354,0.1141,0.1192,0.138,0.1317,0.13,0.1277,0.126,0.1218,0.097,0.1212,0.0638,-0.1813,0.0982,0.1098,0.1172,0.1283,0.1184,0.1354,0.1186,0.1212
7/1/2022,8.1817,0.1709,0.1707,0.1716,0.1727,0.1719,0.1721,0.1743,0.1728,0.1719,0.1693,0.1705,0.1716,0.1692,0.1691,0.1708,0.1693,0.169,0.1704,0.1709,0.1694,0.1704,0.1707,0.1706,0.1712,0.169,0.1686,0.1702,0.1693,0.1694,0.1698,0.1683,0.169,0.1694,0.1692,0.1692,0.1692,0.1693,0.1701,0.1702,0.1785,0.1709,0.1714,0.1685,0.1704,0.1696,0.1702,0.1704,0.1703
6/30/2022,7.1143,0.1513,0.1527,0.1534,0.14,0.1475,0.139,0.1391,0.1503,0.1527,0.142,0.1344,0.1522,0.1535,0.1525,0.1468,0.1527,0.1554,0.1466,0.1469,0.1527,0.1471,0.155,0.1441,0.1468,0.1509,0.1576,0.144,0.1577,0.1541,0.1518,0.1578,0.1566,0.1529,0.1575,0.1528,0.1514,0.1454,0.1561,0.1373,0.0674,0.1498,0.1536,0.1481,0.1459,0.1511,0.1555,0.1496,0.1547
6/29/2022,6.403,0.1326,0.1451,0.144,0.1045,0.112,0.1138,0.109,0.1271,0.1196,0.1378,0.1215,0.136,0.1381,0.1322,0.1389,0.1395,0.1395,0.1323,0.1296,0.135,0.1448,0.1419,0.1242,0.1418,0.1381,0.1478,0.1499,0.1477,0.1429,0.1408,0.1536,0.154,0.1422,0.1478,0.1433,0.1389,0.1394,0.1291,0.1318,0.0487,0.1357,0.1202,0.1349,0.1379,0.1279,0.1269,0.1456,0.1371
6/28/2022,10.2268,0.2172,0.2228,0.2212,0.2348,0.2163,0.2072,0.2364,0.2368,0.1921,0.2304,0.2417,0.2112,0.1918,0.1934,0.1941,0.2157,0.2165,0.2065,0.1996,0.2001,0.1938,0.217,0.2134,0.2123,0.2079,0.2003,0.2212,0.1963,0.2357,0.2076,0.1892,0.199,0.1905,0.1845,0.2025,0.1958,0.1945,0.2072,0.2304,0.3822,0.2183,0.2001,0.2165,0.2012,0.2121,0.2065,0.2101,0.1949
6/27/2022,10.3158,0.2211,0.2264,0.2206,0.2496,0.238,0.25,0.25,0.2442,0.2158,0.2148,0.2551,0.2216,0.2141,0.1991,0.2151,0.2116,0.213,0.2093,0.2148,0.2072,0.2111,0.1931,0.1977,0.2139,0.2019,0.1914,0.194,0.1979,0.1979,0.2153,0.1977,0.1949,0.1882,0.194,0.1977,0.1991,0.2088,0.2188,0.2127,0.3224,0.1989,0.2114,0.1996,0.2132,0.2049,0.2278,0.2178,0.2023
6/26/2022,18.23,0.3641,0.4419,0.3784,0.4654,0.5667,0.4705,0.5135,0.4081,0.5196,0.3498,0.538,0.4275,0.2986,0.2853,0.2925,0.3846,0.3723,0.3344,0.3109,0.3979,0.3396,0.3314,0.3334,0.3559,0.2925,0.3784,0.4204,0.3017,0.3119,0.3068,0.2577,0.2536,0.2567,0.3211,0.3314,0.3304,0.316,0.2894,0.4959,1.2809,0.3682,0.3375,0.2812,0.3273,0.3416,0.2997,0.2976,0.3518
6/25/2022,21.1653,0.4445,0.4563,0.4537,0.6485,0.6261,0.4629,0.6274,0.7183,0.4932,0.5471,0.3418,0.4905,0.4155,0.4063,0.4418,0.4642,0.3523,0.4036,0.4273,0.4866,0.3286,0.4023,0.5142,0.4129,0.4063,0.3141,0.3391,0.301,0.5643,0.426,0.3141,0.3049,0.2838,0.2944,0.2786,0.3747,0.3813,0.3852,0.4526,1.1341,0.4945,0.3444,0.3075,0.4892,0.4589,0.3418,0.3944,0.4142
6/24/2022,22.4989,0.3682,0.5001,0.445,0.7539,0.6799,0.5915,0.7901,0.5697,0.3914,0.3639,0.7292,0.3392,0.4363,0.419,0.4059,0.4465,0.4581,0.5291,0.3842,0.4958,0.4074,0.3175,0.4479,0.3856,0.4262,0.3856,0.6277,0.3436,0.4798,0.4421,0.3407,0.3102,0.2798,0.3102,0.4016,0.3595,0.4146,0.4378,0.4911,1.2646,0.4218,0.5175,0.4653,0.4697,0.474,0.4117,0.3639,0.4045
6/23/2022,8.7597,0.1866,0.1775,0.1768,0.1934,0.204,0.1841,0.1794,0.1919,0.1792,0.1814,0.1809,0.185,0.1785,0.1769,0.1794,0.1777,0.1794,0.1857,0.1782,0.1836,0.1814,0.175,0.1773,0.1746,0.1808,0.1767,0.1915,0.1772,0.1906,0.178,0.1755,0.1777,0.1743,0.1752,0.1761,0.1791,0.1766,0.1776,0.1941,0.2595,0.1833,0.1788,0.1746,0.1752,0.18,0.1768,0.181,0.1816
6/22/2022,7.3365,0.1501,0.154,0.1501,0.1421,0.1459,0.1412,0.147,0.15,0.1445,0.1578,0.1411,0.1568,0.1567,0.1537,0.1551,0.1547,0.1587,0.1586,0.1551,0.1559,0.1581,0.1588,0.1531,0.152,0.1577,0.1574,0.147,0.1573,0.1545,0.1576,0.1582,0.1591,0.1609,0.1567,0.1607,0.1557,0.1561,0.1539,0.1483,0.1045,0.1589,0.1568,0.1506,0.1525,0.1576,0.1576,0.1513,0.1545
6/21/2022,7.7811,0.1608,0.1624,0.1627,0.161,0.1575,0.1575,0.1572,0.1613,0.1624,0.1599,0.1605,0.1621,0.1629,0.1639,0.1621,0.1621,0.163,0.163,0.162,0.1622,0.1633,0.1633,0.1618,0.1614,0.1629,0.1643,0.1619,0.1636,0.1613,0.1625,0.1637,0.1641,0.1651,0.1642,0.1635,0.1636,0.1615,0.1631,0.1634,0.1555,0.161,0.1628,0.1621,0.1644,0.1622,0.1629,0.163,0.1622
6/20/2022,12.9389,0.2511,0.2985,0.2966,0.3682,0.3272,0.3711,0.3504,0.3148,0.2506,0.263,0.2862,0.2837,0.2348,0.2333,0.2333,0.2827,0.2635,0.2897,0.261,0.2348,0.2536,0.2442,0.2585,0.2447,0.2294,0.2571,0.2778,0.2284,0.2427,0.2467,0.2408,0.2042,0.2017,0.217,0.2324,0.2299,0.2674,0.2561,0.276,0.5365,0.2368,0.2783,0.2541,0.2822,0.2773,0.2788,0.2501,0.2417
6/19/2022,8.9819,0.1837,0.1864,0.1786,0.199,0.2081,0.195,0.1965,0.1968,0.1819,0.1856,0.1943,0.1817,0.1775,0.1806,0.1823,0.1892,0.1863,0.1871,0.1804,0.1878,0.185,0.1892,0.1841,0.1801,0.1774,0.1884,0.1878,0.1804,0.1818,0.181,0.1752,0.1738,0.1743,0.1756,0.1753,0.1838,0.183,0.1847,0.2025,0.2881,0.1857,0.1834,0.178,0.1814,0.1839,0.1812,0.1891,0.1889
6/18/2022,23.655,0.389,0.4046,0.5346,0.7396,0.5518,0.5299,0.8211,0.807,0.5549,0.7005,0.7694,0.4344,0.3436,0.5017,0.3796,0.5408,0.3655,0.3545,0.4375,0.4719,0.4203,0.4062,0.3827,0.4234,0.3091,0.4657,0.6645,0.342,0.4829,0.3952,0.3483,0.2903,0.3827,0.3107,0.3029,0.3905,0.3592,0.3326,0.6712,1.8742,0.5627,0.3138,0.4766,0.4218,0.378,0.5518,0.3858,0.378
6/17/2022,21.7431,0.524,0.4924,0.5102,0.5625,0.6834,0.5941,0.7246,0.6229,0.4457,0.6092,0.579,0.447,0.3385,0.3783,0.4072,0.4223,0.3989,0.3989,0.4072,0.3714,0.4017,0.4099,0.4841,0.3701,0.3261,0.3962,0.5927,0.3577,0.4374,0.3495,0.3866,0.3687,0.3646,0.3467,0.3879,0.3563,0.5102,0.4704,0.3823,0.8965,0.3879,0.4209,0.4649,0.3577,0.3618,0.4676,0.4154,0.3536
6/16/2022,9.1156,0.1872,0.1933,0.1889,0.193,0.1957,0.2007,0.2045,0.191,0.1988,0.1963,0.2003,0.1881,0.1831,0.1869,0.1844,0.1864,0.1828,0.1851,0.19,0.1885,0.1814,0.1773,0.1812,0.1875,0.1799,0.1871,0.1842,0.1797,0.191,0.1887,0.1778,0.1824,0.1805,0.1814,0.1846,0.1825,0.1865,0.1794,0.2033,0.2905,0.1806,0.1958,0.1821,0.1909,0.1909,0.1908,0.1933,0.1793
6/15/2022,8.5818,0.1817,0.1752,0.1761,0.1812,0.1791,0.1811,0.1812,0.1891,0.1754,0.1741,0.1841,0.1778,0.1741,0.1792,0.1759,0.1781,0.1759,0.1748,0.177,0.1748,0.1753,0.1763,0.1765,0.1772,0.1727,0.1775,0.1726,0.1731,0.1853,0.1757,0.1756,0.1762,0.1757,0.1713,0.1761,0.1754,0.1811,0.1772,0.1914,0.2505,0.1773,0.1744,0.1743,0.1735,0.1775,0.1737,0.1773,0.1752
6/14/2022,9.0709,0.1827,0.1873,0.1911,0.21,0.2094,0.194,0.1844,0.188,0.1894,0.1833,0.1913,0.1954,0.1833,0.1818,0.1856,0.1836,0.1885,0.1864,0.1857,0.184,0.1853,0.1842,0.1874,0.1794,0.1798,0.1902,0.1935,0.1792,0.1964,0.1892,0.1834,0.1822,0.175,0.1778,0.1774,0.1832,0.1809,0.1902,0.2006,0.2816,0.1848,0.1976,0.1836,0.1799,0.1893,0.187,0.1892,0.1774
6/13/2022,7.1144,0.1526,0.1531,0.1519,0.1384,0.1475,0.1425,0.1496,0.1426,0.1502,0.1537,0.1424,0.153,0.1555,0.148,0.1517,0.1546,0.1536,0.1485,0.1502,0.1478,0.1468,0.1559,0.1418,0.1465,0.1488,0.1488,0.1443,0.1571,0.1481,0.1501,0.1532,0.16,0.1583,0.1593,0.1524,0.1548,0.1525,0.1487,0.132,0.0492,0.154,0.1574,0.1537,0.1477,0.1495,0.148,0.1537,0.1544
6/12/2022,20.3648,0.3892,0.383,0.4325,0.4882,0.712,0.4387,0.681,0.5784,0.3348,0.3868,0.5376,0.4189,0.3225,0.3447,0.3781,0.4065,0.3769,0.4053,0.4028,0.3608,0.4016,0.3249,0.4078,0.3546,0.3237,0.3707,0.4164,0.3027,0.4869,0.3756,0.3398,0.3361,0.2742,0.2681,0.367,0.346,0.346,0.3967,0.5345,1.4112,0.3942,0.4473,0.4436,0.362,0.4239,0.414,0.3855,0.3311
6/11/2022,26.1008,0.3947,0.4309,0.6119,0.7079,0.6662,0.516,0.5993,0.8635,0.4997,0.5703,0.5015,0.4635,0.4726,0.4635,0.5685,0.5595,0.3984,0.5576,0.5432,0.4726,0.4545,0.4527,0.5106,0.3477,0.3513,0.487,0.4653,0.364,0.5993,0.4671,0.2807,0.3477,0.44,0.3296,0.3947,0.4364,0.5848,0.3965,0.921,2.7193,0.3712,0.65,0.5993,0.4346,0.4382,0.4925,0.4852,0.4183
6/10/2022,9.293,0.1912,0.1906,0.1949,0.1973,0.2308,0.2062,0.217,0.2104,0.1978,0.1991,0.1921,0.1998,0.1846,0.1808,0.1857,0.192,0.1937,0.1955,0.187,0.1914,0.1852,0.1969,0.2012,0.1828,0.179,0.1815,0.18,0.1811,0.2087,0.1872,0.1865,0.1793,0.1811,0.1858,0.1771,0.1885,0.1959,0.1899,0.1962,0.2667,0.2007,0.18,0.1918,0.1976,0.1894,0.1886,0.1894,0.187
6/9/2022,8.4933,0.1741,0.1745,0.1728,0.1845,0.1904,0.1871,0.1753,0.1828,0.1741,0.181,0.1829,0.1772,0.1757,0.1729,0.1767,0.1771,0.174,0.1783,0.1741,0.1754,0.1726,0.1775,0.1729,0.1773,0.174,0.1737,0.1812,0.1731,0.1811,0.1762,0.1731,0.1736,0.1733,0.1745,0.1709,0.1739,0.1728,0.1757,0.1812,0.2158,0.1732,0.1721,0.1772,0.1721,0.1744,0.1728,0.1733,0.1729
6/8/2022,7.8702,0.1634,0.1642,0.1632,0.1632,0.1635,0.1629,0.1644,0.1623,0.1623,0.1643,0.164,0.1651,0.1644,0.1646,0.1639,0.1651,0.164,0.164,0.1637,0.1639,0.1651,0.1635,0.1637,0.1649,0.1647,0.1648,0.1653,0.1652,0.165,0.1645,0.1647,0.1645,0.1651,0.1647,0.1647,0.1646,0.1648,0.1636,0.1624,0.1523,0.165,0.1634,0.1648,0.1651,0.1646,0.165,0.1637,0.1641
6/7/2022,14.2288,0.3386,0.2657,0.3149,0.3598,0.4152,0.4009,0.3355,0.338,0.338,0.3025,0.295,0.3211,0.2645,0.2607,0.2626,0.3168,0.3155,0.2694,0.3124,0.3099,0.2476,0.247,0.2825,0.3193,0.2931,0.3043,0.3529,0.2352,0.3778,0.2601,0.2626,0.2302,0.2445,0.2153,0.2383,0.2663,0.2638,0.29,0.2451,0.4321,0.257,0.2719,0.2551,0.2694,0.3031,0.3149,0.3081,0.3043
6/6/2022,8.7594,0.1871,0.1862,0.1813,0.1941,0.1991,0.193,0.1846,0.1866,0.1837,0.1828,0.1846,0.175,0.1755,0.1776,0.1824,0.1763,0.1816,0.1774,0.1825,0.1803,0.182,0.1827,0.1834,0.1775,0.1773,0.1783,0.1744,0.1768,0.1854,0.1787,0.1759,0.1765,0.1748,0.1748,0.1741,0.1767,0.185,0.1781,0.1916,0.2511,0.186,0.1766,0.1789,0.1775,0.1768,0.186,0.1759,0.1749
6/5/2022,4.2242,0.0881,0.0836,0.0613,0.0194,0.0198,0.0413,0.0847,0.0153,0.0908,0.0953,0.0285,0.0934,0.1229,0.1066,0.0972,0.0885,0.1078,0.1006,0.1138,0.0919,0.1029,0.0779,0.0802,0.0851,0.1195,0.1214,0.0964,0.124,0.0798,0.1059,0.1395,0.1127,0.1112,0.1164,0.1293,0.1176,0.1198,0.087,0.0837,-0.114,0.0968,0.1002,0.0904,0.0753,0.0934,0.107,0.1025,0.1115
6/4/2022,5.1581,0.1257,0.1286,0.0879,0.0715,0.0709,0.053,0.0715,0.0484,0.1326,0.13,0.111,0.1283,0.1206,0.1297,0.1087,0.1198,0.1104,0.0953,0.1047,0.1201,0.1212,0.1112,0.1277,0.1095,0.1107,0.1141,0.0948,0.1286,0.0842,0.128,0.1479,0.1408,0.1303,0.1348,0.1269,0.1195,0.1016,0.1101,0.0906,-0.0909,0.0976,0.1363,0.1218,0.1235,0.1263,0.1132,0.1181,0.111
6/3/2022,8.6263,0.1774,0.1778,0.1826,0.1858,0.1929,0.1832,0.1783,0.1883,0.1751,0.1855,0.1849,0.1819,0.1754,0.176,0.1786,0.1749,0.1741,0.1815,0.1766,0.1778,0.1777,0.1766,0.1828,0.1785,0.1762,0.1784,0.1751,0.1732,0.1799,0.1758,0.1744,0.1727,0.1741,0.1739,0.1756,0.1766,0.1804,0.1746,0.1874,0.2367,0.1771,0.1733,0.1794,0.1801,0.175,0.1794,0.1764,0.1764
6/2/2022,7.7369,0.1625,0.1617,0.1636,0.1599,0.1609,0.1599,0.1558,0.1594,0.1605,0.1618,0.1619,0.1632,0.1634,0.1622,0.1632,0.1617,0.1633,0.1606,0.163,0.1614,0.1615,0.1634,0.1596,0.1621,0.1637,0.1623,0.1583,0.1635,0.1588,0.1611,0.1633,0.1644,0.1639,0.1642,0.1641,0.1629,0.1637,0.1635,0.1566,0.1325,0.1607,0.161,0.1628,0.1625,0.1625,0.162,0.1608,0.1613
6/1/2022,9.1149,0.1953,0.1871,0.1934,0.2119,0.2121,0.208,0.1892,0.1935,0.2058,0.1963,0.1954,0.1873,0.1871,0.1836,0.1838,0.1805,0.1928,0.1873,0.1916,0.1909,0.18,0.1809,0.1842,0.1845,0.1786,0.1796,0.1789,0.1794,0.1964,0.1865,0.1782,0.1799,0.1761,0.1789,0.1783,0.1822,0.1804,0.1851,0.2,0.2795,0.1837,0.1798,0.1815,0.1832,0.191,0.1958,0.1893,0.1901
5/31/2022,6.136,0.1318,0.116,0.1283,0.1258,0.1005,0.1091,0.1022,0.1135,0.1027,0.1413,0.1121,0.1176,0.1439,0.1344,0.1339,0.1367,0.1242,0.1217,0.1393,0.1264,0.1294,0.1361,0.1307,0.1313,0.1303,0.1387,0.1327,0.1464,0.1236,0.1333,0.1434,0.1389,0.1519,0.1443,0.1452,0.1409,0.137,0.1398,0.1281,0.0362,0.1249,0.1365,0.1206,0.1223,0.1391,0.1454,0.1236,0.124
5/30/2022,15.1182,0.2784,0.3418,0.2492,0.4243,0.4706,0.3589,0.4635,0.4158,0.3624,0.3866,0.371,0.2884,0.2756,0.3147,0.2741,0.2905,0.282,0.329,0.3218,0.2692,0.2798,0.3354,0.3496,0.3062,0.2834,0.2564,0.2692,0.2492,0.4001,0.3012,0.2343,0.23,0.2564,0.2606,0.2734,0.2934,0.3147,0.2927,0.2379,0.4079,0.2827,0.3247,0.3347,0.3147,0.287,0.361,0.3361,0.2777
5/29/2022,12.7612,0.2681,0.2852,0.2476,0.3195,0.2971,0.3095,0.3262,0.2933,0.2952,0.3,0.3347,0.2647,0.2238,0.2276,0.2419,0.2319,0.2776,0.2409,0.2386,0.2686,0.2428,0.2195,0.2881,0.2271,0.2267,0.26,0.2557,0.2352,0.2814,0.2624,0.2009,0.2386,0.2224,0.2052,0.2419,0.2362,0.2376,0.2243,0.3127,0.661,0.2205,0.29,0.2814,0.2395,0.2338,0.2524,0.2338,0.2381
5/28/2022,8.9816,0.1787,0.1893,0.1907,0.2,0.2027,0.2036,0.1898,0.1978,0.1918,0.1937,0.2053,0.179,0.184,0.1808,0.1808,0.1848,0.183,0.1812,0.1838,0.1819,0.1791,0.1879,0.1862,0.1932,0.1834,0.1806,0.1931,0.1799,0.1992,0.1814,0.1759,0.1796,0.1803,0.1739,0.1771,0.1803,0.1785,0.1838,0.1922,0.2529,0.181,0.1778,0.187,0.1857,0.1797,0.1792,0.1845,0.1855
5/27/2022,25.5668,0.6234,0.4073,0.6357,0.8289,0.9203,0.6269,0.8237,0.6533,0.4513,0.511,0.8342,0.5127,0.4231,0.4319,0.4671,0.3827,0.5285,0.5567,0.5531,0.59,0.5338,0.4899,0.5971,0.504,0.4161,0.4881,0.5777,0.374,0.4513,0.4003,0.4161,0.3002,0.3054,0.3283,0.3687,0.4758,0.4653,0.5338,0.4287,1.0535,0.5531,0.6357,0.4794,0.5145,0.5865,0.6498,0.4161,0.4618
5/26/2022,24.0109,0.5974,0.6006,0.5061,0.5541,0.6822,0.5637,0.7302,0.7671,0.346,0.4068,0.6566,0.3668,0.3492,0.4581,0.5077,0.5157,0.4949,0.3924,0.5061,0.5061,0.4004,0.4645,0.5125,0.5381,0.354,0.4805,0.4581,0.3828,0.5045,0.4212,0.4004,0.3748,0.2948,0.4116,0.3812,0.4308,0.3732,0.394,0.6057,1.6522,0.4036,0.4901,0.4389,0.5269,0.4629,0.4917,0.4036,0.4501
5/25/2022,7.4257,0.1512,0.1545,0.1588,0.1452,0.1456,0.154,0.1473,0.1427,0.1585,0.1524,0.1467,0.1523,0.1551,0.1585,0.1543,0.1555,0.1555,0.1529,0.157,0.1545,0.1576,0.1529,0.1597,0.1585,0.159,0.159,0.1595,0.1588,0.1537,0.1563,0.1613,0.1608,0.1603,0.1584,0.16,0.1571,0.1527,0.1587,0.1537,0.1229,0.1523,0.1578,0.1548,0.1555,0.1551,0.1586,0.1581,0.1601
5/24/2022,8.0481,0.1677,0.1675,0.1676,0.1683,0.168,0.1684,0.1676,0.1681,0.1679,0.1678,0.1685,0.1673,0.1674,0.1673,0.1673,0.1677,0.1674,0.1677,0.1678,0.1676,0.1675,0.1677,0.1675,0.1678,0.1672,0.1673,0.1681,0.1672,0.1678,0.1673,0.167,0.1671,0.1673,0.1673,0.1673,0.1673,0.1675,0.1675,0.1679,0.1709,0.1679,0.168,0.1675,0.1673,0.1678,0.1676,0.1673,0.1673
5/23/2022,9.2039,0.1932,0.1905,0.1979,0.2071,0.2127,0.1948,0.1859,0.1891,0.2069,0.1927,0.184,0.1981,0.1809,0.1871,0.1873,0.1841,0.1887,0.195,0.1858,0.1889,0.1817,0.1793,0.1954,0.181,0.1818,0.1859,0.1852,0.1822,0.1892,0.1863,0.1847,0.1768,0.1846,0.1767,0.1789,0.1824,0.1851,0.187,0.2148,0.3294,0.1924,0.1812,0.1877,0.1822,0.1927,0.1942,0.1875,0.1869
5/22/2022,15.2065,0.2676,0.3555,0.305,0.3865,0.4211,0.3778,0.318,0.4643,0.3245,0.3058,0.4203,0.2993,0.2495,0.3223,0.2625,0.3144,0.336,0.3072,0.2993,0.3036,0.3072,0.274,0.354,0.3339,0.3036,0.2481,0.4045,0.2423,0.362,0.2625,0.2726,0.2351,0.269,0.2452,0.2719,0.2849,0.2978,0.2654,0.308,0.6451,0.3086,0.2452,0.3108,0.2733,0.3079,0.305,0.3151,0.313
5/21/2022,25.7451,0.6369,0.4612,0.3832,0.6724,0.9847,0.5304,0.9102,0.5571,0.4382,0.4328,0.7931,0.5411,0.4737,0.5074,0.5748,0.5056,0.5322,0.5056,0.5056,0.4311,0.4612,0.3974,0.5446,0.5482,0.5304,0.4098,0.4488,0.3938,0.7718,0.5233,0.3086,0.3281,0.4364,0.3175,0.3477,0.4719,0.4896,0.4683,0.6666,1.8583,0.4133,0.479,0.4719,0.4417,0.4843,0.4399,0.4666,0.4488
5/20/2022,15.9182,0.3187,0.2783,0.2617,0.4486,0.5174,0.3139,0.4153,0.4494,0.352,0.3314,0.4018,0.3147,0.3211,0.2815,0.2704,0.2728,0.3234,0.3464,0.2949,0.3234,0.2609,0.2775,0.3741,0.253,0.2569,0.3171,0.3995,0.2554,0.4288,0.2918,0.2688,0.2363,0.2926,0.2253,0.2775,0.3044,0.3464,0.2617,0.3644,0.8359,0.2839,0.3884,0.2823,0.2997,0.3266,0.367,0.2601,0.3448
5/19/2022,25.4782,0.4725,0.469,0.4743,0.8116,0.8623,0.7592,0.5844,0.7032,0.6543,0.7592,0.8291,0.4778,0.5162,0.5092,0.4236,0.5652,0.4009,0.5442,0.5477,0.4655,0.4306,0.3519,0.4446,0.4446,0.4341,0.4288,0.6228,0.3991,0.6403,0.49,0.2978,0.4184,0.4131,0.31,0.4253,0.4184,0.6071,0.3677,0.5657,1.5172,0.5197,0.5005,0.4184,0.4516,0.5722,0.3589,0.4411,0.3589
5/18/2022,12.5389,0.2438,0.2874,0.2234,0.3056,0.2929,0.2624,0.2915,0.3514,0.2679,0.2674,0.2892,0.2207,0.2302,0.2175,0.2724,0.2411,0.2234,0.2633,0.2761,0.2438,0.2334,0.2379,0.2588,0.2779,0.2343,0.2643,0.3155,0.2302,0.3201,0.2593,0.2116,0.242,0.2111,0.2202,0.2352,0.2257,0.2615,0.2765,0.2627,0.4918,0.2348,0.2602,0.237,0.2661,0.2515,0.2443,0.2552,0.2484
5/17/2022,8.9378,0.1798,0.19,0.1789,0.1909,0.2025,0.1968,0.1956,0.1972,0.1936,0.1819,0.2014,0.18,0.1831,0.1826,0.1809,0.1871,0.1822,0.1877,0.1818,0.1796,0.1876,0.1834,0.1891,0.1879,0.1804,0.1801,0.1951,0.1776,0.1908,0.1823,0.1812,0.1792,0.1811,0.1753,0.1742,0.1808,0.1788,0.1871,0.1862,0.2327,0.1855,0.1757,0.1818,0.1859,0.1827,0.1886,0.1871,0.186
5/16/2022,12.6281,0.2657,0.2537,0.2444,0.2842,0.2736,0.2962,0.3087,0.2555,0.293,0.3143,0.3481,0.2185,0.2273,0.2185,0.2699,0.262,0.2389,0.281,0.2338,0.2791,0.2287,0.2787,0.2819,0.2421,0.2282,0.2574,0.237,0.2268,0.2389,0.2546,0.2217,0.2079,0.2384,0.2092,0.2065,0.2426,0.2407,0.2569,0.3148,0.6679,0.2379,0.2898,0.2347,0.2435,0.2703,0.2278,0.2241,0.2527
5/15/2022,21.2986,0.5138,0.5217,0.4326,0.7092,0.6374,0.5377,0.4792,0.4366,0.4818,0.4233,0.5736,0.3276,0.3262,0.3648,0.3595,0.3954,0.3688,0.3688,0.4513,0.3954,0.3409,0.4885,0.3848,0.4685,0.3821,0.3741,0.3568,0.3103,0.5124,0.3888,0.3409,0.2824,0.281,0.3422,0.3515,0.3941,0.4739,0.3888,0.5707,1.534,0.4167,0.543,0.3675,0.3103,0.3582,0.4021,0.418,0.4114
5/14/2022,27.6571,0.493,0.4713,0.4025,0.721,1.1338,0.837,0.778,0.5834,0.5382,0.7839,0.4517,0.5205,0.3967,0.4399,0.6031,0.5539,0.4635,0.4556,0.4792,0.6031,0.5421,0.4379,0.5854,0.4694,0.4242,0.5893,0.5225,0.3908,0.6777,0.5755,0.4458,0.4655,0.3927,0.3554,0.3731,0.4438,0.6168,0.4969,0.8899,2.6141,0.4478,0.5873,0.3573,0.375,0.4281,0.4202,0.5343,0.489
5/13/2022,14.3624,0.3232,0.2831,0.3155,0.348,0.4797,0.3378,0.3976,0.3404,0.3124,0.2513,0.362,0.2545,0.2786,0.2608,0.313,0.2685,0.3098,0.3073,0.2977,0.3117,0.3003,0.2907,0.3302,0.2386,0.2895,0.2659,0.3785,0.2456,0.3715,0.2634,0.2341,0.2704,0.2487,0.2487,0.2214,0.2678,0.2481,0.3054,0.2638,0.4952,0.2487,0.2475,0.257,0.3219,0.3264,0.2914,0.2729,0.2659
5/12/2022,13.3393,0.2393,0.2863,0.2793,0.361,0.3813,0.2953,0.266,0.2767,0.3333,0.2857,0.3754,0.2526,0.2751,0.2644,0.2505,0.2313,0.2788,0.2948,0.2964,0.2873,0.2703,0.2505,0.2713,0.2339,0.2137,0.2809,0.2409,0.2206,0.2414,0.2446,0.2302,0.2174,0.2174,0.2318,0.2452,0.2403,0.2382,0.2564,0.3669,0.8442,0.243,0.2393,0.2398,0.2163,0.2804,0.258,0.2617,0.2339
5/11/2022,12.0943,0.2183,0.2584,0.2674,0.303,0.3399,0.2539,0.3046,0.2449,0.2805,0.2592,0.2813,0.2588,0.2223,0.2133,0.2166,0.2346,0.2244,0.2617,0.2367,0.249,0.2449,0.2518,0.2567,0.2191,0.2154,0.2183,0.2772,0.2223,0.224,0.2252,0.226,0.2326,0.206,0.1986,0.2154,0.2318,0.2608,0.2588,0.2714,0.5209,0.2784,0.2567,0.2543,0.2223,0.2641,0.2592,0.2424,0.2109
5/10/2022,12.9839,0.2947,0.2992,0.228,0.2783,0.3386,0.2643,0.2823,0.2624,0.3197,0.2957,0.3456,0.222,0.2658,0.2225,0.228,0.2569,0.2728,0.2898,0.2429,0.2434,0.2325,0.2354,0.2923,0.2504,0.2564,0.2305,0.2574,0.2339,0.2942,0.2614,0.2011,0.2439,0.2414,0.23,0.2364,0.2554,0.231,0.2614,0.3406,0.7552,0.2439,0.216,0.2688,0.2813,0.2464,0.2733,0.229,0.2315
5/9/2022,21.743,0.3701,0.4113,0.4457,0.6697,0.7947,0.6078,0.4072,0.5872,0.3563,0.3824,0.3687,0.513,0.3412,0.3879,0.4525,0.3934,0.3783,0.3838,0.4896,0.3742,0.3577,0.4113,0.5199,0.3714,0.3852,0.4374,0.4855,0.3288,0.5254,0.4127,0.3412,0.3687,0.2835,0.3714,0.2904,0.3934,0.5006,0.4044,0.6554,1.8205,0.3852,0.3151,0.3027,0.3742,0.3989,0.4113,0.3879,0.3879
5/8/2022,28.8578,0.7006,0.7069,0.6506,0.9342,1.1803,1.0031,1.001,0.9822,0.4587,0.8278,0.905,0.6777,0.4003,0.5567,0.5838,0.6214,0.6255,0.49,0.5525,0.492,0.5463,0.5922,0.5713,0.7194,0.5609,0.4795,0.7757,0.4316,0.5233,0.5755,0.4503,0.4336,0.3919,0.3586,0.4566,0.442,0.4462,0.3857,0.2675,0.508,0.6777,0.6777,0.4566,0.6735,0.6756,0.4608,0.5275,0.442
5/7/2022,14.1842,0.3114,0.3027,0.257,0.401,0.3701,0.3157,0.3553,0.3293,0.3367,0.2557,0.2724,0.3237,0.2508,0.2532,0.2594,0.2712,0.2625,0.3145,0.3132,0.2613,0.265,0.2502,0.2792,0.3021,0.2384,0.2811,0.244,0.2471,0.3207,0.2737,0.265,0.2192,0.2359,0.2644,0.2161,0.2656,0.2934,0.278,0.3941,0.9362,0.2947,0.226,0.2403,0.3046,0.2712,0.2427,0.2452,0.273
5/6/2022,13.028,0.2919,0.2883,0.2582,0.3733,0.3487,0.2959,0.3567,0.3331,0.2793,0.2969,0.3351,0.2863,0.2557,0.2738,0.2411,0.2345,0.2446,0.2692,0.2521,0.2532,0.2602,0.2672,0.2471,0.2516,0.2315,0.221,0.2994,0.231,0.2335,0.2707,0.2396,0.2411,0.227,0.232,0.2315,0.231,0.2356,0.2401,0.2913,0.5886,0.2868,0.2295,0.2356,0.2185,0.2567,0.2642,0.2401,0.2577
5/5/2022,12.8504,0.2845,0.2326,0.2676,0.2947,0.3544,0.3607,0.2729,0.2709,0.2826,0.3034,0.2491,0.2729,0.2307,0.2637,0.2385,0.2627,0.2385,0.2593,0.2821,0.2622,0.2705,0.2622,0.2637,0.2753,0.2103,0.2622,0.2564,0.2346,0.2748,0.27,0.2074,0.2351,0.2331,0.2026,0.2385,0.2448,0.2734,0.284,0.2579,0.4755,0.2806,0.2802,0.2254,0.285,0.2583,0.2942,0.2753,0.2351
5/4/2022,16.7185,0.273,0.2852,0.3986,0.5015,0.3637,0.3611,0.3114,0.3314,0.4675,0.4352,0.3593,0.3192,0.3184,0.3192,0.3524,0.3035,0.3716,0.348,0.3454,0.3297,0.3053,0.2852,0.3114,0.3637,0.2486,0.3367,0.4553,0.273,0.3716,0.2992,0.2434,0.2512,0.2425,0.2713,0.2486,0.3035,0.2844,0.328,0.4353,1.0759,0.3149,0.3463,0.3227,0.341,0.314,0.3646,0.3428,0.3428
5/3/2022,10.9827,0.2293,0.2168,0.2114,0.2561,0.3188,0.2523,0.2147,0.2878,0.2227,0.226,0.221,0.238,0.2171,0.2048,0.2099,0.2353,0.2362,0.2022,0.2201,0.223,0.2066,0.2377,0.2084,0.2329,0.1986,0.2224,0.2299,0.2045,0.2072,0.2081,0.2141,0.2111,0.1878,0.2114,0.1962,0.2186,0.2323,0.2031,0.2451,0.4321,0.2126,0.2397,0.2383,0.2135,0.2308,0.2445,0.2275,0.2242
5/2/2022,11.6051,0.2539,0.2319,0.2485,0.313,0.2615,0.3134,0.2691,0.2399,0.2773,0.2835,0.2777,0.211,0.2215,0.2254,0.2294,0.2107,0.2384,0.2388,0.2499,0.2164,0.2308,0.2388,0.2489,0.2135,0.2034,0.2269,0.2341,0.2157,0.251,0.2373,0.2049,0.2092,0.1941,0.2218,0.2081,0.2125,0.2481,0.2207,0.2445,0.4299,0.2402,0.2647,0.2215,0.2319,0.2381,0.2092,0.2456,0.2485
5/1/2022,9.9155,0.2017,0.2077,0.2033,0.2128,0.2215,0.2299,0.2203,0.2207,0.1904,0.2109,0.2147,0.1929,0.2002,0.2073,0.2086,0.1996,0.2073,0.1969,0.2069,0.1973,0.2046,0.1943,0.2059,0.1931,0.1964,0.1891,0.2163,0.1933,0.2059,0.1931,0.1943,0.1944,0.1927,0.1914,0.187,0.1967,0.2113,0.2115,0.2354,0.3994,0.1883,0.1969,0.2,0.1902,0.2065,0.1906,0.1977,0.1883
4/30/2022,9.9156,0.1902,0.2155,0.2134,0.2326,0.2546,0.2278,0.2216,0.2251,0.2027,0.2226,0.1927,0.1881,0.2021,0.2067,0.2102,0.1987,0.2004,0.195,0.195,0.2134,0.1944,0.2052,0.2115,0.1921,0.1898,0.1987,0.222,0.1918,0.1956,0.1927,0.1956,0.1965,0.1937,0.1971,0.1946,0.1985,0.2071,0.2117,0.2147,0.3293,0.1939,0.1874,0.2036,0.1898,0.2056,0.2006,0.1937,0.2
4/29/2022,9.6485,0.212,0.1897,0.2089,0.2059,0.2275,0.2193,0.2229,0.1991,0.2145,0.2207,0.1907,0.2097,0.1916,0.1884,0.1944,0.2016,0.1911,0.1963,0.1972,0.1907,0.2001,0.1927,0.1975,0.1987,0.2003,0.2021,0.2082,0.1848,0.2062,0.194,0.1886,0.1861,0.1856,0.1921,0.1871,0.1894,0.2074,0.1853,0.1992,0.2768,0.1945,0.2085,0.197,0.1942,0.2054,0.1965,0.2043,0.1937
4/28/2022,13.0278,0.2325,0.2421,0.2617,0.3125,0.3336,0.3582,0.3628,0.3592,0.3366,0.2969,0.2868,0.2597,0.2421,0.224,0.2642,0.233,0.2376,0.2677,0.2718,0.2511,0.2416,0.2511,0.2989,0.2833,0.2164,0.2521,0.2315,0.226,0.2999,0.2516,0.2225,0.2305,0.23,0.2109,0.2074,0.2466,0.2245,0.2557,0.3316,0.7248,0.2441,0.2255,0.2863,0.2572,0.2416,0.229,0.2255,0.2476
4/27/2022,23.6548,0.4046,0.4516,0.5173,0.5815,0.6426,0.7803,0.569,0.6175,0.6363,0.5909,0.7725,0.4813,0.4344,0.4297,0.5048,0.389,0.4062,0.3905,0.5455,0.5173,0.5001,0.4813,0.3811,0.3984,0.4344,0.3279,0.5815,0.3608,0.6974,0.4312,0.3921,0.4281,0.3029,0.3451,0.331,0.3717,0.4438,0.4031,0.5295,1.3944,0.4563,0.3373,0.5549,0.3577,0.4344,0.4688,0.4923,0.3545
4/26/2022,15.5184,0.2712,0.3366,0.3321,0.3839,0.5358,0.4118,0.4005,0.3554,0.2967,0.2975,0.2937,0.2652,0.3125,0.3163,0.2561,0.2862,0.3245,0.2652,0.317,0.296,0.308,0.2584,0.3697,0.2742,0.3073,0.2922,0.4035,0.2682,0.3366,0.2967,0.2464,0.29,0.2757,0.2764,0.2697,0.2839,0.3516,0.3403,0.3368,0.7423,0.2576,0.3291,0.2629,0.2922,0.3524,0.3629,0.308,0.2712
4/25/2022,32.5038,0.5636,0.5587,0.5612,1.0071,0.9581,1.0145,1.1713,0.7523,0.9753,0.5269,1.1003,0.495,0.6249,0.6886,0.5146,0.7082,0.6469,0.5489,0.5171,0.5269,0.4999,0.5955,0.4803,0.4975,0.6641,0.6175,0.6028,0.4142,0.8136,0.544,0.5661,0.5073,0.3651,0.4338,0.4387,0.5465,0.6935,0.6567,0.9833,2.93,0.5416,0.4754,0.4142,0.5293,0.4754,0.669,0.6739,0.4142
4/24/2022,15.5182,0.2704,0.3689,0.3291,0.4321,0.4945,0.396,0.4245,0.3674,0.3313,0.4163,0.2734,0.3133,0.2621,0.32,0.2794,0.3012,0.2591,0.2945,0.3163,0.323,0.2794,0.3456,0.3215,0.3366,0.2817,0.3073,0.3742,0.2659,0.3448,0.2975,0.2456,0.2509,0.2637,0.2464,0.2674,0.2997,0.2937,0.2682,0.2879,0.577,0.3486,0.3809,0.3441,0.3441,0.3133,0.2915,0.2644,0.3035
4/23/2022,9.7378,0.2019,0.1957,0.2,0.2091,0.2096,0.2355,0.2012,0.2077,0.227,0.1893,0.2317,0.1997,0.1915,0.1946,0.2054,0.1882,0.1962,0.1913,0.195,0.203,0.1946,0.1913,0.2113,0.1861,0.1884,0.1873,0.1946,0.1915,0.2117,0.1962,0.1898,0.1931,0.1903,0.186,0.187,0.1973,0.1966,0.2018,0.2242,0.3613,0.1872,0.2094,0.196,0.2049,0.1936,0.2145,0.1882,0.19
4/22/2022,19.9201,0.3169,0.4575,0.3765,0.5422,0.4337,0.5958,0.5231,0.6411,0.4492,0.5135,0.4921,0.3991,0.3538,0.3121,0.3347,0.3705,0.3729,0.442,0.4039,0.3693,0.4229,0.4015,0.3657,0.3061,0.3097,0.4146,0.5207,0.33,0.3991,0.3502,0.324,0.2561,0.2859,0.3335,0.2787,0.3669,0.3312,0.4539,0.4747,1.2092,0.4563,0.4587,0.3181,0.3145,0.3991,0.4229,0.4206,0.2954
4/21/2022,17.8301,0.3869,0.3023,0.2954,0.438,0.5638,0.3505,0.5225,0.493,0.4036,0.4714,0.4124,0.3672,0.3692,0.3053,0.3603,0.378,0.379,0.3377,0.324,0.3141,0.2787,0.3475,0.2836,0.4124,0.3279,0.3593,0.4527,0.2738,0.3485,0.3171,0.3259,0.2905,0.2669,0.262,0.266,0.3082,0.3416,0.2886,0.4261,1.0446,0.2758,0.265,0.4105,0.381,0.4095,0.4036,0.3023,0.3859
4/20/2022,15.9627,0.2646,0.3506,0.3578,0.3442,0.5345,0.4199,0.3522,0.3936,0.2598,0.3084,0.3522,0.2789,0.2965,0.2574,0.3458,0.3323,0.2758,0.3506,0.3363,0.3426,0.3331,0.2718,0.3012,0.2511,0.2869,0.3387,0.2869,0.2479,0.4342,0.3076,0.2399,0.2789,0.224,0.2718,0.2535,0.2766,0.2861,0.31,0.4175,1.0155,0.3522,0.3116,0.3291,0.3506,0.345,0.3132,0.2606,0.3132
4/19/2022,13.5619,0.2901,0.2768,0.3141,0.3313,0.393,0.3024,0.2968,0.3702,0.2857,0.2468,0.3124,0.2301,0.2607,0.229,0.2963,0.2534,0.2862,0.2518,0.2879,0.2862,0.2356,0.2963,0.2768,0.2785,0.2195,0.2696,0.3296,0.229,0.3263,0.2751,0.2306,0.2317,0.2445,0.2262,0.2284,0.2473,0.2773,0.2529,0.2939,0.5973,0.2946,0.2696,0.3052,0.2762,0.2445,0.2278,0.2985,0.2779
4/18/2022,7.2924,0.1573,0.1495,0.15,0.1505,0.1463,0.1487,0.1396,0.1525,0.1485,0.1517,0.1474,0.1485,0.1577,0.1575,0.1512,0.1541,0.1497,0.149,0.1533,0.1544,0.1562,0.1588,0.1565,0.148,0.1541,0.1544,0.145,0.1585,0.1483,0.1536,0.1616,0.156,0.1571,0.1587,0.1571,0.1558,0.1574,0.1507,0.148,0.1035,0.1577,0.1538,0.1547,0.1505,0.1559,0.1519,0.1578,0.1534
4/17/2022,7.3812,0.1566,0.1497,0.1557,0.1531,0.1511,0.1447,0.1425,0.1519,0.1459,0.1578,0.1434,0.1576,0.1559,0.1592,0.1568,0.1537,0.1542,0.1559,0.1528,0.1576,0.1596,0.1558,0.1518,0.1604,0.1546,0.1576,0.1488,0.1579,0.1506,0.1568,0.1621,0.16,0.1579,0.1579,0.1588,0.1581,0.1573,0.1592,0.1499,0.11,0.1572,0.1566,0.1541,0.1549,0.1513,0.1592,0.1537,0.153
4/16/2022,6.981,0.1451,0.147,0.1422,0.1317,0.1249,0.1462,0.1263,0.1465,0.1329,0.135,0.1524,0.1479,0.1457,0.1506,0.149,0.1432,0.1441,0.1471,0.1469,0.1519,0.1479,0.1423,0.1518,0.1452,0.1517,0.1548,0.1515,0.1536,0.1397,0.151,0.1542,0.1522,0.1532,0.1558,0.1582,0.1527,0.1437,0.1439,0.1443,0.0908,0.142,0.1556,0.1457,0.15,0.1453,0.1416,0.1512,0.1545
4/15/2022,14.3174,0.2899,0.3012,0.3309,0.3246,0.4693,0.3821,0.3903,0.4295,0.2779,0.3391,0.4156,0.3233,0.2709,0.2936,0.2545,0.2911,0.3075,0.2804,0.2962,0.2741,0.2463,0.2779,0.2949,0.2507,0.2557,0.2823,0.2583,0.2324,0.2949,0.2854,0.2178,0.2463,0.2273,0.2652,0.2532,0.2608,0.3259,0.281,0.2684,0.5109,0.2374,0.3101,0.2475,0.3088,0.2734,0.3107,0.2412,0.3107
4/14/2022,17.7861,0.4054,0.4064,0.3546,0.5444,0.6012,0.4642,0.4368,0.3898,0.3751,0.4661,0.5043,0.3135,0.2753,0.2919,0.3722,0.382,0.3125,0.3957,0.3477,0.3927,0.333,0.4025,0.3242,0.3722,0.2939,0.3389,0.379,0.3017,0.4642,0.3497,0.2949,0.2508,0.245,0.2528,0.3164,0.3135,0.3536,0.3927,0.3173,0.6765,0.3555,0.2596,0.3536,0.3731,0.3575,0.4279,0.3849,0.2694
4/13/2022,15.6519,0.3404,0.296,0.3549,0.4146,0.5485,0.397,0.3029,0.3909,0.3449,0.3159,0.4628,0.3105,0.2944,0.2899,0.2592,0.3159,0.3235,0.296,0.3365,0.309,0.3182,0.3052,0.3396,0.3388,0.2967,0.2585,0.283,0.2753,0.358,0.2883,0.2707,0.2623,0.2615,0.2432,0.2493,0.2692,0.2876,0.3044,0.3011,0.6214,0.3105,0.3886,0.3289,0.3396,0.3182,0.3052,0.3243,0.3006
4/12/2022,17.4747,0.3031,0.3183,0.3192,0.4386,0.6442,0.486,0.5523,0.5532,0.304,0.4206,0.5276,0.2851,0.3448,0.3372,0.3183,0.3325,0.2965,0.3732,0.3761,0.3107,0.3258,0.3401,0.2993,0.3874,0.2879,0.3211,0.269,0.3012,0.4509,0.3666,0.2709,0.2624,0.2595,0.251,0.2984,0.3183,0.3164,0.3325,0.4022,0.9638,0.2785,0.3978,0.2965,0.3097,0.3912,0.304,0.2879,0.3429
4/11/2022,14.8514,0.3208,0.2907,0.3434,0.3304,0.3229,0.4373,0.4202,0.4428,0.3996,0.3832,0.4003,0.2681,0.2523,0.2886,0.3064,0.2845,0.3133,0.303,0.329,0.3318,0.2763,0.2633,0.266,0.2633,0.303,0.255,0.3064,0.2646,0.316,0.2845,0.2256,0.2708,0.2448,0.2345,0.2578,0.2674,0.2859,0.3304,0.2582,0.4766,0.3421,0.3462,0.3099,0.3297,0.2907,0.2523,0.2701,0.2914
4/10/2022,26.1894,0.4322,0.6378,0.5086,0.6596,0.7851,0.8069,0.4977,0.5541,0.5796,0.4395,0.6796,0.4177,0.4868,0.3959,0.3922,0.414,0.6014,0.4213,0.5741,0.5141,0.485,0.3613,0.6451,0.4413,0.3558,0.5668,0.3995,0.3704,0.5778,0.4304,0.4468,0.3431,0.4213,0.3431,0.3849,0.4686,0.6141,0.4595,0.9737,2.8975,0.3686,0.5323,0.3631,0.4086,0.5177,0.3868,0.3922,0.4359
4/9/2022,33.8374,0.8772,0.872,0.8539,1.1227,0.8514,0.9728,1.2725,0.8307,0.748,0.6886,1.0271,0.8849,0.4715,0.5723,0.5775,0.7299,0.5206,0.5232,0.7196,0.6007,0.4612,0.5129,0.7997,0.4483,0.456,0.4871,0.7506,0.4535,0.7816,0.6989,0.5723,0.5491,0.4147,0.5206,0.5077,0.5671,0.6938,0.7299,0.8256,2.3964,0.4586,0.4664,0.624,0.7041,0.6111,0.5723,0.4741,0.5827
4/8/2022,19.52,0.3821,0.419,0.3821,0.51,0.5537,0.389,0.3948,0.5353,0.3153,0.548,0.5272,0.3395,0.3026,0.3372,0.3913,0.3878,0.3406,0.3786,0.4017,0.4224,0.3936,0.3706,0.3291,0.3038,0.3775,0.3222,0.2968,0.3038,0.4973,0.4063,0.2623,0.3475,0.2657,0.2876,0.2934,0.3579,0.3694,0.4028,0.5374,1.4214,0.3164,0.4973,0.4293,0.4247,0.3153,0.389,0.3786,0.3648
4/7/2022,22.0544,0.362,0.5138,0.3887,0.7429,0.868,0.4365,0.4843,0.757,0.5489,0.3564,0.6136,0.3311,0.4042,0.4435,0.3803,0.4393,0.466,0.3761,0.4787,0.4871,0.4478,0.3747,0.4492,0.4955,0.3255,0.4562,0.4379,0.3255,0.3606,0.4632,0.2819,0.3114,0.296,0.3719,0.3578,0.4126,0.3747,0.3283,0.568,1.5249,0.3803,0.3086,0.3409,0.4056,0.4998,0.4449,0.3958,0.4365
4/6/2022,27.3008,0.4543,0.6106,0.4407,0.8847,0.6202,0.7515,0.9792,0.6839,0.8577,0.5392,0.5276,0.6202,0.5411,0.5411,0.462,0.4986,0.5083,0.4986,0.599,0.5662,0.4272,0.4195,0.6511,0.435,0.4851,0.5411,0.599,0.3751,0.7882,0.5585,0.3732,0.3751,0.3577,0.3423,0.3384,0.4465,0.4929,0.4793,0.5823,1.5731,0.6781,0.7013,0.6183,0.4948,0.5855,0.5585,0.4176,0.4214
4/5/2022,31.8813,0.8091,0.7852,0.5607,0.8831,1.2676,0.7183,0.8855,0.6085,0.5965,0.735,0.5153,0.6228,0.4437,0.5703,0.618,0.7303,0.47,0.5106,0.7064,0.6109,0.5058,0.5655,0.5273,0.532,0.5464,0.5726,0.6013,0.5106,0.661,0.5965,0.4914,0.427,0.4819,0.3959,0.3744,0.5655,0.5989,0.6156,0.9511,2.8211,0.7924,0.7876,0.6801,0.4437,0.63,0.4986,0.4771,0.5822
4/4/2022,32.0588,0.5155,0.8139,0.7537,1.0641,1.0953,0.8668,0.8572,0.7537,1.0087,0.5155,0.951,0.6647,0.4626,0.5251,0.6214,0.6094,0.6647,0.7417,0.5949,0.708,0.6045,0.6767,0.6863,0.6478,0.465,0.4289,0.8283,0.4458,0.6575,0.5179,0.5227,0.4578,0.542,0.4169,0.5155,0.542,0.7537,0.6021,0.5651,1.5149,0.7296,0.8596,0.4818,0.5179,0.5973,0.6551,0.5155,0.5227
4/3/2022,38.4179,0.8541,0.5956,0.991,1.0609,0.9545,1.0944,1.4777,0.7355,0.629,0.6321,1.0549,0.6047,0.7203,0.5134,0.7416,0.6047,0.5591,0.6503,0.8298,0.8237,0.6016,0.6108,0.918,0.9758,0.6594,0.7051,0.918,0.5864,0.8936,0.775,0.4495,0.4769,0.5469,0.629,0.5195,0.556,0.7507,0.8419,1.0881,3.2847,0.7355,0.8146,0.5317,0.8754,0.5986,0.5591,0.8602,0.5286
4/2/2022,40.0623,0.8656,0.6957,0.6091,1.3402,0.9939,1.3305,1.058,1.3145,0.5899,0.8977,0.6027,0.8592,0.5963,0.7246,0.7887,0.5674,0.8368,0.7213,0.8656,0.8688,0.6187,0.6765,0.731,1.0259,0.6765,0.67,0.9939,0.5739,0.7566,0.7566,0.5194,0.4713,0.5642,0.6027,0.4424,0.5899,0.5642,0.731,1.1708,3.5647,0.7983,0.5129,0.8817,0.8239,0.8239,0.856,0.6989,0.84
4/1/2022,27.2121,0.6085,0.6681,0.5471,0.7795,0.6431,0.8391,0.6777,0.6354,0.6527,0.7546,0.7354,0.6719,0.4241,0.4741,0.5029,0.4856,0.4337,0.4491,0.574,0.5509,0.4126,0.6278,0.6028,0.4183,0.4433,0.4702,0.7834,0.3703,0.8237,0.4452,0.3665,0.378,0.3127,0.3722,0.4472,0.4645,0.4183,0.6124,0.583,1.5755,0.4183,0.6547,0.5605,0.4222,0.4452,0.695,0.4337,0.5471
3/31/2022,27.7016,0.7065,0.4484,0.5292,0.8818,0.7085,0.673,0.8799,0.9922,0.7971,0.4917,0.4504,0.6592,0.4425,0.5233,0.6277,0.6434,0.5942,0.6474,0.5252,0.4484,0.4149,0.3893,0.3952,0.3854,0.3952,0.5016,0.4011,0.4267,0.6257,0.5174,0.3085,0.472,0.3519,0.3459,0.4011,0.4779,0.6572,0.5292,0.6754,1.8882,0.5233,0.5686,0.5863,0.6139,0.5114,0.4661,0.5824,0.6198
3/30/2022,20.9875,0.4368,0.3524,0.5043,0.4823,0.7667,0.5303,0.5758,0.7056,0.503,0.5147,0.355,0.3199,0.4186,0.3277,0.4069,0.4732,0.4082,0.3589,0.4316,0.3641,0.4017,0.3056,0.3628,0.481,0.3913,0.355,0.381,0.3017,0.4693,0.4355,0.2991,0.2693,0.2615,0.3589,0.3524,0.3628,0.3654,0.3225,0.5604,1.499,0.3355,0.4654,0.3303,0.4693,0.4589,0.3913,0.3771,0.3875
3/29/2022,19.9645,0.3677,0.3402,0.3043,0.5136,0.5065,0.406,0.5974,0.4574,0.5196,0.5172,0.5065,0.4084,0.3772,0.3437,0.3557,0.3569,0.321,0.3282,0.3557,0.4191,0.3988,0.321,0.4933,0.3784,0.3533,0.3437,0.4622,0.3378,0.5172,0.3473,0.266,0.3665,0.2851,0.2827,0.3473,0.3437,0.3964,0.3988,0.525,1.3793,0.4383,0.3461,0.4251,0.4442,0.4442,0.3198,0.4012,0.2995
3/28/2022,24.1887,0.3804,0.586,0.4273,0.8061,0.8952,0.7058,0.4548,0.5002,0.369,0.4224,0.5099,0.5406,0.3561,0.3852,0.4904,0.4532,0.4467,0.5342,0.5617,0.518,0.437,0.4451,0.4548,0.4127,0.3107,0.3334,0.5018,0.3933,0.5681,0.505,0.3221,0.382,0.3739,0.3593,0.3059,0.3836,0.3561,0.4224,0.7723,2.216,0.4807,0.3561,0.5228,0.4953,0.3949,0.5989,0.4079,0.3334
3/27/2022,17.4745,0.341,0.3912,0.431,0.4935,0.6385,0.5637,0.4954,0.3969,0.3334,0.3116,0.3893,0.2927,0.3145,0.3296,0.3751,0.3258,0.3495,0.3723,0.3268,0.3363,0.3742,0.3069,0.2965,0.413,0.3192,0.2993,0.3599,0.3022,0.3325,0.3675,0.2415,0.2965,0.3135,0.2387,0.2936,0.305,0.3656,0.3827,0.3493,0.7846,0.2879,0.431,0.3382,0.3287,0.3438,0.2927,0.377,0.3249
3/26/2022,20.4092,0.3205,0.3863,0.3305,0.4595,0.6556,0.5588,0.534,0.4806,0.3975,0.3379,0.5675,0.3876,0.3131,0.3218,0.4359,0.4136,0.431,0.4198,0.4558,0.4446,0.4186,0.4508,0.4409,0.4099,0.2759,0.4037,0.3813,0.3243,0.5588,0.3727,0.3156,0.256,0.2548,0.3131,0.2659,0.3838,0.4173,0.3801,0.4953,1.2787,0.4521,0.5203,0.3032,0.4397,0.4781,0.3975,0.3429,0.426
3/25/2022,17.0744,0.3028,0.399,0.2828,0.399,0.5251,0.4552,0.3672,0.4271,0.3482,0.4471,0.3246,0.3908,0.2928,0.3028,0.3146,0.3845,0.36,0.31,0.3264,0.2982,0.3518,0.3799,0.3699,0.3463,0.261,0.3572,0.4525,0.2801,0.4235,0.3218,0.2828,0.2674,0.2619,0.2874,0.2883,0.3001,0.3781,0.3509,0.324,0.699,0.3772,0.3808,0.3908,0.3336,0.3917,0.3037,0.3463,0.3082
3/24/2022,26.8567,0.6098,0.4193,0.6683,0.8436,1.0718,0.8964,0.8776,0.8474,0.4024,0.8116,0.5532,0.5683,0.4024,0.4043,0.4608,0.4137,0.4288,0.3948,0.6211,0.4495,0.5004,0.5325,0.6551,0.5325,0.5363,0.5136,0.5872,0.4005,0.6833,0.4778,0.4005,0.3816,0.4589,0.4269,0.4363,0.4929,0.4043,0.3929,0.5753,1.5494,0.3797,0.4495,0.4853,0.5853,0.4175,0.5193,0.4005,0.5363
3/23/2022,19.7868,0.4272,0.4543,0.4024,0.6216,0.6829,0.4495,0.3894,0.5356,0.5521,0.3223,0.3517,0.4095,0.3824,0.347,0.3517,0.4472,0.4201,0.3765,0.4519,0.3611,0.3164,0.4142,0.3293,0.294,0.2916,0.3635,0.4519,0.3105,0.4708,0.3729,0.3564,0.2857,0.2845,0.3293,0.294,0.3718,0.3116,0.3753,0.564,1.5114,0.3281,0.2822,0.3199,0.3152,0.3859,0.3588,0.3812,0.38
3/22/2022,22.2327,0.373,0.5481,0.5182,0.6378,0.5339,0.6705,0.5339,0.6691,0.3375,0.531,0.5965,0.3702,0.3944,0.3332,0.3659,0.3531,0.4186,0.356,0.3688,0.5011,0.4243,0.447,0.5652,0.5438,0.4086,0.4727,0.5652,0.3289,0.6022,0.4228,0.3745,0.4043,0.2763,0.3019,0.3531,0.3745,0.4969,0.3346,0.4731,1.2037,0.5481,0.4086,0.3303,0.4784,0.373,0.4243,0.4613,0.4243
3/21/2022,19.6089,0.4499,0.4731,0.3803,0.5358,0.4708,0.5718,0.3977,0.5045,0.3095,0.5033,0.4348,0.4755,0.3582,0.4046,0.3176,0.3478,0.3396,0.3245,0.3814,0.3304,0.3489,0.4151,0.3037,0.3153,0.393,0.3083,0.5242,0.3211,0.5614,0.4093,0.2735,0.2526,0.3269,0.2665,0.335,0.3431,0.4569,0.4116,0.5231,1.3728,0.3896,0.2967,0.3315,0.3164,0.4255,0.4139,0.342,0.3199
3/20/2022,28.2351,0.5309,0.6746,0.4864,0.8445,0.6503,0.6058,0.7009,0.6139,0.881,0.4641,0.6928,0.63,0.4945,0.4237,0.452,0.5532,0.539,0.63,0.5997,0.4904,0.4884,0.4864,0.5612,0.709,0.5673,0.6078,0.5329,0.452,0.4338,0.5855,0.4763,0.4135,0.4398,0.4601,0.4904,0.4459,0.4763,0.4196,0.8438,2.458,0.6017,0.4398,0.6705,0.3933,0.4459,0.4985,0.4803,0.3994
3/19/2022,17.4745,0.3429,0.2927,0.3599,0.4983,0.4689,0.4973,0.4253,0.5627,0.323,0.4225,0.3325,0.3808,0.3628,0.305,0.3808,0.3135,0.3552,0.3069,0.3675,0.305,0.3779,0.3675,0.305,0.3618,0.2917,0.2728,0.4168,0.2823,0.4054,0.3562,0.3107,0.2595,0.2519,0.2946,0.3059,0.3173,0.3173,0.3524,0.3577,0.8132,0.4253,0.3448,0.3609,0.3353,0.3666,0.3306,0.3467,0.3429
3/18/2022,20.6762,0.4836,0.4177,0.3454,0.5191,0.6458,0.661,0.6762,0.4455,0.4177,0.3733,0.5393,0.4202,0.3695,0.3505,0.3822,0.3898,0.3986,0.334,0.4215,0.3923,0.3517,0.3188,0.3644,0.4608,0.2998,0.4037,0.4113,0.2947,0.5279,0.3467,0.3023,0.2922,0.3454,0.3378,0.3429,0.3517,0.3682,0.4164,0.5761,1.5522,0.3175,0.4836,0.372,0.3086,0.4367,0.3441,0.3555,0.41
3/17/2022,15.2956,0.3476,0.3658,0.3089,0.4089,0.4658,0.3067,0.2856,0.3892,0.2819,0.4125,0.4373,0.3607,0.314,0.2506,0.314,0.2703,0.314,0.2951,0.3199,0.2819,0.2703,0.3367,0.3637,0.3447,0.2805,0.2425,0.3432,0.2564,0.3914,0.3111,0.2134,0.2673,0.2382,0.2805,0.2513,0.2644,0.2725,0.314,0.2983,0.6121,0.3403,0.3075,0.2506,0.3279,0.2907,0.3228,0.3184,0.2542
3/16/2022,19.3866,0.4422,0.4513,0.3318,0.6142,0.4821,0.5379,0.3819,0.6449,0.4126,0.4912,0.5117,0.457,0.3796,0.3545,0.4229,0.342,0.3033,0.3295,0.3762,0.3637,0.4046,0.3318,0.3113,0.416,0.3056,0.3864,0.4502,0.3158,0.4058,0.3545,0.3466,0.2817,0.3329,0.3192,0.3397,0.3682,0.3375,0.3204,0.469,1.1897,0.3523,0.2988,0.2885,0.2805,0.4263,0.3215,0.375,0.4263
3/15/2022,22.8103,0.5532,0.4969,0.5369,0.7295,0.9087,0.6835,0.808,0.4644,0.7013,0.5517,0.3814,0.3814,0.3518,0.4762,0.454,0.3518,0.3977,0.4258,0.4007,0.4806,0.3459,0.4244,0.4436,0.3414,0.374,0.4658,0.4229,0.3385,0.4407,0.4362,0.3459,0.3666,0.3533,0.2985,0.3518,0.3577,0.4096,0.4258,0.469,1.1898,0.5029,0.4792,0.5221,0.4673,0.411,0.4081,0.3814,0.5014
3/14/2022,30.1026,0.7347,0.5778,0.5579,0.9977,0.6971,1.0795,0.896,0.5778,0.5512,0.7767,0.98,0.6794,0.4651,0.4275,0.5579,0.5512,0.4849,0.5822,0.5137,0.6993,0.4651,0.3987,0.7126,0.3833,0.5159,0.4894,0.7214,0.4761,0.4805,0.5358,0.5137,0.4098,0.4474,0.4054,0.4651,0.5336,0.6065,0.5247,0.7807,2.2447,0.706,0.5579,0.5955,0.5822,0.6927,0.5888,0.4474,0.4341
3/13/2022,33.2595,0.6289,0.6996,0.6845,0.8259,0.8285,0.6895,0.7704,0.8007,1.0533,0.4925,1.0987,0.6668,0.6643,0.4698,0.5506,0.6971,0.7729,0.5632,0.6441,0.591,0.5329,0.4344,0.6011,0.6643,0.5405,0.6845,0.6087,0.4319,0.5809,0.6466,0.5228,0.4294,0.3586,0.4748,0.4546,0.5127,0.5557,0.6719,1.0292,3.0855,0.7047,0.7224,0.7224,0.5228,0.5254,0.7704,0.5759,0.7022
3/12/2022,34.0597,0.6123,0.727,0.6097,0.9094,1.5061,1.2377,0.8729,0.753,0.6514,0.9693,0.8859,0.4507,0.4611,0.4846,0.74,0.482,0.6357,0.727,0.7478,0.7817,0.6357,0.5706,0.6436,0.7217,0.5211,0.6957,0.9823,0.482,0.5107,0.6931,0.555,0.5654,0.5054,0.4507,0.5732,0.5471,0.4637,0.7504,0.8544,2.494,0.5028,0.6045,0.4585,0.7713,0.5367,0.568,0.7217,0.4351
3/11/2022,23.3438,0.5395,0.5196,0.4244,0.5119,0.7006,0.6715,0.6224,0.4935,0.5211,0.5963,0.4904,0.3385,0.3907,0.4367,0.3892,0.3784,0.3815,0.4904,0.429,0.4567,0.4045,0.4045,0.5365,0.3278,0.3953,0.3938,0.495,0.3508,0.4045,0.3815,0.4152,0.3738,0.3723,0.3677,0.383,0.3707,0.4935,0.5211,0.7739,2.2216,0.3845,0.4183,0.317,0.5027,0.3707,0.4659,0.3876,0.3278
3/10/2022,20.1425,0.4144,0.4484,0.3949,0.5297,0.4229,0.5309,0.5067,0.6329,0.4994,0.4229,0.5807,0.4982,0.4144,0.4217,0.4132,0.3731,0.3354,0.3682,0.3755,0.4338,0.3488,0.3986,0.3779,0.2978,0.2942,0.3027,0.5443,0.3354,0.5564,0.3269,0.2832,0.2747,0.2687,0.2699,0.3379,0.3646,0.4326,0.4168,0.465,1.1761,0.3087,0.3051,0.3439,0.3464,0.4144,0.4362,0.4569,0.4411
3/9/2022,26.5456,0.4652,0.4597,0.5339,0.7824,1.0364,0.8491,0.8751,0.6433,0.8083,0.6025,0.7008,0.5951,0.5283,0.5487,0.404,0.5339,0.4096,0.5302,0.4652,0.5376,0.4319,0.6062,0.4059,0.4207,0.3929,0.5339,0.4152,0.3874,0.7212,0.519,0.4523,0.4337,0.3577,0.3039,0.4115,0.443,0.469,0.4578,0.4137,1.0027,0.6396,0.6896,0.6192,0.6155,0.5209,0.5876,0.4059,0.5784
3/8/2022,29.2132,0.6588,0.5697,0.6355,0.6928,0.7882,1.0131,0.6482,0.9155,0.9028,0.4849,0.4615,0.5018,0.5358,0.5061,0.6079,0.523,0.5358,0.5888,0.523,0.6334,0.5888,0.644,0.6058,0.6588,0.6058,0.4976,0.8603,0.4594,0.82,0.54,0.4467,0.4743,0.3915,0.3427,0.4191,0.4488,0.4255,0.523,0.5697,1.5307,0.5952,0.7797,0.627,0.5867,0.5803,0.5761,0.4191,0.47
3/7/2022,34.8156,0.6091,0.8585,0.821,0.9711,0.955,1.1562,0.955,1.1535,0.6788,0.5823,0.6735,0.8237,0.5769,0.6252,0.5555,0.6359,0.5796,0.6064,0.6038,0.5609,0.6333,0.6145,0.8237,0.6064,0.4107,0.5582,0.4509,0.4938,0.6869,0.5555,0.5689,0.4107,0.518,0.5528,0.5153,0.5823,0.711,0.5474,1.1093,3.3564,0.7915,0.947,0.6091,0.5421,0.7164,0.5769,0.4965,0.4482
3/6/2022,33.7483,0.6713,0.6971,0.8001,0.9237,0.8773,0.8439,1.1477,0.8851,0.9082,0.4937,0.5014,0.8567,0.5709,0.5374,0.5683,0.7357,0.6713,0.4962,0.5477,0.6173,0.6224,0.6095,0.4731,0.419,0.419,0.6404,0.4576,0.5349,0.8619,0.5915,0.4885,0.383,0.5117,0.3649,0.4061,0.558,0.6559,0.522,1.1593,3.5256,0.6018,0.5349,0.6997,0.5477,0.5529,0.8155,0.6868,0.7537
3/5/2022,27.8795,0.4191,0.5444,0.439,0.9598,0.9042,0.9241,0.7094,0.9877,0.8088,0.7471,0.5344,0.612,0.5523,0.4649,0.4967,0.4152,0.5802,0.5324,0.6458,0.5444,0.5364,0.4768,0.4012,0.3973,0.5285,0.4152,0.6517,0.3993,0.7153,0.5881,0.3376,0.3356,0.4171,0.3555,0.3953,0.4211,0.5285,0.3814,0.6718,1.8761,0.5165,0.5523,0.5921,0.5285,0.5583,0.4987,0.4748,0.5066
3/4/2022,28.4575,0.6781,0.6617,0.5554,0.8418,1.1261,0.8745,0.6208,0.7067,0.4613,0.6699,0.4428,0.6229,0.5676,0.5329,0.5881,0.5799,0.5165,0.627,0.5144,0.5554,0.4592,0.5717,0.6638,0.6597,0.4838,0.4653,0.7026,0.4449,0.7477,0.539,0.4551,0.4285,0.4572,0.4858,0.4162,0.5001,0.6781,0.5472,0.4205,1.0257,0.6004,0.6699,0.4469,0.4858,0.6761,0.5022,0.5758,0.6045
3/3/2022,28.1463,0.5555,0.5374,0.6945,0.63,0.8516,0.7852,0.8436,0.5877,0.8738,0.5676,0.8879,0.4588,0.5414,0.5172,0.4689,0.6381,0.5817,0.6018,0.5857,0.4668,0.4749,0.5233,0.4729,0.6905,0.5837,0.4749,0.7952,0.4124,0.6038,0.485,0.3641,0.3722,0.3581,0.3822,0.3762,0.4668,0.5998,0.4084,0.6795,1.9021,0.5656,0.6683,0.5152,0.626,0.4729,0.4004,0.4225,0.3742
3/2/2022,27.0347,0.5987,0.437,0.5302,0.7815,0.7168,0.9376,0.4883,0.6863,0.6045,0.6216,0.7225,0.4255,0.5607,0.5188,0.6102,0.4769,0.5169,0.6273,0.5302,0.4427,0.4293,0.4465,0.6635,0.4712,0.3894,0.4655,0.4598,0.3779,0.5188,0.5131,0.3304,0.3608,0.4065,0.3151,0.3875,0.5017,0.4351,0.5588,0.7589,2.1707,0.5055,0.4103,0.555,0.6083,0.4655,0.5017,0.6083,0.5854
3/1/2022,26.8566,0.4627,0.5947,0.5099,0.5872,0.9605,0.9002,0.4721,0.7286,0.838,0.4457,0.6456,0.4872,0.5495,0.4816,0.4325,0.4571,0.4137,0.4835,0.5853,0.6155,0.3986,0.5287,0.5627,0.4589,0.3477,0.5777,0.6569,0.4382,0.5476,0.557,0.474,0.3251,0.3062,0.3628,0.3628,0.4212,0.4646,0.4552,0.823,2.3878,0.4778,0.5513,0.3496,0.3684,0.5985,0.4495,0.5928,0.3609
2/28/2022,33.0817,0.8489,0.5855,0.5554,0.7385,0.9266,1.0144,0.7511,0.8313,1.0621,0.874,1.1348,0.8664,0.4752,0.6633,0.568,0.6633,0.7461,0.6984,0.6859,0.6031,0.7059,0.4325,0.5931,0.8012,0.4977,0.4325,0.5755,0.4551,0.741,0.6959,0.3774,0.3999,0.4526,0.4752,0.5454,0.5504,0.583,0.7511,0.7703,2.2092,0.721,0.4049,0.4526,0.588,0.7862,0.5354,0.6232,0.6332
2/27/2022,24.5003,0.6072,0.5231,0.6072,0.6749,0.8448,0.5561,0.5132,0.7739,0.5379,0.5808,0.5082,0.5693,0.4917,0.368,0.4043,0.462,0.4752,0.4752,0.434,0.528,0.5297,0.4109,0.4719,0.4686,0.3432,0.4208,0.4422,0.3828,0.462,0.4142,0.3878,0.3729,0.4142,0.2987,0.3201,0.396,0.4406,0.3515,0.6797,1.9026,0.4587,0.3663,0.5049,0.5511,0.4307,0.3614,0.4785,0.5033
2/26/2022,25.6561,0.5004,0.4209,0.4156,0.5939,0.6504,0.8235,0.511,0.7546,0.6222,0.7599,0.804,0.5057,0.4386,0.5445,0.4968,0.4739,0.428,0.3856,0.4191,0.4704,0.5304,0.3344,0.511,0.624,0.3379,0.4315,0.5604,0.3432,0.5286,0.428,0.4527,0.4474,0.3326,0.4209,0.4492,0.4615,0.3732,0.5198,0.6846,1.9193,0.5304,0.5922,0.5975,0.5233,0.5216,0.4439,0.375,0.3626
2/25/2022,22.7661,0.5402,0.5196,0.3955,0.5565,0.747,0.5698,0.6288,0.4472,0.6421,0.5196,0.6067,0.397,0.3586,0.4,0.4605,0.3424,0.4546,0.4856,0.5048,0.5122,0.4679,0.4635,0.4635,0.3882,0.3173,0.3202,0.5801,0.3675,0.3704,0.3985,0.2863,0.273,0.301,0.304,0.3749,0.4162,0.3276,0.3631,0.6089,1.6632,0.4945,0.4797,0.524,0.3734,0.4812,0.5506,0.3394,0.3793
2/24/2022,24.6777,0.6086,0.4552,0.5453,0.6954,0.7204,0.8388,0.5052,0.5236,0.6036,0.5819,0.5202,0.4318,0.3918,0.4802,0.4735,0.4402,0.5603,0.3885,0.4085,0.4085,0.4986,0.4435,0.5669,0.5519,0.4652,0.4936,0.5069,0.4068,0.5819,0.4102,0.3284,0.4419,0.4218,0.4102,0.3585,0.4285,0.3785,0.3701,0.5764,1.5531,0.592,0.4385,0.3901,0.4835,0.5302,0.5086,0.5369,0.4235
2/23/2022,28.7688,0.6651,0.6132,0.4574,0.7025,0.9663,0.8707,0.5156,0.5779,0.7253,0.634,0.4823,0.4616,0.4284,0.4927,0.6527,0.5758,0.526,0.6838,0.5737,0.4553,0.4387,0.4907,0.6236,0.6319,0.5945,0.4533,0.5343,0.445,0.7856,0.4886,0.4117,0.4055,0.4117,0.3474,0.3951,0.5114,0.5987,0.6298,0.6892,1.9349,0.6236,0.6859,0.5343,0.661,0.5363,0.5841,0.6277,0.634
2/22/2022,22.9881,0.4155,0.5309,0.4769,0.5279,0.4934,0.5908,0.5624,0.7707,0.6853,0.4994,0.6853,0.4949,0.432,0.387,0.3735,0.387,0.414,0.381,0.4589,0.4155,0.4095,0.4529,0.3435,0.33,0.3795,0.3495,0.441,0.354,0.5654,0.414,0.327,0.324,0.3255,0.3285,0.3016,0.3645,0.3885,0.5174,0.6836,1.9159,0.3555,0.4769,0.327,0.5339,0.3885,0.4574,0.5069,0.4439
2/21/2022,23.433,0.571,0.5448,0.338,0.6883,0.8812,0.7145,0.8025,0.6605,0.4244,0.588,0.73,0.5972,0.3426,0.4691,0.3766,0.4198,0.358,0.4429,0.4229,0.48,0.4074,0.3874,0.5942,0.4722,0.4198,0.4908,0.554,0.3596,0.4815,0.4028,0.287,0.3719,0.2994,0.321,0.3256,0.409,0.4846,0.446,0.3747,0.8707,0.4414,0.5957,0.4722,0.3225,0.5108,0.446,0.5309,0.5016
2/20/2022,29.3024,0.5906,0.6928,0.5586,0.6481,1.2509,0.7802,1.0401,0.8462,0.8867,0.7738,0.6502,0.6098,0.4585,0.5395,0.5224,0.45,0.4798,0.5331,0.6524,0.5458,0.5011,0.5693,0.7461,0.3882,0.548,0.45,0.3925,0.4649,0.744,0.5245,0.3989,0.4883,0.3818,0.4798,0.3563,0.4713,0.6353,0.6524,0.638,1.7616,0.6651,0.6055,0.4606,0.3733,0.6268,0.5565,0.4926,0.4202
2/19/2022,34.4157,0.6395,0.8323,0.8033,0.7954,1.0437,0.6897,0.8693,0.6818,0.6554,0.9354,0.9776,0.7346,0.5655,0.7029,0.4863,0.6025,0.518,0.5523,0.555,0.584,0.584,0.4467,0.8825,0.7452,0.4652,0.5127,0.8376,0.4335,0.9301,0.5259,0.4361,0.518,0.5021,0.5127,0.4546,0.592,0.5682,0.6659,1.1235,3.4046,0.6052,0.5735,0.8059,0.4599,0.6369,0.5655,0.798,0.6052
2/18/2022,17.474,0.2908,0.305,0.2879,0.5428,0.5494,0.3732,0.5456,0.3732,0.2889,0.3211,0.4765,0.304,0.3078,0.3277,0.287,0.3258,0.3107,0.3059,0.3069,0.3012,0.3173,0.304,0.3476,0.3078,0.3344,0.2661,0.3789,0.268,0.3391,0.3609,0.269,0.2557,0.2955,0.2737,0.2917,0.3353,0.287,0.3097,0.5823,1.573,0.3903,0.3173,0.2737,0.341,0.3069,0.3723,0.2889,0.3552
2/17/2022,17.7411,0.2972,0.3069,0.3751,0.4365,0.5086,0.4677,0.4044,0.4063,0.3761,0.4297,0.5476,0.3956,0.2845,0.3118,0.2904,0.2884,0.3157,0.3449,0.3147,0.4063,0.3654,0.2933,0.3946,0.2865,0.3625,0.3293,0.3897,0.2699,0.342,0.3683,0.3225,0.3293,0.2543,0.2602,0.3216,0.2923,0.3021,0.2748,0.4984,1.2893,0.4102,0.3449,0.3274,0.268,0.3362,0.4131,0.2875,0.2991
2/16/2022,24.7665,0.445,0.559,0.5506,0.6328,0.5724,0.8608,0.6026,0.7133,0.4886,0.6697,0.4383,0.4232,0.3997,0.44,0.4349,0.4165,0.5489,0.3746,0.5288,0.4215,0.4349,0.502,0.3695,0.4869,0.4198,0.4701,0.6713,0.3763,0.4249,0.5171,0.336,0.3964,0.398,0.2907,0.3075,0.3913,0.5607,0.559,0.6566,1.8246,0.5121,0.5808,0.3377,0.4048,0.5104,0.4483,0.5439,0.5137
2/15/2022,32.8591,0.6937,0.7359,0.7161,1.1486,1.3525,1.0815,0.6937,1.0417,0.6962,0.8329,0.731,0.5545,0.4849,0.4575,0.6837,0.6042,0.6017,0.6141,0.6315,0.557,0.6862,0.5893,0.4724,0.5222,0.4351,0.634,0.9796,0.4277,0.808,0.5023,0.455,0.46,0.4525,0.4227,0.542,0.5843,0.7185,0.7384,0.7598,2.1738,0.4525,0.4376,0.7111,0.455,0.5694,0.6141,0.7161,0.6266
2/14/2022,42.8192,0.6576,0.9954,0.8839,1.1346,1.4132,0.8317,1.0302,0.9257,1.2078,1.1834,1.4271,0.6576,0.8004,0.8874,0.8735,0.5949,0.8387,0.9188,0.9222,0.8596,0.8491,0.5532,1.0128,0.581,0.5323,0.9222,0.6715,0.6646,0.978,0.7133,0.4069,0.4383,0.5218,0.6507,0.6158,0.6298,0.8178,0.7029,1.3763,4.26,0.8004,0.5984,0.5775,0.494,0.9605,1.0302,0.8874,0.5288
2/13/2022,31.7478,0.5348,0.6369,0.796,1.0548,0.796,0.9337,0.7604,0.9195,0.4279,0.872,0.8933,0.7437,0.549,0.454,0.511,0.6867,0.663,0.4588,0.6796,0.6535,0.5015,0.7057,0.7841,0.7912,0.4184,0.625,0.9171,0.4065,0.91,0.5514,0.3923,0.4065,0.4778,0.5181,0.3661,0.5609,0.4849,0.4683,0.6271,1.7248,0.7509,0.8007,0.6939,0.6369,0.5585,0.4944,0.4445,0.7057
2/12/2022,27.079,0.43,0.4223,0.678,0.8058,0.5826,0.844,0.5616,0.8325,0.7352,0.4433,0.5234,0.43,0.3784,0.5253,0.5864,0.6265,0.4338,0.6417,0.4815,0.5578,0.554,0.5978,0.6723,0.4509,0.47,0.5311,0.4471,0.3975,0.7486,0.5406,0.4586,0.3632,0.449,0.3784,0.4147,0.4109,0.409,0.5769,0.6698,1.8691,0.5692,0.4395,0.4548,0.5196,0.5902,0.5368,0.5044,0.5349
2/11/2022,30.1022,0.5512,0.5866,0.5225,0.7325,0.7015,0.6794,1.0419,0.7524,0.7988,0.6419,0.8983,0.7833,0.5888,0.6352,0.6352,0.5778,0.4319,0.5225,0.6352,0.5468,0.5535,0.6905,0.507,0.5048,0.4054,0.6043,0.7435,0.4142,0.8143,0.5623,0.4606,0.3479,0.4076,0.4054,0.5247,0.4673,0.4695,0.5336,0.8256,2.3965,0.4982,0.4054,0.5645,0.5468,0.5557,0.5004,0.675,0.454
2/10/2022,25.2111,0.4317,0.3973,0.4197,0.7432,0.6314,0.8362,0.6262,0.621,0.7605,0.5247,0.4644,0.5057,0.4059,0.5126,0.5229,0.4162,0.4713,0.578,0.5092,0.4713,0.3973,0.3956,0.6348,0.4197,0.442,0.4076,0.6847,0.4076,0.6537,0.4283,0.4214,0.3181,0.3233,0.3853,0.3612,0.4369,0.5006,0.4575,0.6617,1.842,0.3629,0.6279,0.4489,0.4799,0.4679,0.5384,0.3766,0.4799
2/9/2022,27.4342,0.6953,0.6933,0.6214,0.8041,0.913,0.7944,0.7108,0.7031,0.738,0.6428,0.5029,0.5573,0.3902,0.4601,0.3999,0.637,0.5865,0.532,0.4679,0.5165,0.5204,0.5903,0.6953,0.5184,0.3377,0.5962,0.4698,0.4251,0.6525,0.5379,0.431,0.3571,0.4154,0.429,0.3999,0.499,0.4193,0.4698,0.5164,1.3503,0.5359,0.464,0.6486,0.5282,0.5903,0.6078,0.5573,0.5048
2/8/2022,26.5006,0.6403,0.5737,0.6458,0.8882,0.6107,0.5515,0.7938,0.5515,0.6125,0.7513,0.594,0.6606,0.5274,0.4072,0.5256,0.5311,0.5922,0.4923,0.5718,0.4608,0.5829,0.5959,0.483,0.4405,0.4368,0.5644,0.6514,0.3609,0.7957,0.4534,0.4072,0.3295,0.4368,0.3424,0.4109,0.422,0.5089,0.5015,0.5444,1.4448,0.5293,0.4146,0.4109,0.4719,0.4349,0.5829,0.5385,0.422
2/7/2022,33.6153,0.7328,0.5099,0.4792,1.2169,1.0043,1.2169,0.8275,0.7763,0.6201,0.9684,0.889,0.4664,0.5022,0.6841,0.7635,0.7584,0.4869,0.5202,0.5637,0.7558,0.6687,0.6559,0.8096,0.5535,0.5944,0.6072,0.7046,0.4792,0.9838,0.5714,0.5022,0.3793,0.3588,0.3921,0.5355,0.6124,0.5432,0.5944,0.6919,1.9442,0.8634,0.7661,0.515,0.7302,0.784,0.7609,0.5253,0.7456
2/6/2022,38.2838,0.5785,0.736,0.7754,0.9813,0.9056,0.8965,0.6754,0.9964,1.1993,0.6997,0.5937,0.8511,0.7602,0.7178,0.8147,0.5513,0.7269,0.5301,0.7723,0.9086,0.6179,0.5482,0.9056,0.5634,0.627,0.7027,0.627,0.5513,0.5573,0.8026,0.4937,0.6664,0.4604,0.6028,0.418,0.624,0.6815,0.8057,1.2132,3.7081,0.954,1.0479,0.8693,0.5816,0.5634,0.8026,0.8208,0.7966
2/5/2022,37.439,0.885,0.6259,0.7496,0.882,1.5709,1.1323,0.8555,0.7878,0.6936,0.7937,0.6789,0.9792,0.6995,0.6642,0.7231,0.8526,0.7849,0.7996,0.8585,0.8232,0.6995,0.7054,0.9497,0.4552,0.6877,0.5111,1.0322,0.5818,0.729,0.5641,0.3992,0.4051,0.4493,0.5553,0.5965,0.5935,0.7613,0.5994,0.9013,2.6527,0.7878,0.8055,0.5818,0.514,0.7613,0.8408,0.7554,0.7231
2/4/2022,24.7669,0.4098,0.5657,0.5942,0.6713,0.6546,0.5925,0.5154,0.4903,0.7451,0.616,0.6898,0.6345,0.4651,0.3763,0.5506,0.5674,0.4048,0.4198,0.4349,0.4299,0.4349,0.4316,0.4433,0.4802,0.4333,0.4333,0.4769,0.3746,0.5121,0.4651,0.3427,0.2941,0.4048,0.4316,0.3561,0.3997,0.4584,0.5355,0.5965,1.6214,0.4903,0.6143,0.4098,0.5305,0.4903,0.5322,0.5272,0.4182
2/3/2022,34.8156,0.8478,0.5716,0.6118,1.2366,0.7888,0.9282,0.6601,0.9792,0.5823,1.065,0.9765,0.7432,0.6118,0.7352,0.5743,0.593,0.5823,0.5635,0.5904,0.5769,0.5635,0.593,0.6038,0.8076,0.4134,0.711,0.8102,0.4965,0.9202,0.6064,0.459,0.4509,0.5528,0.5233,0.5528,0.5743,0.5823,0.6976,0.9637,2.8637,0.5421,0.8961,0.8156,0.4214,0.7405,0.7405,0.6225,0.4724
2/2/2022,30.5474,0.5319,0.6041,0.559,0.8611,0.8318,0.8093,0.9671,0.6785,0.4395,0.8972,0.6582,0.4643,0.568,0.4169,0.4305,0.5815,0.6424,0.4981,0.4981,0.5207,0.5161,0.4778,0.6717,0.5838,0.5477,0.5207,0.7236,0.4508,0.5973,0.6379,0.426,0.3876,0.3516,0.4463,0.4778,0.5229,0.6199,0.4237,0.9392,2.7808,0.6424,0.7461,0.4327,0.6943,0.7033,0.7371,0.6041,0.426
2/1/2022,34.7267,0.8161,0.7894,0.613,1.1823,1.5297,0.915,1.2438,1.062,0.7172,0.6264,1.0059,0.8482,0.6665,0.7306,0.6985,0.7172,0.597,0.7333,0.589,0.6878,0.4901,0.621,0.482,0.6371,0.5809,0.5168,0.5248,0.4767,0.5809,0.605,0.3805,0.3965,0.3751,0.5542,0.3885,0.5462,0.6905,0.621,0.847,2.469,0.4954,0.76,0.613,0.5302,0.6504,0.8589,0.5809,0.6852
1/31/2022,4.8021,0.0931,0.0992,0.1085,0.057,0.0352,0.0995,0.0528,0.0423,0.1174,0.0781,0.1081,0.1049,0.1053,0.1101,0.1171,0.0963,0.1193,0.087,0.0918,0.0973,0.1094,0.1254,0.0925,0.0902,0.1379,0.1296,0.1289,0.1299,0.0954,0.1155,0.1254,0.1184,0.1289,0.1385,0.1385,0.12,0.0992,0.0986,0.0771,-0.1365,0.1219,0.1254,0.1168,0.1117,0.1165,0.1158,0.1002,0.1107
1/30/2022,34.8157,0.6869,0.585,0.5689,1.0301,1.5235,0.9819,0.8102,0.7405,1.0945,0.593,0.6386,0.5984,0.6547,0.4858,0.5957,0.711,0.6601,0.5769,0.7057,0.7164,0.7003,0.6601,0.6118,0.6091,0.534,0.5448,0.5743,0.5314,0.6038,0.7325,0.5716,0.5769,0.3705,0.4938,0.5662,0.5394,0.585,0.4831,1.1594,3.5261,0.5019,0.9202,0.829,0.4563,0.5019,0.6976,0.526,0.4509
1/29/2022,33.0816,0.5153,0.6357,0.7686,1.0094,1.2377,0.8965,0.5905,0.9041,0.4601,0.8138,0.721,0.6608,0.5404,0.7084,0.6457,0.588,0.4702,0.6056,0.6658,0.6558,0.6783,0.4977,0.8489,0.5981,0.42,0.5103,0.5053,0.5228,0.7059,0.5479,0.5329,0.4827,0.3447,0.5003,0.4651,0.5905,0.7962,0.7561,0.9276,2.7416,0.6859,0.5956,0.7134,0.6181,0.716,0.5905,0.588,0.5078
1/28/2022,36.15,0.7803,0.8338,0.5945,0.9746,0.8817,0.8282,1.2532,1.09,1.1632,0.6959,0.679,0.6565,0.7184,0.5777,0.7522,0.8282,0.6424,0.6255,0.786,0.572,0.6424,0.8423,0.7325,0.5608,0.5777,0.7888,0.5861,0.4904,0.5551,0.6677,0.5016,0.4285,0.4256,0.5214,0.4369,0.5382,0.496,0.7719,1.0393,3.1196,0.8169,0.5045,0.4651,0.7325,0.5467,0.8451,0.8394,0.7437
1/27/2022,33.7041,0.6473,0.673,0.4648,1.1923,1.3696,1.1511,0.9995,0.7553,0.871,0.6473,1.1151,0.7296,0.5471,0.5085,0.5548,0.5677,0.5908,0.6679,0.7244,0.6396,0.6885,0.4957,0.8787,0.4417,0.6422,0.506,0.9121,0.5265,0.6576,0.5728,0.4803,0.524,0.5162,0.4057,0.4237,0.5445,0.6628,0.6705,0.6768,1.8928,0.8067,0.8838,0.5522,0.691,0.5291,0.5779,0.6653,0.4623
1/26/2022,33.8373,0.6782,0.7945,0.7248,1.0606,1.2415,0.6653,0.9392,1.1304,0.5155,0.5077,0.5801,0.779,0.6421,0.5801,0.5051,0.6472,0.5594,0.686,0.6627,0.5413,0.5904,0.6679,0.6912,0.8023,0.5697,0.5387,0.8643,0.5258,0.6602,0.624,0.3837,0.4793,0.3915,0.438,0.4612,0.5439,0.4974,0.5051,1.1055,3.3437,0.6757,0.5051,0.4225,0.4431,0.7738,0.7558,0.6808,0.456
1/25/2022,34.8156,0.7566,0.5877,0.5582,0.8666,1.1857,0.9953,0.6762,1.2125,0.711,0.8558,0.8987,0.6976,0.4616,0.652,0.5153,0.7834,0.5314,0.7861,0.711,0.5609,0.644,0.5984,0.8049,0.585,0.6815,0.5314,1.0489,0.526,0.8531,0.7137,0.3758,0.4643,0.3973,0.593,0.3946,0.5394,0.4724,0.5689,0.7355,2.0917,0.7083,0.8666,0.7378,0.7405,0.8183,0.8397,0.6976,0.7834
1/24/2022,42.3303,0.8704,0.9494,0.9803,1.2515,1.3579,1.0799,1.3579,1.2309,0.8807,1.2137,1.0661,0.7812,0.7915,0.6679,0.7091,0.9425,0.6061,1.0318,0.6576,0.9975,0.7606,0.6336,0.6885,0.6473,0.8121,0.74,0.8189,0.5924,1.1897,0.7709,0.4928,0.4585,0.5615,0.637,0.4722,0.7537,0.8155,0.8395,0.9889,2.9491,0.7983,0.9769,0.7022,0.5306,0.891,0.5546,0.9391,0.891
1/23/2022,37.9724,0.6972,0.847,0.5114,1.3955,1.4045,0.8291,1.1198,1.2217,0.907,0.5863,1.1797,0.85,0.7302,0.7901,0.6792,0.6912,0.5263,0.7122,0.7991,0.7991,0.6372,0.5683,0.5383,0.7212,0.6612,0.5293,0.901,0.5683,0.892,0.7062,0.4244,0.5503,0.4514,0.5473,0.5623,0.6912,0.7541,0.5263,1.0042,3.0008,0.5323,0.7421,0.892,0.889,0.6402,0.5743,0.6043,0.5863
1/22/2022,32.6816,0.7195,0.7393,0.6035,0.9812,1.3045,0.8133,0.8355,0.6603,1.0305,0.6331,0.6529,0.5542,0.5468,0.4406,0.5418,0.5986,0.6159,0.4851,0.6455,0.685,0.4456,0.4777,0.7886,0.8034,0.4258,0.6183,0.796,0.4678,0.8898,0.6406,0.5369,0.5566,0.4456,0.3789,0.5566,0.5147,0.4974,0.6554,0.88,2.5805,0.7936,0.4184,0.49,0.5344,0.6011,0.648,0.722,0.4308
1/21/2022,33.3042,0.5665,0.5741,0.7107,0.8904,1.3231,1.0017,0.9966,0.6525,0.5817,0.7866,0.693,0.4425,0.6196,0.6955,0.4981,0.6601,0.6626,0.6272,0.7588,0.7031,0.6272,0.6196,0.5968,0.817,0.5032,0.6171,0.5437,0.5083,0.817,0.5108,0.4071,0.4121,0.4172,0.5386,0.5184,0.5994,0.5563,0.6601,0.8397,2.4441,0.5741,0.8398,0.5563,0.5665,0.7562,0.607,0.7107,0.6955
1/20/2022,27.1237,0.5396,0.4879,0.5491,0.7251,1.0349,0.9087,0.4726,0.8647,0.4937,0.4937,0.8207,0.4535,0.4306,0.3885,0.5032,0.5262,0.5989,0.5109,0.4688,0.4726,0.5013,0.3751,0.4784,0.5816,0.5396,0.5836,0.748,0.4325,0.4191,0.5281,0.4401,0.4191,0.4134,0.3541,0.4459,0.5052,0.6142,0.6065,0.6077,1.659,0.5147,0.3541,0.4593,0.5587,0.5797,0.6639,0.5013,0.4956
1/19/2022,34.6821,0.8177,0.6683,0.783,0.815,1.3487,1.258,0.8844,1.1432,0.6843,1.0205,0.8551,0.6469,0.6683,0.6123,0.4975,0.679,0.6389,0.5456,0.5829,0.751,0.6923,0.7537,0.7857,0.5696,0.5162,0.5829,0.6123,0.4522,0.9271,0.6336,0.4495,0.4522,0.5509,0.4388,0.4655,0.5215,0.7617,0.7483,0.7382,2.1006,0.5349,0.6896,0.759,0.6149,0.767,0.5295,0.6976,0.4362
1/18/2022,40.5964,0.6719,0.6328,0.548,1.2749,1.7834,1.4901,1.4444,1.2065,0.5872,1.1511,0.6393,1.0533,0.8284,0.8675,0.7632,0.5969,0.6556,0.5611,0.799,0.7078,0.7241,0.861,1.0663,0.9457,0.8284,0.535,1.0239,0.6263,0.9881,0.6784,0.548,0.4894,0.4503,0.6328,0.6784,0.6752,0.9392,0.9066,0.8656,2.5318,0.7762,0.535,0.5448,0.7893,0.6654,0.9555,0.5709,0.5024
1/17/2022,33.793,0.8012,0.7496,0.5097,1.0127,1.1081,1.0256,1.1159,1.1726,0.8218,0.7702,0.796,0.5819,0.6542,0.7186,0.6464,0.6877,0.7728,0.7754,0.5665,0.6258,0.6,0.6077,0.7135,0.5329,0.4788,0.6438,0.4581,0.502,0.6593,0.5355,0.4323,0.4298,0.4504,0.3756,0.4323,0.5329,0.7135,0.6774,0.7927,2.285,0.6051,0.7857,0.698,0.6309,0.4994,0.6129,0.6851,0.5097
1/16/2022,34.949,0.7622,0.7649,0.835,1.215,1.4009,1.0344,1.2069,1.118,0.5952,0.5871,0.9455,0.5628,0.6086,0.579,0.6868,0.6868,0.5116,0.5682,0.6625,0.7488,0.5413,0.7299,0.5008,0.8458,0.5466,0.4954,0.7973,0.4415,0.5413,0.5278,0.6032,0.5844,0.5305,0.4038,0.5359,0.5844,0.6383,0.7164,0.7236,2.0513,0.7272,0.6733,0.8,0.7056,0.8404,0.6221,0.5359,0.6248
1/15/2022,31.792,0.5021,0.7067,0.6806,1.1184,1.3396,0.8995,0.9114,1.085,0.476,0.6282,0.7258,0.7305,0.5902,0.4546,0.4593,0.7424,0.4641,0.7543,0.4998,0.514,0.5973,0.683,0.6901,0.5878,0.476,0.5806,0.9518,0.4355,0.5164,0.5021,0.3879,0.445,0.514,0.5354,0.4688,0.4688,0.6877,0.6877,0.7479,2.1336,0.7686,0.3927,0.4546,0.4736,0.6544,0.6901,0.4926,0.4855
1/14/2022,29.791,0.5023,0.6265,0.718,0.7114,1.1691,0.5785,0.9991,0.7158,0.84,0.8727,0.8313,0.6177,0.4608,0.4652,0.5894,0.5763,0.6504,0.6308,0.5524,0.6897,0.4826,0.4325,0.5088,0.4369,0.6068,0.5742,0.67,0.4565,0.4783,0.5654,0.4783,0.3323,0.463,0.4957,0.4979,0.4456,0.5807,0.5676,0.7348,2.0893,0.4783,0.6853,0.3955,0.4434,0.4434,0.5262,0.5872,0.5371
1/13/2022,29.2131,0.5824,0.6482,0.6185,0.8943,1.151,0.6312,0.5803,0.9664,0.7076,0.4976,0.5337,0.6779,0.5379,0.4085,0.4297,0.4446,0.6397,0.5252,0.5612,0.6037,0.4382,0.4488,0.5443,0.7203,0.6015,0.4021,0.4976,0.3979,0.7818,0.4806,0.4021,0.3852,0.4912,0.4043,0.4424,0.4933,0.4424,0.6249,0.9235,2.7276,0.4891,0.5294,0.6737,0.4106,0.5167,0.487,0.4318,0.3852
1/12/2022,30.4584,0.4833,0.4878,0.6967,1.0627,1.2739,0.7124,0.6765,1.0133,0.5103,0.9347,0.8786,0.4856,0.5148,0.5844,0.4317,0.4923,0.4654,0.4743,0.7102,0.6203,0.6585,0.4519,0.4901,0.4923,0.4654,0.4474,0.4182,0.4407,0.6518,0.5125,0.5058,0.389,0.5058,0.3823,0.5215,0.5417,0.5777,0.4249,0.7922,2.2833,0.6675,0.7259,0.517,0.5821,0.6091,0.5417,0.6989,0.654
1/11/2022,24.6334,0.4528,0.521,0.5077,0.6906,0.8636,0.4777,0.7804,0.5309,0.7156,0.5858,0.7538,0.511,0.3962,0.4544,0.5043,0.5675,0.4245,0.3713,0.5692,0.4145,0.4128,0.3762,0.4012,0.4694,0.476,0.4611,0.4943,0.3896,0.476,0.4295,0.4361,0.4212,0.3729,0.3014,0.4228,0.4062,0.5176,0.5077,0.581,1.5687,0.5509,0.4029,0.516,0.4544,0.4744,0.3829,0.4661,0.3713
1/10/2022,19.9641,0.3796,0.339,0.4933,0.4526,0.5782,0.4598,0.4897,0.5615,0.4538,0.4586,0.455,0.473,0.315,0.309,0.3366,0.3976,0.3449,0.4287,0.3569,0.4036,0.4179,0.4,0.3437,0.3701,0.3581,0.2887,0.5208,0.3126,0.4143,0.3629,0.3437,0.3485,0.2803,0.2839,0.3186,0.3593,0.3186,0.4383,0.5438,1.443,0.4825,0.4789,0.3461,0.3318,0.3437,0.3246,0.3222,0.3808
1/9/2022,20.2317,0.459,0.4529,0.3416,0.6156,0.4737,0.6743,0.6474,0.5361,0.585,0.3758,0.3404,0.3098,0.3709,0.3257,0.4003,0.3196,0.3122,0.3208,0.4101,0.4627,0.3648,0.4309,0.4578,0.4235,0.2829,0.3575,0.5263,0.2914,0.5397,0.3917,0.2596,0.2804,0.3342,0.3367,0.2865,0.3391,0.3514,0.3024,0.5017,1.3006,0.4492,0.4088,0.3942,0.3452,0.4321,0.3012,0.4358,0.3722
1/8/2022,22.988,0.366,0.4859,0.4155,0.5878,0.7062,0.5788,0.4185,0.5848,0.387,0.6013,0.4859,0.396,0.4514,0.4829,0.387,0.5099,0.5264,0.4814,0.5294,0.4275,0.4275,0.327,0.5609,0.5564,0.4155,0.4634,0.4095,0.3225,0.5998,0.3915,0.405,0.2941,0.3136,0.3555,0.351,0.375,0.354,0.5234,0.698,1.9645,0.5743,0.321,0.3285,0.3225,0.3885,0.387,0.3915,0.357
1/7/2022,31.9252,0.5232,0.7433,0.6667,0.9514,1.138,0.9155,0.9203,1.0495,0.4322,0.5567,0.6906,0.7265,0.571,0.449,0.4777,0.4657,0.4777,0.5112,0.6954,0.6236,0.5112,0.4753,0.4849,0.772,0.5279,0.5303,0.7409,0.4203,0.6859,0.4992,0.3796,0.5662,0.4657,0.3892,0.516,0.5806,0.4346,0.6452,0.9607,2.8538,0.4466,0.7552,0.5399,0.4705,0.5925,0.7528,0.7337,0.6093
1/6/2022,26.2785,0.3915,0.5962,0.4262,0.7954,0.6657,0.556,0.8521,0.8101,0.6565,0.6803,0.726,0.4993,0.4664,0.4025,0.4098,0.4482,0.4518,0.4335,0.5469,0.5688,0.3769,0.514,0.4902,0.3878,0.5268,0.3586,0.7534,0.428,0.6821,0.4811,0.4628,0.439,0.2964,0.4061,0.4079,0.4518,0.6072,0.375,0.6624,1.8442,0.6529,0.4664,0.4244,0.4116,0.5469,0.4792,0.3897,0.5725
1/5/2022,25.6115,0.5876,0.4555,0.5858,0.7161,1.0314,0.8359,0.4766,0.5893,0.6756,0.7267,0.5612,0.5136,0.3921,0.5224,0.4872,0.5101,0.4062,0.5488,0.4978,0.4978,0.4273,0.334,0.5664,0.5207,0.5013,0.4132,0.4625,0.3604,0.5418,0.4467,0.3798,0.3851,0.4273,0.3674,0.3146,0.4027,0.577,0.4009,0.5833,1.5764,0.4414,0.6228,0.496,0.3956,0.5136,0.5436,0.5171,0.4749
1/4/2022,18.3635,0.3076,0.3698,0.4268,0.5242,0.432,0.5729,0.3739,0.3967,0.3543,0.4413,0.433,0.3781,0.2838,0.3698,0.3076,0.3024,0.3698,0.4154,0.3822,0.3677,0.3511,0.3677,0.3822,0.3138,0.3325,0.3014,0.3522,0.3128,0.4413,0.3045,0.233,0.3169,0.2693,0.291,0.3055,0.3118,0.3967,0.3947,0.5042,1.309,0.3138,0.2786,0.3916,0.3128,0.3978,0.3657,0.3947,0.3076
1/3/2022,19.7866,0.3776,0.4083,0.3682,0.5038,0.5061,0.6146,0.5639,0.4755,0.4,0.3164,0.5156,0.3718,0.314,0.3611,0.3116,0.3694,0.4024,0.3281,0.4012,0.3776,0.2999,0.281,0.4873,0.4142,0.3541,0.3623,0.4778,0.2916,0.4837,0.3305,0.3223,0.2657,0.2692,0.3093,0.3234,0.3494,0.3352,0.4224,0.5753,1.5496,0.466,0.3977,0.2987,0.3517,0.3847,0.3081,0.4154,0.3729
1/2/2022,22.3211,0.5276,0.5161,0.4173,0.7581,0.7853,0.4631,0.539,0.6364,0.3314,0.5992,0.3987,0.5104,0.3442,0.4302,0.456,0.4846,0.5118,0.5261,0.3715,0.4688,0.456,0.3142,0.5175,0.433,0.3442,0.4502,0.4187,0.3185,0.602,0.4617,0.36,0.2726,0.3199,0.3571,0.3056,0.403,0.4603,0.4373,0.4309,1.061,0.3715,0.5333,0.5204,0.403,0.4531,0.37,0.4244,0.4459
1/1/2022,21.5655,0.4909,0.5044,0.3267,0.4746,0.7378,0.6862,0.4271,0.5072,0.4149,0.48,0.5126,0.4597,0.3878,0.3715,0.4312,0.4312,0.3919,0.3498,0.3729,0.4054,0.4597,0.4176,0.48,0.5099,0.4041,0.4176,0.5031,0.3172,0.5384,0.4312,0.2643,0.3742,0.3647,0.32,0.2793,0.3891,0.4827,0.4339,0.4978,1.2871,0.3349,0.4963,0.3105,0.3484,0.4488,0.499,0.3756,0.4163
12/31/2021,23.7227,0.5456,0.5204,0.4324,0.5251,0.6871,0.5016,0.4182,0.6148,0.3821,0.4921,0.6399,0.5487,0.3412,0.4591,0.434,0.3836,0.5267,0.5094,0.5251,0.3899,0.3774,0.5141,0.5676,0.456,0.4528,0.4528,0.6368,0.3475,0.4198,0.4481,0.4135,0.3884,0.3176,0.2877,0.3255,0.4057,0.4025,0.4953,0.6648,1.8524,0.5676,0.3349,0.4513,0.3223,0.4434,0.5629,0.5424,0.3946
12/30/2021,15.1008,0.3136,0.2952,0.2512,0.3925,0.4088,0.4308,0.2845,0.4145,0.2845,0.3918,0.428,0.3087,0.2512,0.303,0.32,0.3115,0.2547,0.2994,0.2881,0.2945,0.3193,0.2363,0.3165,0.2512,0.2874,0.2973,0.2398,0.2682,0.3442,0.2874,0.2654,0.2725,0.2448,0.2292,0.2639,0.2661,0.2994,0.2945,0.3725,0.8633,0.2746,0.3598,0.3349,0.2512,0.2916,0.3222,0.2533,0.2675
12/29/2021,14.5073,0.3235,0.2968,0.3072,0.4107,0.3105,0.4029,0.3736,0.384,0.3209,0.2877,0.343,0.3105,0.25,0.3066,0.2903,0.3189,0.2701,0.3176,0.2753,0.2962,0.2636,0.261,0.315,0.2526,0.2923,0.2975,0.3782,0.2506,0.2747,0.2818,0.2552,0.2272,0.2558,0.2617,0.2291,0.2812,0.3001,0.3228,0.2624,0.4907,0.3001,0.2805,0.3202,0.2721,0.2968,0.289,0.3111,0.2877
12/28/2021,14.5072,0.2623,0.2845,0.3137,0.4022,0.4419,0.2923,0.4244,0.4413,0.2831,0.2968,0.3743,0.2753,0.248,0.2727,0.2532,0.3027,0.261,0.2506,0.2721,0.3111,0.2539,0.2304,0.2864,0.3254,0.2395,0.2474,0.3814,0.2487,0.2604,0.2727,0.2109,0.2428,0.2487,0.2239,0.2474,0.2636,0.2962,0.3241,0.3755,0.8734,0.2656,0.3066,0.2701,0.2317,0.3254,0.2409,0.2604,0.2903
12/27/2021,20.2558,0.4473,0.4608,0.3934,0.6569,0.4829,0.5049,0.6299,0.5245,0.315,0.5172,0.3566,0.3346,0.3971,0.4057,0.3738,0.3971,0.3652,0.4069,0.3407,0.4265,0.3738,0.424,0.3762,0.4669,0.3775,0.3873,0.3775,0.337,0.5172,0.337,0.2525,0.3333,0.3395,0.3481,0.2745,0.3603,0.3836,0.3113,0.5279,1.3889,0.3419,0.3333,0.3003,0.3958,0.4081,0.386,0.4326,0.4265
12/26/2021,23.9051,0.4895,0.4911,0.4005,0.8013,0.9651,0.6263,0.4768,0.5738,0.3512,0.4275,0.7456,0.4021,0.4402,0.4752,0.4736,0.4577,0.3893,0.3909,0.3989,0.4116,0.4243,0.3814,0.5595,0.5548,0.4832,0.3687,0.3448,0.3575,0.647,0.418,0.4148,0.4021,0.3448,0.313,0.305,0.3798,0.4212,0.4355,0.5734,1.5429,0.5961,0.5579,0.4816,0.445,0.5182,0.4689,0.5325,0.445
12/25/2021,19.9817,0.3967,0.3811,0.4878,0.4866,0.465,0.5513,0.5297,0.5297,0.4375,0.4135,0.4662,0.5046,0.3236,0.3596,0.4387,0.4542,0.3332,0.3943,0.4423,0.4123,0.3931,0.3188,0.3787,0.4554,0.35,0.3799,0.4962,0.32,0.3248,0.3823,0.3093,0.3069,0.356,0.3392,0.3404,0.362,0.3919,0.4123,0.4378,1.0841,0.4446,0.3272,0.2937,0.4159,0.4039,0.3404,0.3799,0.4291
12/24/2021,17.6099,0.3714,0.3031,0.4165,0.4319,0.6049,0.5261,0.3454,0.4069,0.3483,0.3598,0.3867,0.3214,0.3656,0.3166,0.2974,0.3281,0.3915,0.3339,0.3675,0.3512,0.2781,0.3329,0.3387,0.2762,0.3608,0.2666,0.453,0.2791,0.3243,0.3502,0.305,0.3041,0.3022,0.257,0.2974,0.3166,0.3685,0.3656,0.4753,1.2111,0.3214,0.2628,0.3185,0.281,0.3541,0.3521,0.355,0.3281
12/23/2021,19.7537,0.4064,0.4229,0.3148,0.5416,0.7109,0.464,0.5933,0.3829,0.5522,0.4405,0.5346,0.3324,0.3441,0.37,0.35,0.3688,0.4358,0.4476,0.4323,0.4535,0.3018,0.3289,0.4617,0.477,0.3124,0.3159,0.4852,0.3277,0.5404,0.3489,0.2489,0.2654,0.2572,0.2748,0.2913,0.3253,0.3876,0.3148,0.4232,1.0349,0.4699,0.4593,0.4253,0.3959,0.3665,0.3771,0.3418,0.296
12/22/2021,19.3888,0.3887,0.3318,0.4058,0.522,0.5994,0.5892,0.5789,0.5448,0.5368,0.44,0.3705,0.3147,0.317,0.3944,0.3329,0.4206,0.3398,0.3056,0.3626,0.4195,0.3409,0.3216,0.3751,0.4491,0.35,0.3443,0.3193,0.2942,0.4719,0.325,0.2897,0.2703,0.2862,0.2612,0.3477,0.366,0.3717,0.4389,0.5,1.2946,0.3626,0.3865,0.2806,0.3546,0.4218,0.3067,0.4366,0.3067
12/21/2021,25.2285,0.4303,0.5836,0.5181,0.6198,0.7231,0.6835,0.5112,0.8472,0.5491,0.7076,0.4785,0.5147,0.3613,0.5181,0.4906,0.5061,0.5388,0.3786,0.413,0.5388,0.3855,0.4906,0.4148,0.3941,0.3941,0.4768,0.4044,0.3872,0.7266,0.4923,0.3148,0.3458,0.4372,0.3889,0.3407,0.3906,0.5853,0.5285,0.6874,1.9287,0.432,0.4216,0.4113,0.4751,0.4251,0.5043,0.5733,0.5595
12/20/2021,29.6083,0.5318,0.5016,0.4973,0.83,0.6745,0.7609,0.5556,0.9035,0.9273,0.5578,0.7436,0.6853,0.5059,0.6118,0.4692,0.4238,0.5124,0.4865,0.5491,0.642,0.655,0.6161,0.48,0.7285,0.4152,0.5686,0.7436,0.3936,0.5016,0.4627,0.3482,0.3439,0.4649,0.3914,0.4216,0.4865,0.5686,0.4541,0.8813,2.5851,0.4519,0.7955,0.5038,0.5729,0.655,0.4929,0.6636,0.5923
12/19/2021,27.6005,0.5058,0.447,0.4254,0.6096,0.7488,0.886,0.8723,0.888,0.5195,0.4842,0.541,0.5273,0.545,0.5469,0.5038,0.5744,0.6155,0.6214,0.5959,0.5587,0.5567,0.6096,0.5293,0.394,0.5136,0.3803,0.6096,0.398,0.6939,0.4626,0.4548,0.3254,0.3999,0.3588,0.4607,0.5175,0.5136,0.5136,0.5941,1.6131,0.6488,0.6175,0.6449,0.3803,0.6547,0.6684,0.4901,0.5802
12/18/2021,31.4327,0.6166,0.7056,0.7127,0.7548,1.3102,0.8837,1.1438,0.6072,0.8064,0.9048,0.8181,0.7478,0.5838,0.551,0.5088,0.5299,0.5135,0.647,0.5978,0.6236,0.5322,0.6728,0.5041,0.4455,0.4877,0.6681,0.565,0.4432,0.7689,0.6119,0.4572,0.4619,0.3588,0.4713,0.5111,0.5088,0.6002,0.722,0.6253,1.7186,0.6845,0.6986,0.394,0.3846,0.5931,0.7525,0.7173,0.5064
12/17/2021,29.243,0.6829,0.6128,0.5002,0.8082,0.6829,0.7466,0.9038,0.8167,0.5405,0.4577,0.4428,0.5023,0.4662,0.4534,0.6574,0.5108,0.4173,0.5214,0.6786,0.5937,0.4662,0.5894,0.5448,0.4152,0.5512,0.5618,0.6255,0.3833,0.7275,0.6043,0.4556,0.3239,0.3409,0.3366,0.4301,0.4938,0.5257,0.4534,0.9487,2.8132,0.6531,0.7424,0.651,0.617,0.4407,0.6191,0.5108,0.4216
12/16/2021,26.369,0.3926,0.6296,0.5616,0.8959,0.8335,0.8169,0.67,0.7894,0.4018,0.5249,0.7434,0.5102,0.4055,0.4532,0.5598,0.6002,0.5855,0.4587,0.6057,0.534,0.3816,0.3724,0.5396,0.5249,0.5267,0.4587,0.3779,0.4183,0.5304,0.4587,0.3136,0.3099,0.4349,0.3063,0.3595,0.444,0.3889,0.5542,0.744,2.1205,0.4,0.5928,0.4055,0.4716,0.4661,0.5065,0.5726,0.4165
12/15/2021,28.7413,0.4695,0.5338,0.4404,0.7848,1.0793,0.6603,0.7453,0.7557,0.5815,0.8677,0.735,0.5794,0.4176,0.4529,0.567,0.5006,0.4301,0.5172,0.6209,0.5525,0.6147,0.6645,0.569,0.6271,0.4467,0.5027,0.737,0.4093,0.8677,0.5898,0.455,0.3533,0.3305,0.4425,0.3679,0.511,0.4799,0.5338,0.7098,2.0046,0.5753,0.5877,0.428,0.5732,0.4653,0.7391,0.4882,0.3762
12/14/2021,28.8325,0.5167,0.6021,0.6396,0.8125,1.0437,0.927,0.5271,0.9583,0.45,0.4312,0.8937,0.5333,0.4562,0.4437,0.5625,0.4604,0.4417,0.4208,0.5146,0.4896,0.4458,0.5896,0.7333,0.6271,0.4729,0.3854,0.4562,0.4542,0.8646,0.6083,0.4083,0.3229,0.325,0.4042,0.3937,0.5187,0.5021,0.6416,0.8818,2.5868,0.4062,0.6104,0.5896,0.375,0.4437,0.5271,0.5833,0.55
12/13/2021,28.878,0.4256,0.5466,0.5947,0.6677,0.6573,0.7199,0.6907,1.0373,0.555,0.4318,0.6302,0.5362,0.5299,0.5383,0.4965,0.4381,0.5466,0.4548,0.461,0.6114,0.5571,0.5216,0.5404,0.6803,0.5174,0.3796,0.5049,0.4506,0.6385,0.5112,0.4235,0.484,0.4757,0.4047,0.3671,0.4381,0.3963,0.413,1.1153,3.3769,0.5425,0.3838,0.3817,0.5028,0.5988,0.555,0.6302,0.5174
12/12/2021,28.0112,0.5569,0.5829,0.4568,0.815,0.717,0.787,0.763,0.781,0.4728,0.793,0.727,0.705,0.5609,0.4468,0.4088,0.6169,0.4288,0.4088,0.4468,0.4648,0.5509,0.3708,0.4048,0.4088,0.3888,0.4168,0.5469,0.3928,0.4928,0.5229,0.4888,0.3968,0.3648,0.3368,0.3928,0.4808,0.6229,0.5889,0.8381,2.4389,0.5969,0.723,0.5469,0.3828,0.4969,0.717,0.5489,0.6129
12/11/2021,26.232,0.4365,0.493,0.442,0.8011,0.7173,0.6772,0.5842,0.6152,0.6553,0.6662,0.6115,0.5386,0.4401,0.4073,0.4566,0.3946,0.586,0.442,0.6115,0.524,0.535,0.6042,0.4766,0.3964,0.3672,0.5587,0.4456,0.4292,0.7537,0.4875,0.4329,0.3654,0.4347,0.4474,0.4019,0.411,0.3709,0.4547,0.714,2.0187,0.4128,0.4,0.5313,0.4675,0.6042,0.6589,0.5732,0.3782
12/10/2021,29.7904,0.5785,0.7289,0.6526,0.986,1.0209,0.779,0.8792,0.7201,0.67,0.6657,0.9032,0.6809,0.4826,0.5938,0.4979,0.511,0.5458,0.5371,0.4804,0.4826,0.6591,0.5785,0.7354,0.7201,0.5807,0.4129,0.3867,0.4565,0.6199,0.4696,0.5219,0.5088,0.3671,0.4608,0.4216,0.4935,0.7114,0.4238,0.4311,1.0615,0.6461,0.7136,0.7027,0.694,0.6896,0.7136,0.5807,0.633
12/9/2021,35.8123,0.7785,0.684,0.6339,1.0205,0.9871,0.6868,1.1234,0.684,1.1318,0.9704,0.8481,0.9315,0.6868,0.5866,0.6923,0.5755,0.7368,0.6367,0.7646,0.5644,0.7758,0.6951,0.6033,0.8926,0.5616,0.6033,1.001,0.4837,0.6478,0.6423,0.506,0.4476,0.4114,0.506,0.4003,0.595,0.6589,0.7229,0.8093,2.3414,0.7229,0.9399,0.7229,0.7535,0.8342,0.6172,0.5004,0.6923
12/8/2021,33.8963,0.7597,0.7752,0.7364,1.1818,0.928,0.8296,0.8685,0.7364,0.4774,0.7493,0.8218,0.7338,0.4981,0.4671,0.6354,0.5318,0.6846,0.6665,0.6276,0.7959,0.6794,0.6691,0.4878,0.7908,0.4101,0.4645,0.9513,0.5163,0.7493,0.6043,0.537,0.5473,0.3868,0.4023,0.4282,0.5629,0.4567,0.6069,0.9854,2.9372,0.4593,0.7752,0.524,0.5422,0.6017,0.8659,0.7053,0.7442
12/7/2021,30.7942,0.7228,0.6932,0.6545,0.9189,0.9234,0.7981,0.83,0.6704,0.8619,0.561,0.716,0.7616,0.4926,0.4516,0.4858,0.4926,0.5154,0.6659,0.6659,0.6932,0.4789,0.5154,0.7046,0.504,0.5724,0.6522,0.7479,0.4174,0.7958,0.577,0.5382,0.4151,0.5245,0.4083,0.4721,0.5542,0.4402,0.4402,0.8182,2.3713,0.7684,0.5519,0.4903,0.5542,0.5223,0.4858,0.4903,0.4083
12/6/2021,31.9343,0.5616,0.5831,0.6932,1.0427,1.0044,0.9445,0.7243,1.0163,0.6214,0.9062,0.631,0.8153,0.552,0.4587,0.4778,0.5688,0.6669,0.7674,0.7028,0.5879,0.5807,0.3988,0.8392,0.7435,0.5951,0.4922,0.9374,0.4754,0.6119,0.5664,0.4395,0.4132,0.3605,0.4563,0.3869,0.5209,0.7435,0.4611,0.7743,2.2229,0.7243,0.5855,0.5113,0.4898,0.6789,0.5448,0.54,0.5137
12/5/2021,30.5201,0.4459,0.7499,0.4369,0.7612,0.9571,0.9797,0.9909,0.9571,0.5383,0.7567,0.4797,0.4955,0.5067,0.4729,0.6914,0.6238,0.518,0.6193,0.6126,0.6666,0.5495,0.3941,0.6846,0.6171,0.5585,0.4121,0.6554,0.4527,0.7184,0.6148,0.5315,0.4549,0.3874,0.4459,0.509,0.4639,0.5585,0.6171,0.7739,2.2214,0.4166,0.5743,0.6711,0.6171,0.6824,0.581,0.5067,0.59
12/4/2021,22.1262,0.4308,0.5085,0.3376,0.6681,0.4789,0.7402,0.5212,0.6159,0.3899,0.582,0.4365,0.3658,0.3983,0.4605,0.3305,0.3786,0.4125,0.4393,0.3644,0.4337,0.4647,0.3729,0.476,0.3899,0.4407,0.3673,0.3927,0.3108,0.647,0.3842,0.3404,0.3545,0.3729,0.3475,0.3743,0.3715,0.3291,0.3447,0.6097,1.666,0.5043,0.4492,0.356,0.5113,0.4421,0.4096,0.4633,0.3404
12/3/2021,28.011,0.5009,0.5549,0.705,0.763,0.6609,0.791,0.765,0.9911,0.8591,0.673,0.673,0.5669,0.4788,0.4888,0.4328,0.4989,0.6469,0.5989,0.5369,0.5429,0.4648,0.4228,0.6429,0.3648,0.3868,0.4328,0.4148,0.3728,0.5489,0.4928,0.4428,0.3948,0.4648,0.4108,0.4188,0.4328,0.6609,0.5189,0.7765,2.2303,0.4989,0.4008,0.6569,0.4248,0.6609,0.4768,0.4848,0.3828
12/2/2021,32.5736,0.808,0.7417,0.8007,0.8007,0.6827,0.8547,1.1815,0.7785,0.7073,0.8203,0.523,0.8154,0.4935,0.6262,0.5181,0.4763,0.6041,0.5328,0.5893,0.754,0.5746,0.5476,0.5156,0.668,0.6385,0.6213,0.7908,0.4296,0.6139,0.5058,0.4198,0.5254,0.4689,0.4517,0.5082,0.5107,0.6434,0.4566,0.827,2.4011,0.4886,0.8867,0.5623,0.7024,0.722,0.5304,0.7515,0.7024
12/1/2021,30.1557,0.7494,0.55,0.6231,0.9488,1.2744,0.5921,0.5256,1.0263,0.7272,0.8535,0.4569,0.6275,0.5167,0.5212,0.5677,0.581,0.5965,0.499,0.5056,0.6386,0.5389,0.694,0.5256,0.4059,0.5322,0.4813,0.4835,0.3993,0.6186,0.5832,0.3062,0.4037,0.5101,0.3284,0.4259,0.4724,0.5477,0.6563,0.8484,2.4737,0.5034,0.5677,0.5079,0.4503,0.643,0.725,0.5455,0.5965
11/30/2021,30.4288,0.7005,0.705,0.6197,1.0167,0.8799,0.7229,0.7453,0.9225,0.6309,0.7296,0.9674,0.4874,0.53,0.5457,0.5412,0.4807,0.687,0.7005,0.6444,0.4807,0.4739,0.5143,0.4336,0.6825,0.5076,0.5838,0.8351,0.3954,0.6108,0.5838,0.521,0.4224,0.4852,0.3596,0.4762,0.5524,0.6556,0.6287,0.6977,1.9638,0.4695,0.3977,0.3954,0.5883,0.604,0.6399,0.548,0.6646
11/29/2021,32.208,0.7549,0.7404,0.5104,0.8929,0.9994,1.0333,0.8832,1.1665,0.7622,0.7646,0.6,0.7573,0.6121,0.4572,0.583,0.7186,0.479,0.5056,0.7307,0.5782,0.6581,0.5855,0.8251,0.462,0.6024,0.6944,0.7186,0.4693,0.7331,0.6194,0.4233,0.4354,0.4281,0.5177,0.3845,0.4765,0.5032,0.4838,0.837,2.4352,0.5419,0.4886,0.5007,0.5056,0.4886,0.6581,0.6557,0.5467
11/28/2021,28.1938,0.4736,0.4958,0.6493,0.621,0.623,0.6109,0.718,0.617,0.8613,0.7684,0.8957,0.6998,0.5221,0.51,0.4009,0.5241,0.405,0.6655,0.617,0.5847,0.5463,0.3928,0.7341,0.6715,0.4292,0.411,0.8088,0.4191,0.5402,0.5584,0.3262,0.3444,0.3262,0.4837,0.4211,0.4534,0.5079,0.5019,0.7724,2.2164,0.409,0.3969,0.6352,0.6049,0.4676,0.5746,0.4615,0.516
11/27/2021,26.7799,0.4164,0.67,0.6512,0.8352,0.839,0.5103,0.9066,0.5911,0.7357,0.6587,0.593,0.6831,0.4822,0.4296,0.4202,0.5798,0.4728,0.6005,0.5498,0.454,0.5479,0.4127,0.6887,0.4765,0.5009,0.4352,0.4033,0.4164,0.7357,0.4653,0.4202,0.3883,0.4052,0.3263,0.3432,0.4446,0.5573,0.5347,0.5518,1.4698,0.6531,0.6718,0.3808,0.6099,0.4596,0.4146,0.4991,0.4878
11/26/2021,30.2917,0.6014,0.6192,0.753,0.9357,1.0762,0.7686,1.0049,1.0784,0.8354,0.5055,0.7752,0.5456,0.5367,0.6147,0.452,0.617,0.6749,0.6303,0.53,0.4854,0.5568,0.4921,0.5144,0.4208,0.5167,0.5055,0.7061,0.403,0.6571,0.481,0.4475,0.5233,0.4944,0.423,0.3606,0.5077,0.5835,0.4899,0.6319,1.7411,0.5702,0.559,0.481,0.6749,0.6905,0.6058,0.6838,0.53
11/25/2021,29.7905,0.4456,0.5306,0.5676,1.0034,0.7615,0.8291,0.694,0.6657,0.7506,0.8901,0.7637,0.7267,0.426,0.6155,0.5001,0.6047,0.6395,0.6461,0.4717,0.5415,0.5872,0.3955,0.4913,0.5393,0.4783,0.4412,0.633,0.4783,0.5001,0.4674,0.3083,0.4608,0.4456,0.3366,0.4804,0.5567,0.5916,0.5436,0.8909,2.6173,0.6264,0.7899,0.4565,0.5589,0.4783,0.5524,0.5916,0.4194
11/24/2021,32.9379,0.7876,0.7527,0.5407,0.825,0.8799,1.0245,1.2116,1.1966,0.8924,0.6305,0.5033,0.5781,0.4784,0.618,0.6629,0.7402,0.6604,0.5033,0.5532,0.6455,0.4959,0.5831,0.6106,0.416,0.4659,0.5183,0.5482,0.5158,0.5931,0.5358,0.5283,0.4959,0.3662,0.5358,0.4684,0.4859,0.4535,0.5906,1.0034,2.9983,0.7527,0.7278,0.7452,0.5233,0.4784,0.7427,0.638,0.436
11/23/2021,30.7939,0.5952,0.5815,0.463,0.6681,1.026,0.871,0.7023,0.6339,0.7251,0.5838,1.0579,0.5861,0.5314,0.577,0.5473,0.463,0.5929,0.6955,0.6317,0.5587,0.5223,0.6385,0.7775,0.4995,0.5177,0.4607,0.7342,0.4128,0.8345,0.5564,0.3787,0.5359,0.3946,0.4812,0.52,0.5359,0.5998,0.7069,0.7896,2.2745,0.6499,0.5792,0.6362,0.4197,0.4789,0.6887,0.618,0.4607
11/22/2021,27.9202,0.6786,0.7045,0.6129,0.834,0.8499,0.9455,0.6129,0.7145,0.7145,0.5133,0.4495,0.4137,0.5591,0.4236,0.4555,0.4695,0.4057,0.4137,0.4695,0.5611,0.5511,0.5232,0.6507,0.3858,0.3838,0.589,0.583,0.3997,0.6667,0.5412,0.3758,0.3838,0.3081,0.3878,0.4834,0.4455,0.6129,0.587,0.8187,2.3731,0.585,0.5133,0.4157,0.4057,0.577,0.4396,0.585,0.5471
11/21/2021,19.845,0.3645,0.4427,0.3858,0.4296,0.4367,0.5694,0.676,0.5718,0.5599,0.5658,0.5765,0.3313,0.3645,0.3657,0.3894,0.3088,0.3479,0.3443,0.3858,0.3574,0.368,0.3763,0.49,0.4154,0.3455,0.3207,0.5327,0.297,0.541,0.368,0.2721,0.3278,0.355,0.3005,0.2922,0.3645,0.464,0.4498,0.3693,0.8524,0.4284,0.3301,0.3491,0.3289,0.355,0.4367,0.4024,0.3384
11/20/2021,23.8597,0.4109,0.4854,0.533,0.5172,0.9454,0.5441,0.487,0.6044,0.698,0.5219,0.5695,0.403,0.3602,0.3855,0.3633,0.5188,0.3633,0.4886,0.4157,0.514,0.441,0.395,0.5061,0.3586,0.4125,0.5092,0.4109,0.395,0.4395,0.3998,0.3221,0.3697,0.2888,0.3126,0.2983,0.4331,0.4458,0.338,0.858,2.5061,0.533,0.3855,0.4458,0.3253,0.514,0.3411,0.3855,0.3602
11/19/2021,26.4143,0.4226,0.6215,0.5497,0.778,0.9346,0.6344,0.6454,0.7762,0.5,0.6012,0.883,0.4926,0.4834,0.4963,0.5847,0.5865,0.4097,0.5884,0.5552,0.592,0.4963,0.5736,0.5147,0.6086,0.3932,0.4484,0.546,0.3674,0.7025,0.4208,0.4024,0.3527,0.4558,0.3821,0.4189,0.4963,0.6141,0.5718,0.4712,1.1972,0.5478,0.5202,0.4005,0.4539,0.5202,0.384,0.4889,0.5294
11/18/2021,28.148,0.5152,0.4407,0.4367,0.9424,0.8598,0.6039,0.8819,0.8094,0.3823,0.616,0.6663,0.4145,0.4447,0.5132,0.4165,0.614,0.6079,0.6542,0.4911,0.5696,0.4709,0.489,0.479,0.5575,0.5354,0.5636,0.6804,0.4568,0.5273,0.4911,0.3379,0.3359,0.4628,0.3238,0.3299,0.5011,0.4326,0.6079,0.8864,2.6021,0.5193,0.622,0.6361,0.3661,0.4991,0.6804,0.4205,0.4528
11/17/2021,28.741,0.4757,0.5981,0.5089,0.7122,0.6769,0.7827,0.9901,0.9942,0.6209,0.6976,0.596,0.6333,0.5856,0.4736,0.4985,0.5462,0.5773,0.6147,0.5296,0.5172,0.5919,0.5545,0.5006,0.5732,0.5151,0.4114,0.3886,0.4363,0.5317,0.513,0.4965,0.4446,0.3741,0.3471,0.4799,0.455,0.4031,0.4633,0.8626,2.5217,0.4716,0.5794,0.5877,0.5462,0.4384,0.623,0.4446,0.5566
11/16/2021,28.1938,0.5766,0.7119,0.4837,0.7624,1.039,0.8452,1.0007,0.6877,0.4494,0.7482,0.936,0.6594,0.4655,0.407,0.5948,0.6049,0.413,0.4413,0.6412,0.5281,0.5463,0.5039,0.5241,0.3747,0.5241,0.6049,0.7099,0.4231,0.4231,0.5988,0.3726,0.3141,0.3302,0.4534,0.3787,0.51,0.4837,0.5019,0.6909,1.9405,0.4312,0.5847,0.5847,0.51,0.4211,0.5544,0.5281,0.3747
11/15/2021,24.6352,0.5393,0.6008,0.6208,0.6441,0.9652,0.8188,0.4678,0.6774,0.4495,0.6824,0.4145,0.5642,0.4644,0.4628,0.4278,0.4145,0.3796,0.4046,0.4911,0.5526,0.4861,0.4994,0.6225,0.501,0.4811,0.4478,0.496,0.4012,0.5792,0.4478,0.2948,0.358,0.3829,0.3363,0.3264,0.3996,0.3962,0.3912,0.5715,1.5368,0.4611,0.5143,0.5376,0.4145,0.5177,0.4179,0.3729,0.4012
11/14/2021,25.8211,0.5195,0.4785,0.4197,0.6568,0.9526,0.5445,0.8867,0.6568,0.5641,0.6478,0.8278,0.4714,0.3948,0.4768,0.45,0.5979,0.4179,0.4197,0.4536,0.516,0.5195,0.4251,0.5124,0.491,0.4411,0.393,0.548,0.3823,0.7619,0.4981,0.3752,0.4251,0.3805,0.45,0.3484,0.4482,0.4572,0.4465,0.6524,1.8105,0.4821,0.5712,0.3395,0.475,0.532,0.4928,0.3734,0.4358
11/13/2021,21.3963,0.3422,0.4868,0.4252,0.6489,0.673,0.661,0.6945,0.4507,0.6396,0.5096,0.5686,0.4694,0.4158,0.3649,0.385,0.4333,0.3663,0.456,0.3797,0.4118,0.3623,0.4748,0.4507,0.4359,0.2872,0.3167,0.5431,0.3355,0.5766,0.4533,0.2578,0.377,0.3716,0.2805,0.2926,0.3422,0.3475,0.3274,0.4056,0.9753,0.4132,0.527,0.3944,0.3917,0.4266,0.4828,0.3716,0.3931
11/12/2021,22.1715,0.4685,0.5521,0.4317,0.4855,0.8767,0.7307,0.6499,0.4416,0.6216,0.6074,0.6145,0.3736,0.3849,0.3509,0.392,0.5082,0.3353,0.511,0.4147,0.4033,0.4827,0.4841,0.3325,0.4926,0.4558,0.4742,0.4033,0.3693,0.6244,0.4629,0.392,0.3778,0.3381,0.307,0.3948,0.4161,0.4487,0.3948,0.3073,0.6425,0.5521,0.4246,0.4487,0.4572,0.4614,0.409,0.3523,0.3112
11/11/2021,24.9548,0.616,0.4447,0.5142,0.8415,0.7448,0.4786,0.8092,0.5244,0.4362,0.4566,0.8059,0.6075,0.4498,0.4922,0.4803,0.5397,0.5058,0.4125,0.4905,0.5227,0.5007,0.5668,0.5804,0.4668,0.4176,0.4905,0.4515,0.343,0.6923,0.46,0.282,0.3159,0.321,0.326,0.3294,0.3837,0.46,0.5312,0.6721,1.8772,0.4227,0.3786,0.3888,0.4464,0.4481,0.3599,0.4396,0.4295
11/10/2021,26.6881,0.6843,0.5143,0.4489,0.5797,0.9348,0.561,0.9703,0.5909,0.432,0.4881,0.8581,0.6787,0.518,0.3965,0.432,0.4713,0.5984,0.6002,0.4675,0.5348,0.3909,0.3479,0.4563,0.6357,0.4507,0.4096,0.6133,0.4358,0.6058,0.4395,0.4059,0.3087,0.3311,0.305,0.3349,0.4881,0.4694,0.6058,0.7191,2.0362,0.6582,0.4993,0.5928,0.4227,0.5498,0.533,0.3891,0.4937
11/9/2021,27.7832,0.7127,0.6771,0.5584,0.7147,0.681,0.9837,0.8868,0.7067,0.4041,0.5168,0.776,0.5465,0.5564,0.5841,0.4693,0.4258,0.5702,0.412,0.5683,0.4891,0.503,0.3685,0.5445,0.3962,0.3546,0.4515,0.4693,0.412,0.6909,0.5564,0.4515,0.4476,0.4654,0.4041,0.4654,0.4337,0.5702,0.499,0.6391,1.7655,0.4575,0.5604,0.6434,0.6039,0.6217,0.5604,0.6118,0.596
11/8/2021,26.8704,0.4988,0.595,0.6007,0.8083,0.663,0.829,0.9894,0.5252,0.5573,0.4346,0.4931,0.5479,0.4988,0.5724,0.4761,0.4969,0.4271,0.4761,0.5667,0.5271,0.563,0.6158,0.4875,0.5686,0.4101,0.3799,0.7384,0.3724,0.5309,0.4761,0.4422,0.4497,0.3931,0.3346,0.361,0.4063,0.5988,0.3893,0.7465,2.1287,0.4761,0.4195,0.495,0.5422,0.5139,0.3931,0.5007,0.5535
11/7/2021,30.1096,0.4541,0.6575,0.6575,0.8454,0.7835,1.009,0.9958,0.6708,0.8764,0.9206,0.8233,0.6288,0.4983,0.4077,0.5492,0.6155,0.6221,0.4607,0.6597,0.6354,0.4806,0.4895,0.5182,0.642,0.5602,0.6199,0.7526,0.4143,0.5425,0.5293,0.3281,0.4032,0.4475,0.3745,0.4386,0.4806,0.4408,0.6354,0.6417,1.7743,0.5868,0.6199,0.7128,0.4651,0.6686,0.7769,0.5359,0.4585
11/6/2021,22.9929,0.4036,0.423,0.3916,0.6944,0.534,0.57,0.8039,0.7604,0.501,0.5655,0.3751,0.3781,0.3346,0.3451,0.5145,0.3466,0.3976,0.543,0.4365,0.417,0.4245,0.441,0.5115,0.441,0.456,0.3241,0.459,0.3511,0.477,0.3781,0.3016,0.3346,0.3391,0.3271,0.3046,0.4185,0.4725,0.4815,0.694,1.9512,0.4126,0.4545,0.3466,0.3106,0.3601,0.519,0.4785,0.4875
11/5/2021,22.7648,0.5727,0.4782,0.366,0.5417,0.8429,0.5225,0.5742,0.7041,0.4088,0.4073,0.4324,0.3483,0.366,0.4605,0.428,0.3749,0.4177,0.4029,0.394,0.3911,0.4664,0.4856,0.4561,0.4147,0.4634,0.4871,0.6332,0.3379,0.4634,0.366,0.3468,0.2744,0.2966,0.2789,0.366,0.3749,0.5269,0.431,0.6156,1.6859,0.4457,0.5446,0.3689,0.4221,0.5107,0.4428,0.4841,0.3409
11/4/2021,18.2026,0.3197,0.3717,0.4095,0.5238,0.5697,0.4778,0.4258,0.487,0.4023,0.5136,0.4054,0.3024,0.3217,0.3758,0.3452,0.3901,0.2922,0.3605,0.3921,0.335,0.2993,0.3381,0.2942,0.4319,0.3462,0.3493,0.4789,0.2911,0.5054,0.3054,0.2565,0.3238,0.3126,0.3238,0.2911,0.3187,0.3942,0.3013,0.3489,0.7833,0.437,0.2718,0.4034,0.4105,0.3585,0.437,0.2973,0.2718
11/3/2021,17.0625,0.3914,0.357,0.2772,0.5246,0.5926,0.5056,0.3443,0.5147,0.4385,0.3787,0.4431,0.357,0.3126,0.2836,0.3316,0.3552,0.3271,0.3488,0.3479,0.3035,0.3271,0.3189,0.3434,0.3008,0.2609,0.2673,0.4394,0.2863,0.2872,0.3225,0.2935,0.3144,0.2392,0.2419,0.3108,0.2827,0.2763,0.2908,0.3498,0.7864,0.3896,0.4177,0.3579,0.3035,0.3271,0.3706,0.2999,0.3216
11/2/2021,13.2756,0.3044,0.2664,0.2484,0.2959,0.3429,0.3661,0.3376,0.3139,0.2891,0.3001,0.2411,0.23,0.231,0.2717,0.2384,0.2384,0.2611,0.2806,0.2574,0.2722,0.2806,0.2822,0.3065,0.2822,0.2732,0.2432,0.2806,0.2273,0.3381,0.2664,0.2416,0.2284,0.2157,0.2437,0.2516,0.2511,0.2442,0.2289,0.3106,0.6537,0.2569,0.2173,0.2458,0.2542,0.2368,0.2906,0.2906,0.2469
11/1/2021,11.4967,0.2314,0.2443,0.246,0.266,0.2646,0.2376,0.3167,0.2761,0.2817,0.2814,0.2181,0.2464,0.2286,0.2093,0.2338,0.2506,0.2268,0.2149,0.2359,0.2366,0.2191,0.2009,0.2366,0.2345,0.2233,0.2226,0.2135,0.2051,0.2607,0.2216,0.2006,0.1988,0.2097,0.2093,0.2069,0.2216,0.2527,0.2125,0.2593,0.48,0.2289,0.2317,0.2471,0.2321,0.2107,0.2258,0.2509,0.2334
10/31/2021,10.8123,0.2311,0.2178,0.2353,0.2313,0.3101,0.2361,0.2867,0.2474,0.1984,0.2212,0.2069,0.2448,0.1982,0.1993,0.2221,0.2052,0.2052,0.2145,0.2066,0.2305,0.2266,0.2215,0.1993,0.2072,0.2187,0.2097,0.2541,0.1965,0.2271,0.2069,0.2117,0.2066,0.2043,0.1889,0.1968,0.2077,0.2336,0.2131,0.2364,0.4026,0.2178,0.2319,0.235,0.2297,0.2117,0.2418,0.2195,0.2069
10/30/2021,11.9072,0.2331,0.244,0.2569,0.3202,0.3179,0.2827,0.2827,0.2694,0.2479,0.2772,0.3026,0.2589,0.2292,0.2143,0.2421,0.2128,0.2511,0.221,0.246,0.2511,0.2253,0.2124,0.2495,0.2628,0.2268,0.2331,0.2374,0.2225,0.2792,0.2429,0.1944,0.21,0.2186,0.2288,0.2073,0.2284,0.2171,0.2257,0.2642,0.4966,0.2436,0.221,0.2429,0.2499,0.2413,0.2221,0.219,0.2233
10/29/2021,13.0018,0.2432,0.2762,0.2757,0.3237,0.4148,0.3722,0.3062,0.2592,0.2557,0.2682,0.2967,0.2912,0.2337,0.2707,0.2502,0.2257,0.2582,0.2267,0.2822,0.2892,0.2542,0.2197,0.2257,0.2577,0.2647,0.2602,0.3232,0.2342,0.2842,0.2462,0.1982,0.2447,0.2402,0.2242,0.2217,0.2547,0.2527,0.2782,0.2643,0.4972,0.3017,0.2952,0.2437,0.2282,0.2917,0.2357,0.2717,0.2682
10/28/2021,13.9595,0.2757,0.324,0.2888,0.3824,0.3931,0.3979,0.3645,0.38,0.3109,0.3484,0.2549,0.2537,0.259,0.2489,0.2948,0.2763,0.2513,0.2865,0.2829,0.3121,0.2418,0.2412,0.3198,0.231,0.2525,0.2453,0.3341,0.243,0.2614,0.2602,0.2388,0.2179,0.2549,0.2155,0.2364,0.2614,0.2686,0.2906,0.3042,0.6322,0.3252,0.2388,0.2251,0.2799,0.2948,0.3181,0.2948,0.2459
10/27/2021,15.8306,0.3757,0.2912,0.375,0.4141,0.3546,0.3648,0.3718,0.3382,0.3162,0.2998,0.27,0.3577,0.2708,0.3053,0.3194,0.2959,0.3475,0.3491,0.2951,0.3053,0.3045,0.2771,0.3178,0.3616,0.2614,0.3037,0.4071,0.2771,0.4274,0.3194,0.2473,0.2622,0.2826,0.2528,0.2364,0.2959,0.3201,0.3021,0.3798,0.8878,0.2904,0.2802,0.2982,0.3436,0.3577,0.3154,0.3123,0.2912
10/26/2021,14.5987,0.3468,0.2835,0.2828,0.4003,0.4827,0.3607,0.3824,0.3132,0.2841,0.2524,0.3897,0.265,0.2531,0.2518,0.2775,0.2637,0.2861,0.2577,0.3191,0.3125,0.2663,0.3158,0.2637,0.2544,0.2511,0.265,0.362,0.2419,0.2854,0.3059,0.2492,0.2538,0.2478,0.2683,0.2518,0.2564,0.2729,0.2729,0.3635,0.8329,0.2406,0.2346,0.3277,0.2973,0.3112,0.2426,0.2821,0.3165
10/25/2021,12.5457,0.2394,0.2649,0.2562,0.3339,0.2676,0.343,0.3544,0.2549,0.238,0.2935,0.3103,0.2389,0.2399,0.2449,0.2208,0.2471,0.2294,0.228,0.2576,0.2576,0.2267,0.2549,0.2435,0.2226,0.2303,0.2221,0.2876,0.2271,0.2821,0.2271,0.1989,0.2099,0.2203,0.2089,0.2267,0.2417,0.268,0.2626,0.2868,0.5733,0.2544,0.2749,0.268,0.2676,0.2658,0.2521,0.2635,0.258
10/24/2021,11.1314,0.2434,0.2168,0.2506,0.2813,0.2838,0.2785,0.2409,0.2497,0.2255,0.2374,0.2399,0.2324,0.2086,0.2096,0.218,0.2205,0.2265,0.239,0.2208,0.2193,0.2158,0.2296,0.2487,0.2453,0.2133,0.2158,0.2055,0.2111,0.2719,0.2177,0.2071,0.1945,0.1952,0.2061,0.2011,0.2155,0.2218,0.2093,0.2345,0.3963,0.2177,0.239,0.2215,0.2055,0.2277,0.2531,0.2315,0.2368
10/23/2021,11.405,0.247,0.2525,0.2184,0.2947,0.3311,0.2317,0.309,0.2566,0.2474,0.2453,0.2613,0.2266,0.2218,0.2375,0.2446,0.2276,0.2477,0.2402,0.2263,0.2201,0.2409,0.231,0.2419,0.2535,0.2126,0.2137,0.2559,0.2133,0.2814,0.215,0.2123,0.1915,0.1956,0.2004,0.1949,0.2256,0.2065,0.2412,0.2333,0.3922,0.2072,0.2096,0.2348,0.2239,0.215,0.2436,0.2062,0.2246
10/22/2021,17.1988,0.3939,0.3424,0.312,0.4886,0.4969,0.3617,0.3148,0.439,0.2679,0.3626,0.4914,0.2789,0.3552,0.3175,0.3175,0.3166,0.3562,0.278,0.37,0.3589,0.3175,0.2743,0.4206,0.2991,0.3083,0.3083,0.3911,0.2706,0.4601,0.2955,0.2292,0.2393,0.2522,0.243,0.2577,0.2872,0.3414,0.3074,0.5219,1.3688,0.3451,0.3258,0.3755,0.2945,0.3451,0.2844,0.301,0.3139
10/21/2021,11.8617,0.2176,0.2532,0.2586,0.2879,0.2659,0.2945,0.3335,0.2493,0.2929,0.296,0.24,0.2439,0.2165,0.2474,0.247,0.2366,0.2126,0.2331,0.2462,0.2447,0.2153,0.2173,0.2203,0.2644,0.2257,0.2068,0.2516,0.2115,0.2871,0.2335,0.2277,0.2312,0.203,0.2281,0.2254,0.2238,0.2435,0.235,0.2575,0.474,0.2227,0.2149,0.2412,0.2389,0.2489,0.2408,0.2254,0.2288
10/20/2021,10.9035,0.223,0.2407,0.2146,0.2413,0.2483,0.2332,0.2282,0.223,0.216,0.243,0.2363,0.2271,0.2154,0.2253,0.2242,0.2009,0.2143,0.2137,0.2334,0.2323,0.1995,0.2009,0.2369,0.2082,0.1951,0.2201,0.2305,0.1963,0.2085,0.207,0.1989,0.1934,0.203,0.1948,0.1977,0.2146,0.2346,0.2244,0.2758,0.536,0.2143,0.2152,0.2146,0.2332,0.2175,0.2393,0.2343,0.2247
10/19/2021,10.995,0.2152,0.2445,0.2364,0.2493,0.32,0.2718,0.2924,0.2421,0.2661,0.2215,0.2427,0.2056,0.2236,0.2254,0.2314,0.2221,0.2197,0.2119,0.2385,0.2218,0.211,0.2023,0.2233,0.2005,0.2062,0.2134,0.2224,0.2026,0.2272,0.2218,0.1873,0.2089,0.2098,0.1984,0.2119,0.2077,0.2218,0.2164,0.231,0.3844,0.2406,0.2266,0.1966,0.2397,0.2227,0.2275,0.2242,0.2068
10/18/2021,13.8686,0.267,0.2453,0.3281,0.402,0.3609,0.3738,0.3973,0.314,0.3621,0.2981,0.3504,0.2312,0.2829,0.2881,0.2617,0.2641,0.2723,0.3046,0.2758,0.2887,0.2612,0.2482,0.3075,0.2876,0.2347,0.2629,0.2283,0.23,0.2911,0.2471,0.2295,0.2166,0.26,0.2412,0.2207,0.25,0.3063,0.2829,0.3103,0.6527,0.2682,0.311,0.2682,0.2412,0.24,0.3028,0.2365,0.2635
10/17/2021,14.2794,0.2879,0.2979,0.2678,0.3827,0.4744,0.2872,0.3645,0.3463,0.3393,0.2477,0.3111,0.2734,0.2747,0.2602,0.2929,0.296,0.2929,0.2571,0.2634,0.3136,0.3036,0.2426,0.3123,0.3249,0.2445,0.2489,0.2935,0.2539,0.2791,0.291,0.2188,0.2452,0.2112,0.2244,0.2583,0.2496,0.2772,0.2445,0.3911,0.9262,0.2596,0.2295,0.2533,0.2313,0.274,0.2678,0.2835,0.3086
10/16/2021,12.6826,0.2308,0.235,0.2205,0.3146,0.353,0.3376,0.2926,0.2725,0.2842,0.2917,0.3203,0.2327,0.2332,0.2369,0.2481,0.2669,0.2397,0.2416,0.2786,0.2463,0.251,0.2678,0.235,0.2753,0.235,0.2463,0.3146,0.2275,0.3184,0.2594,0.2004,0.2299,0.2219,0.2182,0.2168,0.2439,0.2814,0.2435,0.27,0.5162,0.2308,0.2898,0.2809,0.2383,0.2355,0.2762,0.2304,0.2514
10/15/2021,13.3213,0.2364,0.2406,0.28,0.3646,0.3912,0.2742,0.3604,0.2848,0.2731,0.2555,0.2646,0.2481,0.2715,0.2518,0.2875,0.2491,0.2433,0.2662,0.2406,0.2444,0.2651,0.2896,0.3162,0.2949,0.2135,0.2619,0.3178,0.2422,0.2848,0.2662,0.206,0.2539,0.2422,0.2369,0.2146,0.2406,0.2779,0.2885,0.3098,0.6509,0.2907,0.3199,0.2316,0.23,0.2449,0.2587,0.288,0.2561
10/14/2021,14.7356,0.3398,0.3283,0.3351,0.3937,0.327,0.3283,0.3654,0.3788,0.3963,0.2542,0.3916,0.3276,0.3054,0.269,0.265,0.3175,0.2731,0.2893,0.3283,0.3041,0.2522,0.2751,0.2953,0.2711,0.2906,0.2946,0.3182,0.2556,0.3674,0.296,0.2152,0.2448,0.2374,0.2307,0.2394,0.2603,0.3243,0.2994,0.3222,0.6928,0.2495,0.3229,0.3142,0.2333,0.2765,0.2677,0.3182,0.2529
10/13/2021,14.2794,0.2709,0.3155,0.2609,0.3977,0.3927,0.3186,0.3067,0.3651,0.3092,0.3419,0.3431,0.2389,0.259,0.2565,0.2496,0.318,0.2948,0.3098,0.2929,0.2753,0.2458,0.3199,0.2533,0.3111,0.269,0.2565,0.34,0.232,0.2853,0.2502,0.2339,0.2357,0.2313,0.2408,0.237,0.2558,0.2759,0.2502,0.3779,0.8816,0.281,0.2345,0.259,0.2872,0.2696,0.2897,0.2966,0.2615
10/12/2021,17.7466,0.3031,0.3207,0.2934,0.54,0.4903,0.422,0.5253,0.5146,0.383,0.2973,0.384,0.4376,0.3021,0.3372,0.386,0.3538,0.3197,0.347,0.3626,0.3996,0.3333,0.3314,0.3119,0.3197,0.346,0.3168,0.2973,0.306,0.2914,0.3168,0.2788,0.2534,0.3207,0.2797,0.2797,0.3138,0.3421,0.2788,0.4808,1.2297,0.3246,0.4493,0.269,0.3158,0.3889,0.3294,0.3723,0.3499
10/11/2021,14.1423,0.2471,0.276,0.3319,0.378,0.4075,0.4216,0.2729,0.386,0.2551,0.354,0.2662,0.2557,0.241,0.2502,0.2379,0.2821,0.2551,0.2914,0.2772,0.2735,0.2361,0.2643,0.2778,0.2367,0.2828,0.2588,0.3681,0.2545,0.2711,0.2975,0.2262,0.2183,0.2299,0.2262,0.2312,0.2576,0.3055,0.2428,0.3878,0.9149,0.3239,0.2809,0.2305,0.3159,0.2643,0.2582,0.2877,0.2324
10/10/2021,11.5881,0.2503,0.2216,0.2248,0.3069,0.2991,0.298,0.2348,0.2452,0.2216,0.232,0.2747,0.2298,0.2356,0.2112,0.2302,0.2173,0.2216,0.237,0.2219,0.2165,0.2298,0.2255,0.2395,0.2302,0.2036,0.2316,0.2395,0.2158,0.2872,0.2187,0.2165,0.2065,0.2126,0.2198,0.2205,0.2234,0.2564,0.2251,0.2807,0.5524,0.2391,0.2144,0.2079,0.2259,0.2219,0.2345,0.2427,0.2363
10/9/2021,14.5986,0.2656,0.3231,0.3488,0.3739,0.4946,0.2868,0.4055,0.4141,0.3963,0.3567,0.3646,0.2795,0.265,0.2986,0.2986,0.2623,0.3118,0.3052,0.3217,0.2722,0.2439,0.2419,0.327,0.234,0.2287,0.2419,0.3864,0.2505,0.358,0.2571,0.2175,0.2412,0.2287,0.2426,0.2327,0.2742,0.2775,0.2472,0.3181,0.6791,0.2571,0.3442,0.2452,0.2848,0.2689,0.2584,0.2874,0.2795
10/8/2021,12.1353,0.2725,0.2283,0.2572,0.3135,0.268,0.3122,0.2614,0.3321,0.2692,0.2473,0.2957,0.2188,0.2175,0.2494,0.2411,0.215,0.2299,0.2254,0.2456,0.2543,0.2175,0.2506,0.249,0.2696,0.2093,0.237,0.3011,0.2233,0.2978,0.2494,0.2312,0.2241,0.2002,0.2113,0.2155,0.2287,0.2626,0.2452,0.2511,0.4523,0.2688,0.2113,0.2316,0.2283,0.2221,0.268,0.2659,0.2581
10/7/2021,13.504,0.2696,0.296,0.241,0.3263,0.2883,0.2679,0.3032,0.3202,0.2322,0.2817,0.3742,0.2822,0.2773,0.2415,0.2531,0.2355,0.285,0.2333,0.2597,0.2459,0.2668,0.2729,0.2833,0.2432,0.2311,0.2701,0.2393,0.2399,0.2822,0.2701,0.2547,0.2454,0.2173,0.2509,0.2399,0.2569,0.2454,0.2432,0.3952,0.9399,0.2377,0.2795,0.2261,0.2454,0.2789,0.3147,0.2894,0.2305
10/6/2021,15.055,0.3621,0.312,0.2788,0.4503,0.4538,0.3706,0.2852,0.3833,0.2944,0.2633,0.4263,0.2668,0.2513,0.2817,0.2584,0.3134,0.281,0.2633,0.2774,0.3226,0.2838,0.2591,0.3473,0.3198,0.2527,0.2795,0.3868,0.2527,0.3381,0.3064,0.2125,0.2344,0.2351,0.2393,0.233,0.2725,0.343,0.2746,0.3601,0.8212,0.355,0.2633,0.3162,0.3198,0.3367,0.3099,0.2485,0.2577
10/5/2021,14.4164,0.3008,0.2943,0.2738,0.4252,0.44,0.4079,0.2693,0.3592,0.3444,0.3585,0.2642,0.2488,0.2886,0.3014,0.3085,0.2777,0.3104,0.3207,0.3053,0.2911,0.2943,0.2751,0.3078,0.2713,0.2751,0.2725,0.2693,0.2539,0.347,0.2995,0.2353,0.2218,0.2193,0.2251,0.2334,0.2514,0.2449,0.2706,0.3121,0.659,0.2745,0.2738,0.3059,0.3117,0.3136,0.2482,0.2514,0.3085
10/4/2021,12.1806,0.2582,0.2386,0.2461,0.2674,0.3556,0.2779,0.2603,0.3377,0.2147,0.2607,0.2453,0.2754,0.2482,0.2478,0.2168,0.2582,0.2486,0.2356,0.2285,0.2365,0.2277,0.2356,0.2277,0.2457,0.2239,0.2219,0.2683,0.2244,0.2612,0.2453,0.2122,0.2202,0.2265,0.2323,0.211,0.2398,0.2252,0.2285,0.3118,0.6578,0.2599,0.2227,0.2298,0.2101,0.2557,0.2256,0.239,0.2327
10/3/2021,13.2757,0.2685,0.2421,0.3012,0.3334,0.3054,0.3508,0.3935,0.287,0.317,0.2347,0.2996,0.2906,0.2695,0.2643,0.2379,0.2806,0.2806,0.2764,0.2917,0.2611,0.2447,0.2242,0.2279,0.2769,0.2316,0.2574,0.2326,0.2342,0.2743,0.2395,0.22,0.2363,0.2437,0.2326,0.2337,0.2495,0.2822,0.2453,0.3272,0.7099,0.2627,0.2231,0.2553,0.2669,0.2416,0.3091,0.279,0.2284
10/2/2021,12.1812,0.2515,0.2478,0.2294,0.3251,0.3381,0.2494,0.2645,0.3071,0.2695,0.2708,0.2294,0.2361,0.2198,0.2177,0.2235,0.2566,0.2566,0.2632,0.2566,0.2398,0.2273,0.2114,0.2394,0.2662,0.2244,0.2356,0.2783,0.2223,0.2566,0.2294,0.2085,0.2256,0.229,0.2135,0.2081,0.2365,0.239,0.2223,0.311,0.6549,0.2586,0.2499,0.2428,0.2302,0.2273,0.2139,0.2223,0.2444
10/1/2021,12.0438,0.2188,0.2419,0.2346,0.2827,0.3191,0.2775,0.2936,0.2629,0.2653,0.237,0.254,0.2443,0.2237,0.212,0.2156,0.2221,0.2451,0.231,0.2552,0.2346,0.2132,0.2488,0.2192,0.2391,0.2374,0.2492,0.2827,0.2132,0.2253,0.233,0.2031,0.2326,0.2233,0.2144,0.2192,0.2358,0.2653,0.2556,0.3054,0.6361,0.2516,0.2079,0.2273,0.2443,0.2459,0.2629,0.2419,0.2391
9/30/2021,11.7247,0.2639,0.224,0.2147,0.2643,0.341,0.2683,0.3108,0.268,0.2717,0.2918,0.2899,0.233,0.2084,0.2397,0.249,0.2177,0.2505,0.2467,0.2572,0.2322,0.2449,0.2054,0.2702,0.2378,0.2337,0.2091,0.2859,0.2084,0.2862,0.2181,0.2251,0.2039,0.2121,0.198,0.2173,0.224,0.2084,0.2304,0.2348,0.3972,0.2412,0.2747,0.2028,0.211,0.2352,0.2337,0.2117,0.2207
9/29/2021,9.3066,0.192,0.1985,0.1991,0.2042,0.2056,0.1996,0.2136,0.2042,0.1993,0.1982,0.1873,0.201,0.1859,0.1944,0.1851,0.1904,0.1869,0.1857,0.1855,0.1924,0.1935,0.1889,0.2023,0.1901,0.1821,0.1831,0.2012,0.1822,0.1948,0.1864,0.1767,0.1788,0.1773,0.1763,0.1806,0.1857,0.1958,0.1955,0.2026,0.2882,0.1903,0.1881,0.1983,0.1884,0.1903,0.2001,0.1946,0.1855
9/28/2021,11.4049,0.2191,0.2194,0.2535,0.3032,0.2617,0.2538,0.2576,0.2532,0.2429,0.2828,0.2256,0.2089,0.2215,0.2048,0.2385,0.2229,0.2232,0.2188,0.244,0.2232,0.2242,0.2201,0.2344,0.2463,0.215,0.2385,0.2215,0.2058,0.2252,0.2344,0.2068,0.2058,0.2143,0.1946,0.2113,0.2143,0.2188,0.2103,0.2965,0.6061,0.2051,0.2038,0.2286,0.2028,0.2409,0.2453,0.2239,0.2317
9/27/2021,12.9109,0.2816,0.2541,0.2551,0.2742,0.398,0.2703,0.3759,0.3601,0.3017,0.2978,0.2993,0.2654,0.2408,0.231,0.2447,0.2703,0.2556,0.2654,0.2423,0.284,0.2752,0.2781,0.2452,0.2875,0.2281,0.2742,0.2389,0.2163,0.26,0.2614,0.2246,0.2138,0.2212,0.231,0.2089,0.2418,0.2683,0.2698,0.2578,0.4752,0.2261,0.2757,0.2693,0.2811,0.2668,0.2963,0.2256,0.2251
9/26/2021,11.2228,0.2166,0.2186,0.2347,0.2978,0.244,0.2476,0.2666,0.2746,0.2343,0.2543,0.2598,0.2495,0.2227,0.2173,0.2398,0.2401,0.2128,0.2366,0.2324,0.2427,0.2157,0.2231,0.2131,0.2263,0.2005,0.1999,0.2482,0.2124,0.2369,0.2282,0.2034,0.1908,0.205,0.1982,0.195,0.2202,0.2421,0.2215,0.2622,0.4898,0.206,0.2546,0.2321,0.2002,0.2331,0.2169,0.2057,0.1989
9/25/2021,10.3555,0.2013,0.2282,0.2317,0.2378,0.2456,0.218,0.2567,0.2444,0.1928,0.2194,0.2145,0.2197,0.2088,0.2176,0.2166,0.1949,0.2135,0.2032,0.2084,0.2107,0.218,0.1968,0.2159,0.1914,0.1914,0.2022,0.2425,0.198,0.2086,0.1989,0.2015,0.1914,0.19,0.1956,0.1928,0.2084,0.1942,0.2022,0.2538,0.4616,0.2147,0.1931,0.1926,0.2124,0.214,0.1954,0.1994,0.1949
9/24/2021,9.4893,0.2029,0.1935,0.2002,0.2005,0.2174,0.1956,0.2222,0.2209,0.2009,0.1924,0.1973,0.196,0.1856,0.1926,0.1856,0.1973,0.1945,0.1886,0.2015,0.1932,0.1944,0.1859,0.2058,0.1863,0.1942,0.1893,0.1973,0.1842,0.2054,0.1984,0.1872,0.1793,0.1801,0.1789,0.185,0.186,0.2037,0.1881,0.2158,0.3328,0.1842,0.1914,0.1817,0.2008,0.1886,0.1848,0.2014,0.1996
9/23/2021,10.9034,0.2093,0.2178,0.2407,0.2779,0.2607,0.2436,0.2863,0.2663,0.2082,0.2175,0.2677,0.2111,0.223,0.2183,0.2169,0.234,0.2131,0.2395,0.2369,0.2175,0.2276,0.2326,0.2093,0.2195,0.2067,0.2035,0.2001,0.2038,0.2538,0.2163,0.203,0.2149,0.2062,0.2038,0.2021,0.2111,0.2265,0.2352,0.2032,0.2902,0.2311,0.2343,0.2244,0.2053,0.2381,0.2424,0.2262,0.2259
9/22/2021,10.8578,0.2092,0.2218,0.2092,0.2798,0.2273,0.2435,0.2361,0.2353,0.2533,0.233,0.2493,0.2407,0.2015,0.2024,0.2233,0.203,0.2287,0.2127,0.2147,0.2238,0.2233,0.2295,0.2358,0.229,0.201,0.1992,0.247,0.2032,0.2158,0.2118,0.1907,0.2072,0.2058,0.1901,0.1967,0.207,0.2052,0.203,0.2594,0.4803,0.2064,0.2407,0.2327,0.1932,0.2384,0.2212,0.2295,0.2061
9/21/2021,12.7282,0.2608,0.2338,0.2924,0.3132,0.2702,0.334,0.3076,0.344,0.3128,0.2343,0.2395,0.2863,0.2206,0.2428,0.2773,0.2598,0.2329,0.2362,0.2735,0.2456,0.2598,0.2626,0.2721,0.2844,0.2177,0.2314,0.2177,0.2343,0.2745,0.2622,0.2291,0.2296,0.2225,0.2064,0.2414,0.2513,0.2532,0.2768,0.2895,0.5824,0.2291,0.2163,0.2371,0.2622,0.2352,0.2957,0.2626,0.2735
9/20/2021,12.0441,0.2467,0.2536,0.2508,0.2945,0.3486,0.3147,0.294,0.2674,0.3131,0.2908,0.2391,0.2674,0.2459,0.2298,0.2455,0.2455,0.2306,0.2649,0.2593,0.2459,0.2249,0.2395,0.2759,0.256,0.2293,0.218,0.2908,0.2217,0.3054,0.2298,0.199,0.2269,0.214,0.2136,0.2023,0.2289,0.2289,0.2314,0.2188,0.343,0.2467,0.2253,0.2128,0.2342,0.2597,0.2508,0.2512,0.2172
9/19/2021,13.0473,0.2752,0.2787,0.2868,0.3408,0.3388,0.3544,0.2888,0.3004,0.3474,0.2515,0.2575,0.2681,0.2414,0.2338,0.2378,0.2868,0.2782,0.2318,0.2575,0.2479,0.26,0.2666,0.2676,0.2343,0.2505,0.253,0.26,0.2197,0.3014,0.2717,0.2474,0.2222,0.2025,0.2388,0.2207,0.2454,0.2939,0.2388,0.2796,0.5489,0.2358,0.2868,0.2807,0.2464,0.2752,0.2747,0.2626,0.2585
9/18/2021,11.0399,0.2503,0.236,0.2086,0.2874,0.3193,0.2478,0.2734,0.2934,0.2256,0.246,0.2129,0.2329,0.2266,0.2247,0.2272,0.2074,0.2363,0.218,0.2305,0.2405,0.2281,0.239,0.2284,0.2044,0.2272,0.2101,0.2357,0.1983,0.2266,0.218,0.1895,0.1962,0.1946,0.2104,0.2022,0.218,0.2123,0.2089,0.2269,0.3706,0.2378,0.2025,0.2329,0.2077,0.2159,0.2323,0.2141,0.2065
9/17/2021,10.0366,0.1917,0.1948,0.1905,0.2475,0.23,0.2039,0.2286,0.2318,0.2355,0.221,0.1982,0.1964,0.2078,0.1982,0.2019,0.1905,0.2137,0.2033,0.2141,0.207,0.207,0.2007,0.2123,0.2015,0.2013,0.21,0.2027,0.1881,0.231,0.2054,0.1844,0.1883,0.1848,0.1978,0.1986,0.1993,0.2048,0.207,0.2222,0.3545,0.1972,0.1881,0.2056,0.2123,0.2056,0.2143,0.2084,0.197
9/16/2021,10.675,0.2164,0.2239,0.2376,0.2397,0.2442,0.2247,0.2194,0.252,0.2475,0.2362,0.2673,0.2191,0.2084,0.2049,0.2231,0.2234,0.2006,0.2253,0.221,0.2164,0.2263,0.2319,0.2226,0.2183,0.191,0.2194,0.2335,0.2014,0.2172,0.2172,0.2081,0.1969,0.1964,0.2055,0.1934,0.2095,0.2113,0.2196,0.2221,0.3544,0.2277,0.2376,0.1998,0.222,0.2325,0.2073,0.2041,0.1969
9/15/2021,10.7214,0.2287,0.2107,0.2284,0.2282,0.2524,0.2709,0.2848,0.2241,0.2083,0.2502,0.2347,0.2037,0.2007,0.2195,0.2273,0.2124,0.2219,0.214,0.229,0.2279,0.2135,0.1958,0.2331,0.2203,0.2178,0.201,0.2543,0.1941,0.2442,0.2129,0.2042,0.192,0.1895,0.1882,0.1985,0.2083,0.2034,0.2186,0.2397,0.4137,0.2029,0.2306,0.2263,0.2001,0.208,0.223,0.2029,0.2067
9/14/2021,9.6716,0.2066,0.2056,0.2075,0.2205,0.2068,0.2093,0.2009,0.234,0.2006,0.2171,0.2108,0.1988,0.1959,0.1973,0.1984,0.1932,0.2056,0.2041,0.1924,0.2018,0.1932,0.1971,0.2073,0.1904,0.1824,0.1916,0.1994,0.1836,0.2113,0.1981,0.1929,0.1927,0.1901,0.1919,0.1924,0.1906,0.2013,0.1911,0.2037,0.2921,0.1974,0.1991,0.1882,0.1866,0.1978,0.2051,0.2038,0.1932
9/13/2021,10.9036,0.2398,0.23,0.2195,0.2848,0.2872,0.2503,0.2271,0.2477,0.2369,0.2552,0.2422,0.2189,0.2053,0.212,0.212,0.2088,0.2363,0.2186,0.2361,0.2218,0.2311,0.2279,0.2154,0.2329,0.1925,0.2062,0.1998,0.2085,0.2332,0.2186,0.2015,0.1977,0.1942,0.2001,0.2091,0.2064,0.2227,0.2064,0.2293,0.3785,0.2064,0.2366,0.2387,0.2082,0.2195,0.2239,0.2358,0.232
9/12/2021,12.9109,0.259,0.2673,0.2433,0.2963,0.2889,0.343,0.3366,0.3385,0.3106,0.3037,0.315,0.2806,0.2506,0.2462,0.2374,0.256,0.2664,0.2727,0.2752,0.2398,0.2614,0.2413,0.2335,0.2821,0.2644,0.2281,0.261,0.2212,0.2551,0.2546,0.2064,0.2349,0.2384,0.2069,0.2452,0.2457,0.2747,0.2261,0.3025,0.6265,0.2428,0.2266,0.2408,0.2644,0.2767,0.2359,0.2482,0.2384
9/11/2021,11.1316,0.2196,0.2331,0.2418,0.2578,0.2916,0.2246,0.249,0.2371,0.2703,0.2431,0.2747,0.224,0.2027,0.2284,0.2321,0.2114,0.2193,0.2296,0.2114,0.2434,0.2193,0.2249,0.2487,0.223,0.2224,0.223,0.2064,0.2099,0.2575,0.2093,0.1927,0.2077,0.1955,0.2005,0.1936,0.2108,0.2193,0.2143,0.2374,0.406,0.2224,0.2547,0.2287,0.2324,0.2396,0.2503,0.2155,0.2208
9/10/2021,9.5804,0.1899,0.1886,0.2006,0.2097,0.2394,0.2264,0.2237,0.2067,0.2051,0.2103,0.2185,0.1907,0.1975,0.1987,0.2003,0.1986,0.1915,0.1897,0.1886,0.2024,0.1975,0.1932,0.1937,0.1907,0.1991,0.1972,0.1965,0.1845,0.2049,0.1976,0.1845,0.1902,0.1901,0.1798,0.1891,0.192,0.2019,0.1932,0.1979,0.2723,0.2048,0.2054,0.1831,0.1938,0.1942,0.1872,0.1929,0.1962
9/9/2021,10.8579,0.2095,0.2201,0.2032,0.2547,0.2987,0.261,0.2127,0.287,0.2058,0.2441,0.2307,0.1992,0.2158,0.1992,0.2281,0.2284,0.2187,0.2335,0.221,0.2187,0.2267,0.209,0.2041,0.2301,0.2087,0.2007,0.205,0.197,0.2593,0.2095,0.2032,0.2112,0.1981,0.2101,0.2095,0.2164,0.2141,0.2224,0.2418,0.421,0.2364,0.201,0.2204,0.2313,0.2041,0.2373,0.2087,0.2307
9/8/2021,11.3142,0.2419,0.2237,0.2336,0.2767,0.2913,0.2382,0.2694,0.2416,0.2379,0.2677,0.2373,0.226,0.2333,0.2127,0.2064,0.2406,0.2389,0.2296,0.2406,0.2217,0.223,0.2121,0.231,0.2164,0.228,0.2174,0.2551,0.2081,0.2111,0.226,0.2008,0.2005,0.2097,0.2031,0.2111,0.2253,0.2217,0.2124,0.2699,0.5158,0.2416,0.2306,0.2293,0.2396,0.222,0.2187,0.2111,0.2137
9/7/2021,11.6333,0.223,0.2415,0.2411,0.2699,0.2513,0.2506,0.2822,0.2757,0.2237,0.2154,0.2542,0.2499,0.2077,0.235,0.2481,0.2499,0.2193,0.2397,0.2223,0.2433,0.2444,0.2361,0.2099,0.2034,0.2179,0.2263,0.2266,0.2186,0.2241,0.2386,0.1957,0.1975,0.219,0.1946,0.1994,0.2175,0.2448,0.2154,0.3247,0.7015,0.2135,0.2208,0.2397,0.2066,0.231,0.2629,0.2099,0.2491
9/6/2021,10.7208,0.2029,0.2069,0.22,0.2303,0.2605,0.2273,0.2124,0.263,0.2461,0.2257,0.2279,0.2249,0.2132,0.2189,0.2067,0.2214,0.2298,0.2126,0.2061,0.2238,0.226,0.1952,0.229,0.2401,0.2135,0.2222,0.1988,0.2053,0.2222,0.2039,0.2094,0.2107,0.1969,0.1952,0.195,0.2064,0.2137,0.2067,0.2635,0.4943,0.2015,0.2284,0.2165,0.208,0.2126,0.2088,0.2026,0.214
9/5/2021,8.9416,0.1843,0.1868,0.1822,0.1899,0.2084,0.1978,0.1876,0.1851,0.1916,0.1885,0.1929,0.1842,0.1852,0.1787,0.1793,0.1863,0.1887,0.18,0.1816,0.1886,0.1825,0.1837,0.1922,0.1842,0.1856,0.1871,0.1877,0.1798,0.1984,0.1811,0.1734,0.1777,0.1793,0.1755,0.1805,0.1823,0.1898,0.181,0.1893,0.2433,0.1887,0.1783,0.1774,0.1815,0.1885,0.1806,0.1845,0.18
9/4/2021,8.5312,0.1757,0.177,0.1789,0.182,0.1878,0.1778,0.178,0.1765,0.181,0.1835,0.1844,0.1802,0.1753,0.1734,0.1767,0.1774,0.1781,0.1763,0.1764,0.1741,0.1768,0.1751,0.178,0.1799,0.1756,0.1756,0.1771,0.1727,0.1797,0.1768,0.1738,0.1747,0.1745,0.1744,0.175,0.1743,0.1795,0.1759,0.179,0.2084,0.176,0.1718,0.1779,0.1736,0.1752,0.1741,0.1783,0.177
9/3/2021,9.6718,0.1906,0.2068,0.2033,0.2185,0.2225,0.216,0.2161,0.2295,0.1961,0.2071,0.1941,0.1872,0.1956,0.1921,0.2018,0.1872,0.1876,0.1937,0.2023,0.2058,0.2019,0.1993,0.2046,0.2118,0.1819,0.1973,0.2076,0.1891,0.211,0.1937,0.1894,0.1824,0.1864,0.1886,0.1805,0.1942,0.2065,0.2013,0.208,0.3065,0.1861,0.2039,0.1894,0.2011,0.1884,0.2043,0.2018,0.2009
9/2/2021,7.0257,0.1409,0.1534,0.1535,0.1428,0.1457,0.1432,0.1493,0.1376,0.1339,0.1366,0.1358,0.1517,0.1536,0.1558,0.1462,0.147,0.1467,0.1474,0.153,0.1531,0.153,0.1489,0.1404,0.148,0.1542,0.1478,0.1405,0.1527,0.1423,0.153,0.1566,0.1543,0.152,0.1554,0.1533,0.15,0.1481,0.1471,0.137,0.0664,0.1537,0.1539,0.1545,0.1433,0.1486,0.1461,0.1433,0.1541
9/1/2021,10.7209,0.2167,0.2241,0.2409,0.2518,0.2682,0.2222,0.2393,0.2505,0.2216,0.2546,0.2167,0.2222,0.202,0.2162,0.2292,0.205,0.2151,0.2029,0.2211,0.2276,0.2105,0.2045,0.235,0.2178,0.208,0.1969,0.245,0.2056,0.2502,0.2058,0.186,0.1879,0.195,0.2004,0.1955,0.2102,0.2265,0.2241,0.2257,0.3664,0.2099,0.2333,0.2029,0.2159,0.2233,0.2352,0.2317,0.2238
8/31/2021,8.7593,0.1763,0.1863,0.1878,0.1942,0.1938,0.185,0.1976,0.1874,0.1854,0.1928,0.1935,0.1878,0.1771,0.18,0.178,0.1803,0.1812,0.1787,0.1845,0.1803,0.1819,0.1824,0.1807,0.1816,0.1781,0.1802,0.1888,0.1749,0.1839,0.1768,0.1744,0.1726,0.1757,0.1727,0.1759,0.18,0.1773,0.1814,0.1841,0.2258,0.1778,0.1842,0.1741,0.1746,0.1815,0.1762,0.1788,0.1749
8/30/2021,10.2645,0.2158,0.2072,0.2151,0.2224,0.2593,0.2534,0.2595,0.2588,0.2484,0.2056,0.2391,0.2072,0.1941,0.1997,0.2111,0.2002,0.2043,0.1963,0.2074,0.2047,0.1943,0.2097,0.2024,0.2095,0.2126,0.202,0.2335,0.1941,0.2332,0.1993,0.1959,0.2036,0.1981,0.1991,0.1952,0.1995,0.2047,0.2049,0.2064,0.3013,0.2154,0.216,0.2056,0.2009,0.2031,0.2251,0.1959,0.1936
8/29/2021,7.8469,0.1627,0.1626,0.1642,0.1604,0.1625,0.1609,0.1616,0.1622,0.1618,0.1626,0.1625,0.1641,0.1647,0.1648,0.1632,0.1645,0.1645,0.1635,0.1643,0.1638,0.1648,0.1639,0.1642,0.1639,0.1646,0.1641,0.1619,0.1651,0.1626,0.1635,0.1651,0.1647,0.1647,0.1649,0.1649,0.164,0.1636,0.1641,0.1635,0.156,0.164,0.163,0.1638,0.1634,0.1642,0.165,0.1638,0.1642
8/28/2021,10.2189,0.2148,0.223,0.221,0.2459,0.2667,0.2574,0.2383,0.2253,0.2312,0.2084,0.2468,0.2281,0.1935,0.1966,0.1955,0.2173,0.2124,0.2057,0.2184,0.2097,0.2028,0.1924,0.2195,0.2197,0.2084,0.1913,0.192,0.1977,0.2359,0.2097,0.1869,0.2002,0.1886,0.2006,0.1871,0.1995,0.2062,0.1995,0.1966,0.2679,0.1995,0.2017,0.2142,0.215,0.2086,0.1942,0.2184,0.2088
8/27/2021,4.836,0.0822,0.1012,0.0999,0.0357,0.0974,0.0515,0.0964,0.0866,0.1214,0.1145,0.1094,0.1303,0.1221,0.1021,0.0971,0.1103,0.1088,0.1088,0.1179,0.104,0.1088,0.1357,0.0809,0.1176,0.1315,0.1217,0.0793,0.1281,0.0613,0.1246,0.1183,0.1255,0.1205,0.1372,0.1404,0.1132,0.0923,0.0939,0.0744,-0.1455,0.1072,0.1132,0.1195,0.1322,0.092,0.0971,0.0977,0.1198
8/26/2021,4.0604,0.0737,0.0761,0.1162,0.043,0.0292,0.0374,0.0079,0.002,0.0741,0.0418,0.0784,0.0954,0.1099,0.1178,0.0894,0.078,0.1143,0.1155,0.0808,0.1032,0.1017,0.0741,0.091,0.1206,0.1253,0.1115,0.0761,0.1202,0.0367,0.0977,0.1064,0.1151,0.108,0.1304,0.1076,0.1091,0.0914,0.0859,0.0919,-0.0864,0.1036,0.0812,0.1131,0.1099,0.0835,0.0607,0.104,0.106
8/25/2021,5.2462,0.1121,0.102,0.1036,0.0964,0.1061,0.0893,0.0813,0.0739,0.1317,0.0937,0.0953,0.1157,0.1221,0.1223,0.1069,0.1014,0.1113,0.1251,0.1058,0.1259,0.1157,0.1042,0.0934,0.1212,0.1157,0.1383,0.0772,0.1389,0.0819,0.113,0.1386,0.1336,0.1391,0.1267,0.1295,0.1251,0.0992,0.1262,0.0976,-0.0669,0.135,0.1292,0.1143,0.1232,0.1259,0.1102,0.1245,0.1138
8/24/2021,4.0147,0.0754,0.087,0.0638,0.0742,0.0654,0.0359,0.0308,0.0774,0.0475,0.0519,0.014,0.0595,0.0874,0.1045,0.081,0.0718,0.1017,0.0937,0.0858,0.1105,0.0882,0.0933,0.1081,0.1188,0.0921,0.1204,0.0878,0.1161,0.0599,0.0866,0.1332,0.1268,0.13,0.1073,0.1252,0.0981,0.0989,0.0814,0.0924,-0.0847,0.1121,0.081,0.0714,0.118,0.0718,0.0941,0.0846,0.0826
8/23/2021,4.0604,0.1021,0.1107,0.0776,0.0729,0.0571,0.0501,0.0965,0.0091,0.0843,0.0985,0.0804,0.1233,0.1127,0.0835,0.08,0.108,0.0914,0.0989,0.1111,0.0871,0.1218,0.0871,0.0733,0.0808,0.1107,0.1147,0.0942,0.1214,0.1001,0.0863,0.1308,0.1068,0.1316,0.1127,0.1257,0.1139,0.121,0.1155,-0.0155,-0.4498,0.0607,0.1021,0.1221,0.1158,0.1091,0.1123,0.1127,0.1072
8/22/2021,4.0144,0.0897,0.0834,0.063,0.012,0.079,0.0148,0.0423,0.0336,0.079,0.071,0.1041,0.1041,0.1093,0.0814,0.0742,0.077,0.1157,0.0993,0.0846,0.1037,0.0933,0.0762,0.1037,0.1005,0.128,0.0786,0.0587,0.1228,0.065,0.0897,0.1101,0.1276,0.1053,0.1168,0.1268,0.1093,0.1192,0.0718,0.082,-0.1197,0.0981,0.079,0.0909,0.0878,0.0778,0.0897,0.1073,0.0969
8/21/2021,4.0147,0.071,0.063,0.0726,0.0591,0.0084,0.0495,0.0611,0.012,0.0901,0.0435,0.1037,0.0802,0.0977,0.0882,0.1157,0.0977,0.085,0.0782,0.0937,0.0866,0.1145,0.1248,0.0794,0.0838,0.1089,0.1045,0.0985,0.1109,0.0925,0.1081,0.1161,0.1033,0.1236,0.126,0.1256,0.1129,0.0822,0.1212,0.0599,-0.1945,0.1057,0.1149,0.1184,0.0842,0.0913,0.0579,0.0798,0.1033
8/20/2021,4.1515,0.0812,0.0758,0.0916,0.0743,0.0643,0.0316,0.0335,0.0516,0.0458,0.0712,0.0528,0.1043,0.1093,0.1032,0.0866,0.0878,0.0874,0.0789,0.0866,0.1097,0.1136,0.0939,0.1109,0.0878,0.0985,0.0966,0.1059,0.1189,0.1051,0.1105,0.1386,0.1374,0.112,0.1313,0.1205,0.1143,0.0909,0.1032,0.0669,-0.1711,0.0762,0.1101,0.0824,0.112,0.0982,0.0716,0.0858,0.102
8/19/2021,4.0603,0.0717,0.0642,0.0571,0.0304,-0.0134,0.0879,0.0036,0.0599,0.0272,0.0784,0.1091,0.0804,0.1005,0.1056,0.0808,0.093,0.0816,0.1099,0.0824,0.1005,0.1107,0.1174,0.067,0.1028,0.1064,0.1064,0.0729,0.1155,0.054,0.1068,0.1028,0.1115,0.1131,0.1316,0.1261,0.104,0.1064,0.0847,0.1047,-0.0429,0.1017,0.1139,0.0713,0.1115,0.0725,0.1072,0.0934,0.0761
8/18/2021,4.5165,0.1169,0.0907,0.1085,0.0653,0.0228,0.0879,0.1064,0.0966,0.0785,0.0674,0.0562,0.1165,0.1033,0.1061,0.1127,0.0994,0.098,0.0865,0.1148,0.0928,0.0966,0.1252,0.1081,0.0925,0.1078,0.1116,0.081,0.1249,0.0991,0.1109,0.1371,0.1085,0.1189,0.1127,0.1263,0.1085,0.1151,0.0991,0.0686,-0.1651,0.128,0.0845,0.081,0.0869,0.0827,0.097,0.1144,0.1273
8/17/2021,4.0149,0.0862,0.1069,0.0646,0.0355,-0.0175,0.0132,0.0957,0.0818,0.0587,0.0654,0.0168,0.0603,0.1053,0.1149,0.0933,0.1013,0.1109,0.0965,0.1105,0.0846,0.0925,0.0798,0.0977,0.0878,0.1049,0.0842,0.1045,0.1244,0.0722,0.1017,0.1141,0.1101,0.1049,0.1073,0.1089,0.1117,0.1073,0.124,0.0558,-0.2086,0.1184,0.1141,0.0981,0.1133,0.0734,0.1109,0.1009,0.1157
8/16/2021,4.1516,0.0874,0.0909,0.1124,0.0397,0.0655,0.0612,0.0778,0.0516,0.0678,0.0658,0.0778,0.117,0.1089,0.0962,0.1016,0.1093,0.0855,0.0982,0.0962,0.102,0.1139,0.1232,0.0812,0.0928,0.1116,0.1105,0.0997,0.1112,0.0982,0.1009,0.1143,0.1293,0.1347,0.1124,0.1255,0.1086,0.0935,0.1039,0.0236,-0.3175,0.0743,0.0912,0.1163,0.0762,0.1109,0.0778,0.1105,0.1101
8/15/2021,3.5584,0.0823,0.0845,0.0721,-0.0097,-0.0026,-0.0119,0.0325,0.049,0.1098,0.0743,0.0818,0.0818,0.1098,0.0916,0.1098,0.0685,0.0729,0.1116,0.0876,0.0574,0.0703,0.0592,0.0854,0.0805,0.1049,0.1183,0.0521,0.1134,0.0761,0.0805,0.1134,0.1174,0.1156,0.1067,0.1169,0.1067,0.0592,0.0849,0.0563,-0.2067,0.0663,0.1094,0.1027,0.0987,0.0561,0.0623,0.0827,0.116
8/14/2021,4.4709,0.1169,0.0986,0.1024,0.0407,0.0527,0.0866,0.0869,0.0322,0.089,0.0679,0.1074,0.0707,0.1007,0.1042,0.0947,0.107,0.1003,0.1014,0.1028,0.0954,0.1215,0.131,0.0707,0.112,0.1137,0.1014,0.1137,0.119,0.076,0.0918,0.1441,0.1091,0.1307,0.1183,0.1233,0.107,0.1035,0.0978,0.0574,-0.203,0.0961,0.1321,0.1151,0.1338,0.0855,0.0851,0.1109,0.1148
8/13/2021,4.0147,0.0778,0.0806,0.0642,0.0096,0.0312,0.0419,0.018,0.083,0.0551,0.1061,0.0256,0.0957,0.1168,0.0894,0.083,0.0985,0.1176,0.0973,0.0858,0.0714,0.077,0.075,0.0575,0.1137,0.1224,0.1085,0.0411,0.1252,0.0363,0.0858,0.1348,0.1137,0.1228,0.1328,0.1296,0.1049,0.081,0.1176,0.0786,-0.1314,0.1065,0.1025,0.1053,0.1129,0.1089,0.122,0.0814,0.0997
8/12/2021,4.06,0.1115,0.08,0.0867,0.0189,0.0197,0.0713,0.011,0.0414,0.1158,0.0753,0.0772,0.1131,0.1064,0.117,0.0883,0.1021,0.0768,0.0737,0.1032,0.1036,0.0808,0.0843,0.1103,0.0788,0.1056,0.0965,0.1214,0.1158,0.0374,0.1143,0.1229,0.1115,0.1324,0.1214,0.1182,0.1091,0.0721,0.0847,0.0789,-0.1304,0.0843,0.0749,0.106,0.0776,0.1166,0.0757,0.0788,0.0871
8/11/2021,9.0785,0.1909,0.1888,0.1825,0.2041,0.1991,0.2105,0.1978,0.2097,0.1907,0.1908,0.1814,0.1932,0.1839,0.1791,0.1854,0.1899,0.185,0.1808,0.1859,0.1822,0.1868,0.1902,0.1891,0.1844,0.1853,0.1841,0.1899,0.179,0.1987,0.1824,0.1797,0.1792,0.1743,0.1794,0.1794,0.1826,0.1916,0.182,0.197,0.2693,0.1805,0.18,0.1823,0.1858,0.1868,0.1853,0.1916,0.1901
8/10/2021,7.5276,0.1548,0.1565,0.1601,0.1481,0.1495,0.151,0.1472,0.157,0.1598,0.1558,0.1566,0.1592,0.1597,0.1564,0.1604,0.1554,0.161,0.1588,0.156,0.1553,0.161,0.1616,0.1564,0.1597,0.1575,0.1609,0.1586,0.1619,0.1541,0.1582,0.1602,0.16,0.1601,0.1617,0.1627,0.1591,0.155,0.1582,0.1549,0.1267,0.154,0.1595,0.1583,0.1609,0.1601,0.1542,0.1553,0.1582
8/9/2021,4.5167,0.096,0.074,0.0778,0.0521,0.0252,0.0649,0.0939,0.0792,0.1238,0.0918,0.1043,0.0858,0.1061,0.1252,0.1175,0.1026,0.1151,0.1029,0.089,0.0841,0.1078,0.0876,0.0723,0.1106,0.1015,0.1277,0.0688,0.1189,0.0733,0.1137,0.1273,0.112,0.1162,0.1189,0.135,0.1113,0.1189,0.1127,0.0816,-0.121,0.0904,0.0925,0.1033,0.104,0.1099,0.0744,0.112,0.1238
8/8/2021,8.6226,0.1753,0.177,0.1809,0.1911,0.1836,0.1865,0.184,0.1792,0.1753,0.1828,0.1883,0.1795,0.1764,0.1781,0.1779,0.1786,0.1814,0.1802,0.1772,0.1755,0.1744,0.1768,0.1802,0.1823,0.1751,0.1752,0.1752,0.1745,0.1868,0.1783,0.1748,0.1761,0.176,0.1739,0.175,0.1776,0.1799,0.1739,0.1834,0.2234,0.1777,0.1744,0.1729,0.1766,0.1821,0.1794,0.1797,0.1782
8/7/2021,10.4929,0.2235,0.2267,0.2168,0.2676,0.2422,0.2387,0.2579,0.214,0.2292,0.2524,0.2596,0.2285,0.211,0.2006,0.2036,0.2036,0.219,0.2125,0.2272,0.2108,0.214,0.2073,0.229,0.2016,0.2108,0.2098,0.241,0.1993,0.2387,0.2093,0.1891,0.1931,0.1869,0.2021,0.1913,0.2008,0.2078,0.2063,0.2103,0.3143,0.2041,0.238,0.2026,0.1911,0.1993,0.2188,0.2083,0.2225
8/6/2021,7.9381,0.1651,0.1657,0.1653,0.1651,0.1652,0.1653,0.1646,0.1641,0.1648,0.1659,0.1658,0.1659,0.1655,0.1654,0.1658,0.1659,0.1654,0.1657,0.1655,0.1655,0.1654,0.1657,0.165,0.165,0.1657,0.1659,0.1651,0.166,0.165,0.1658,0.1662,0.1659,0.166,0.1659,0.166,0.1656,0.1656,0.1652,0.1649,0.1605,0.166,0.1658,0.1652,0.1657,0.1656,0.1653,0.1653,0.1653
8/5/2021,7.8926,0.1648,0.165,0.1642,0.163,0.1617,0.163,0.1646,0.1642,0.165,0.165,0.1632,0.1647,0.1654,0.1644,0.1648,0.1653,0.1642,0.1649,0.1641,0.1648,0.1643,0.1644,0.1651,0.165,0.165,0.165,0.1641,0.1653,0.1636,0.1648,0.1653,0.1653,0.1655,0.1655,0.1653,0.1649,0.1654,0.1646,0.1642,0.1582,0.1648,0.1636,0.1647,0.1647,0.1643,0.1642,0.1646,0.1646
8/4/2021,7.7097,0.1612,0.1627,0.1626,0.1558,0.1519,0.1556,0.1608,0.1581,0.1628,0.1585,0.1603,0.1608,0.1616,0.1621,0.1625,0.1618,0.1619,0.162,0.1609,0.1598,0.1605,0.1619,0.1631,0.1612,0.164,0.1635,0.1626,0.1626,0.1583,0.1611,0.1646,0.163,0.1644,0.1645,0.1633,0.1616,0.1621,0.1599,0.1576,0.1358,0.1618,0.1596,0.1605,0.1615,0.1594,0.1629,0.1614,0.1633
8/3/2021,8.3939,0.1736,0.1755,0.1711,0.1797,0.1869,0.1829,0.1805,0.1804,0.1757,0.1718,0.1812,0.1739,0.1737,0.1747,0.1746,0.1738,0.1736,0.1727,0.1746,0.1726,0.1718,0.1707,0.1743,0.1723,0.1715,0.1734,0.1764,0.1719,0.1798,0.1734,0.1729,0.1722,0.1716,0.1719,0.1727,0.1719,0.1732,0.1757,0.1728,0.1875,0.1716,0.171,0.174,0.1759,0.1761,0.1747,0.1749,0.1743
8/2/2021,8.9879,0.1844,0.1865,0.191,0.1921,0.2089,0.2039,0.2024,0.191,0.181,0.1917,0.1828,0.1911,0.1866,0.1865,0.1862,0.1823,0.182,0.1841,0.1866,0.1873,0.1809,0.1882,0.183,0.1767,0.1822,0.1862,0.1897,0.1787,0.1903,0.1832,0.1731,0.1808,0.1749,0.177,0.1755,0.1812,0.1907,0.1899,0.1929,0.2554,0.1828,0.1888,0.1825,0.182,0.1814,0.1814,0.1874,0.1827
8/1/2021,6.7977,0.1399,0.1358,0.1413,0.131,0.1166,0.1401,0.1441,0.1172,0.1243,0.1312,0.1386,0.1407,0.1483,0.1406,0.1485,0.1461,0.1459,0.1524,0.15,0.145,0.1403,0.1543,0.1401,0.148,0.1456,0.1473,0.151,0.1543,0.1264,0.1489,0.1569,0.1477,0.1526,0.1496,0.1495,0.1494,0.1385,0.1481,0.1435,0.0883,0.1396,0.1473,0.1495,0.1411,0.1382,0.1444,0.14,0.1397
7/31/2021,9.2609,0.1832,0.1982,0.1905,0.2128,0.2273,0.2013,0.1909,0.2016,0.1817,0.2054,0.2109,0.2016,0.1823,0.1826,0.1891,0.1971,0.1937,0.1958,0.1905,0.1944,0.1866,0.1804,0.1945,0.1906,0.1837,0.1861,0.1793,0.1798,0.2084,0.1848,0.1855,0.1769,0.1812,0.1843,0.1857,0.1873,0.1819,0.1836,0.1969,0.2691,0.1983,0.188,0.1931,0.1868,0.1868,0.1974,0.193,0.18
7/30/2021,5.2461,0.1177,0.0942,0.1278,0.0568,0.0893,0.078,0.0942,0.0967,0.1339,0.097,0.0995,0.1174,0.135,0.1344,0.1292,0.1278,0.1267,0.1276,0.1127,0.1132,0.1284,0.1356,0.1196,0.111,0.1223,0.1298,0.1003,0.1284,0.1116,0.1237,0.1435,0.1325,0.1287,0.1298,0.1391,0.1289,0.1083,0.1105,0.0605,-0.1925,0.0915,0.111,0.1099,0.1383,0.1033,0.1256,0.1196,0.1378
7/29/2021,6.8888,0.1401,0.1413,0.1453,0.1224,0.1347,0.1234,0.1237,0.1312,0.1374,0.1517,0.1412,0.1487,0.1477,0.1477,0.1497,0.1534,0.1464,0.144,0.1411,0.1491,0.145,0.1447,0.1431,0.1506,0.1448,0.1448,0.1433,0.154,0.1293,0.1499,0.1533,0.1563,0.1519,0.156,0.1503,0.1497,0.1404,0.1459,0.1453,0.0945,0.1459,0.1487,0.1408,0.1504,0.1496,0.1406,0.1509,0.1486
7/28/2021,5.3377,0.1217,0.1166,0.1347,0.0812,0.0748,0.1089,0.1046,0.1163,0.0982,0.1169,0.1235,0.1376,0.1235,0.1313,0.1233,0.1262,0.1233,0.1052,0.1233,0.1102,0.1243,0.1148,0.1065,0.1187,0.1137,0.1233,0.1395,0.1302,0.0969,0.1313,0.1233,0.1353,0.1424,0.1451,0.1446,0.1326,0.1017,0.1092,0.0469,-0.2386,0.135,0.1201,0.1339,0.1225,0.1078,0.1353,0.1219,0.1182
7/27/2021,5.8395,0.1299,0.1334,0.1427,0.0841,0.0846,0.0995,0.0856,0.0977,0.128,0.133,0.128,0.1351,0.1362,0.1254,0.1241,0.115,0.1263,0.1358,0.1139,0.1168,0.1209,0.1362,0.1155,0.1243,0.1265,0.1347,0.1023,0.1401,0.1148,0.1308,0.1423,0.1414,0.1487,0.1472,0.134,0.131,0.1356,0.1315,0.1084,-0.0305,0.1418,0.1088,0.1137,0.1347,0.1334,0.1338,0.1228,0.1397
7/26/2021,6.1587,0.1437,0.1175,0.1398,0.1089,0.1059,0.1265,0.1203,0.095,0.1219,0.1122,0.1427,0.133,0.1413,0.1427,0.1398,0.1326,0.1247,0.1416,0.1245,0.1302,0.1405,0.1392,0.1311,0.1359,0.1374,0.1407,0.1109,0.1407,0.1276,0.1372,0.1488,0.1449,0.14,0.1378,0.1453,0.1376,0.1267,0.1315,0.1119,-0.0187,0.1295,0.1346,0.1372,0.1258,0.1387,0.1383,0.1232,0.1396
7/25/2021,7.345,0.1532,0.1493,0.1595,0.1411,0.1383,0.1513,0.1385,0.1468,0.1456,0.1507,0.1545,0.154,0.1595,0.1554,0.1559,0.1585,0.1571,0.1519,0.1537,0.1529,0.1544,0.1509,0.1488,0.1501,0.1587,0.1576,0.1551,0.1599,0.1471,0.153,0.1591,0.1578,0.1614,0.1604,0.1576,0.1557,0.1537,0.1557,0.1553,0.1283,0.1498,0.1491,0.1553,0.1599,0.1576,0.1509,0.1552,0.1589
7/24/2021,5.8397,0.1217,0.1373,0.136,0.085,0.0949,0.077,0.0889,0.1025,0.1228,0.139,0.1118,0.128,0.1371,0.136,0.1299,0.1265,0.1284,0.1181,0.1168,0.1334,0.1345,0.1425,0.1209,0.1353,0.139,0.1315,0.128,0.1394,0.0956,0.1381,0.1442,0.1431,0.1474,0.1453,0.1381,0.1343,0.1155,0.1289,0.0986,-0.0638,0.1114,0.1302,0.1375,0.123,0.1271,0.1414,0.1338,0.1278
7/23/2021,5.292,0.1223,0.103,0.1109,0.0787,0.0478,0.0724,0.0946,0.0713,0.1158,0.0849,0.1228,0.1242,0.1187,0.1144,0.1347,0.1014,0.1269,0.1309,0.1125,0.112,0.1193,0.1133,0.1014,0.1177,0.1363,0.116,0.1396,0.1317,0.1269,0.1155,0.1458,0.1228,0.1328,0.1336,0.1401,0.1309,0.1228,0.1323,0.0865,-0.1047,0.1331,0.132,0.1242,0.1195,0.1057,0.0957,0.1155,0.1055
7/22/2021,6.6609,0.1348,0.1336,0.1383,0.1293,0.1301,0.1154,0.1356,0.1238,0.1404,0.1355,0.1439,0.1404,0.1485,0.1391,0.1505,0.142,0.1482,0.1478,0.1476,0.138,0.1463,0.1391,0.1451,0.1519,0.148,0.1407,0.1463,0.151,0.1253,0.1489,0.1511,0.1565,0.1522,0.1486,0.1458,0.1497,0.1415,0.1418,0.1234,0.0203,0.1395,0.1341,0.1448,0.1436,0.1401,0.1407,0.1407,0.1411
7/21/2021,6.9345,0.1394,0.1466,0.1546,0.1362,0.1295,0.1281,0.1419,0.1354,0.1497,0.1517,0.1487,0.1378,0.1532,0.1539,0.1456,0.1519,0.1499,0.1408,0.1441,0.1451,0.1478,0.1557,0.153,0.1525,0.1464,0.1512,0.1532,0.1544,0.1326,0.1526,0.1571,0.1589,0.1505,0.1551,0.1509,0.1521,0.1489,0.1457,0.1323,0.0505,0.138,0.1503,0.1406,0.1427,0.1491,0.1407,0.1448,0.1428
7/20/2021,7.3448,0.1503,0.1542,0.1528,0.1463,0.1413,0.1492,0.1562,0.1545,0.1515,0.1557,0.1472,0.1588,0.1545,0.1527,0.1525,0.1523,0.1587,0.1562,0.1549,0.1549,0.1536,0.1597,0.156,0.1587,0.1534,0.1572,0.1518,0.1591,0.1485,0.1547,0.1599,0.1561,0.161,0.1588,0.1575,0.158,0.1504,0.1578,0.1445,0.0917,0.1589,0.1507,0.1511,0.1558,0.1582,0.158,0.1564,0.1526
7/19/2021,7.5272,0.1604,0.1592,0.1569,0.1529,0.1465,0.156,0.1558,0.1481,0.1509,0.1598,0.1508,0.1605,0.1589,0.1615,0.1579,0.1579,0.1591,0.1586,0.1591,0.1585,0.1562,0.1561,0.1586,0.1583,0.1601,0.1565,0.1558,0.1614,0.1598,0.1582,0.1627,0.1618,0.1598,0.1592,0.1594,0.1595,0.1559,0.1578,0.152,0.1171,0.1554,0.1599,0.1605,0.1622,0.1576,0.1581,0.1597,0.1583
7/18/2021,7.2994,0.158,0.151,0.1555,0.144,0.1311,0.1395,0.1364,0.1444,0.1446,0.1571,0.1541,0.1572,0.1545,0.1577,0.1585,0.1505,0.1569,0.1512,0.1536,0.1564,0.1577,0.1558,0.1555,0.1531,0.154,0.1574,0.1452,0.159,0.1545,0.1557,0.157,0.1562,0.1578,0.1589,0.1607,0.1562,0.1532,0.1539,0.1492,0.1074,0.1529,0.1548,0.1587,0.1524,0.151,0.1514,0.1514,0.1562
7/17/2021,7.9379,0.1658,0.1652,0.1651,0.1648,0.1644,0.1652,0.164,0.1646,0.1655,0.1656,0.1655,0.1655,0.1657,0.1657,0.1658,0.1655,0.1658,0.1654,0.1654,0.1656,0.1655,0.1658,0.1655,0.1653,0.166,0.1653,0.1653,0.1659,0.1651,0.1655,0.1661,0.1657,0.1659,0.166,0.166,0.1659,0.1659,0.1657,0.1649,0.1606,0.1651,0.1652,0.1655,0.1654,0.1651,0.1659,0.1657,0.166
7/16/2021,9.2155,0.1912,0.1964,0.1896,0.2108,0.1945,0.213,0.2057,0.2094,0.2076,0.2053,0.1836,0.2006,0.1902,0.1859,0.1817,0.1932,0.1945,0.1927,0.194,0.1855,0.1919,0.1865,0.1928,0.1866,0.1916,0.19,0.2058,0.1837,0.2024,0.1875,0.1763,0.184,0.1768,0.18,0.1768,0.1836,0.1894,0.1881,0.1793,0.2094,0.1837,0.2012,0.1884,0.185,0.196,0.1966,0.1919,0.1848
7/15/2021,8.3028,0.1736,0.1736,0.1702,0.1758,0.1778,0.1771,0.1763,0.1763,0.1717,0.1752,0.1784,0.1736,0.1729,0.1723,0.1714,0.1739,0.1718,0.1724,0.1713,0.1739,0.1712,0.1699,0.174,0.1719,0.17,0.1719,0.1738,0.1709,0.1732,0.1719,0.171,0.1706,0.169,0.1709,0.171,0.1719,0.17,0.1738,0.1722,0.1855,0.1714,0.1747,0.1734,0.1709,0.1739,0.1702,0.1734,0.1708
7/14/2021,8.212,0.1724,0.1719,0.1718,0.1715,0.1726,0.1706,0.1737,0.1721,0.1708,0.1733,0.1713,0.1705,0.1707,0.1701,0.1711,0.1694,0.1717,0.1692,0.1711,0.1715,0.1691,0.1717,0.1715,0.1698,0.169,0.1691,0.169,0.1697,0.1731,0.1697,0.1687,0.1688,0.1691,0.1688,0.1684,0.1702,0.1702,0.1695,0.1748,0.1943,0.1699,0.1688,0.1708,0.17,0.1708,0.1708,0.1692,0.1699
7/13/2021,8.6682,0.1763,0.178,0.1778,0.1874,0.1945,0.1895,0.1806,0.1848,0.186,0.1765,0.1854,0.1772,0.1774,0.1776,0.1751,0.1756,0.1784,0.1759,0.1785,0.182,0.1782,0.1788,0.1799,0.1735,0.1733,0.1746,0.1818,0.1734,0.1777,0.1787,0.1772,0.1721,0.1717,0.1731,0.1727,0.177,0.1778,0.1802,0.1956,0.2645,0.1743,0.1861,0.1755,0.1737,0.1823,0.1744,0.1758,0.1798
7/12/2021,9.6716,0.1947,0.1892,0.1896,0.23,0.208,0.236,0.217,0.2083,0.2151,0.2141,0.2165,0.1919,0.1981,0.1934,0.1874,0.1936,0.1912,0.1986,0.2011,0.1951,0.1936,0.1839,0.207,0.1891,0.1956,0.1964,0.2113,0.1847,0.1958,0.2013,0.1824,0.1892,0.1899,0.1862,0.1934,0.1912,0.1971,0.1974,0.2127,0.3223,0.2105,0.1953,0.1947,0.2034,0.1886,0.1926,0.1947,0.2024
7/11/2021,7.0712,0.154,0.1505,0.1523,0.1406,0.1223,0.1424,0.1311,0.1376,0.1378,0.1356,0.1514,0.1422,0.1509,0.1565,0.1477,0.1441,0.1447,0.1499,0.1484,0.1511,0.1493,0.146,0.1524,0.1519,0.1504,0.1562,0.1556,0.1546,0.1394,0.154,0.1594,0.1584,0.1552,0.1521,0.158,0.1547,0.148,0.1507,0.1473,0.1012,0.1434,0.1478,0.1438,0.1525,0.1451,0.1521,0.1532,0.1474
7/10/2021,5.52,0.1181,0.1245,0.1377,0.0774,0.1094,0.1044,0.1146,0.0667,0.1091,0.1143,0.0893,0.1347,0.1282,0.1372,0.1272,0.1143,0.1086,0.1218,0.1208,0.1307,0.1183,0.1166,0.1076,0.1324,0.1409,0.1386,0.1277,0.1409,0.0863,0.1329,0.1491,0.1429,0.1337,0.1448,0.1332,0.1337,0.1374,0.1151,0.0645,-0.1792,0.1386,0.1243,0.1262,0.1245,0.1067,0.1381,0.1357,0.1195
7/9/2021,6.7978,0.1403,0.1467,0.1455,0.129,0.1364,0.1418,0.1204,0.1227,0.1282,0.1298,0.1331,0.1473,0.1519,0.148,0.1405,0.1487,0.1418,0.1496,0.1374,0.1449,0.1401,0.1519,0.1518,0.1548,0.1478,0.1479,0.1507,0.1525,0.1338,0.1486,0.1506,0.1513,0.1567,0.1531,0.1497,0.1477,0.1426,0.1498,0.1336,0.0548,0.1438,0.1411,0.1467,0.1491,0.1376,0.139,0.1412,0.1455
7/8/2021,7.0256,0.1486,0.1496,0.152,0.1305,0.1238,0.1478,0.1307,0.1282,0.1336,0.1438,0.1379,0.1479,0.1469,0.1557,0.1545,0.1444,0.1505,0.1513,0.1481,0.15,0.1468,0.1463,0.1538,0.1552,0.1557,0.1528,0.1511,0.1563,0.1468,0.1533,0.156,0.1559,0.1553,0.1523,0.1513,0.1534,0.1536,0.1484,0.1392,0.0739,0.1418,0.1537,0.1552,0.1483,0.1532,0.1413,0.146,0.1529
7/7/2021,9.3978,0.203,0.1904,0.1872,0.2012,0.2159,0.2057,0.203,0.1929,0.1875,0.2086,0.1987,0.1825,0.192,0.185,0.1977,0.1964,0.1984,0.1918,0.1862,0.1915,0.1827,0.2002,0.2044,0.1857,0.1844,0.1952,0.1929,0.185,0.1983,0.1909,0.1867,0.1888,0.1851,0.1862,0.1806,0.1876,0.2016,0.1825,0.2177,0.3392,0.1911,0.1915,0.185,0.1864,0.1846,0.2013,0.1848,0.1818
7/6/2021,7.5273,0.1548,0.1553,0.1597,0.1498,0.1532,0.1558,0.1495,0.1574,0.1561,0.1598,0.1577,0.1556,0.159,0.1568,0.1572,0.1611,0.157,0.1605,0.1593,0.1566,0.1593,0.1591,0.155,0.1615,0.1593,0.16,0.1594,0.1606,0.1516,0.1595,0.1622,0.1613,0.1597,0.1599,0.1626,0.1597,0.1597,0.1561,0.1509,0.1132,0.1545,0.1543,0.1584,0.1614,0.155,0.161,0.1598,0.1601
7/5/2021,9.5805,0.2041,0.2081,0.1861,0.2138,0.234,0.1961,0.1932,0.2198,0.1983,0.1931,0.2019,0.2032,0.1984,0.2003,0.1991,0.1866,0.1891,0.2036,0.1934,0.1943,0.1984,0.188,0.1945,0.2063,0.1882,0.1976,0.2078,0.1867,0.2076,0.1954,0.1836,0.1907,0.1825,0.1836,0.1915,0.1935,0.2048,0.1972,0.2117,0.3192,0.197,0.1869,0.1861,0.1923,0.1869,0.2074,0.1859,0.1927
7/4/2021,11.1771,0.2185,0.2162,0.255,0.2941,0.2664,0.2273,0.2648,0.3007,0.2267,0.276,0.2213,0.2051,0.2054,0.2032,0.2153,0.2153,0.2328,0.2391,0.2213,0.2185,0.2077,0.1994,0.2404,0.2045,0.2067,0.2334,0.2258,0.201,0.2699,0.2235,0.2124,0.1981,0.2169,0.2048,0.2143,0.2124,0.2067,0.2273,0.243,0.4249,0.2455,0.2496,0.2321,0.2337,0.2391,0.2521,0.2108,0.2181
7/3/2021,7.7553,0.1625,0.1624,0.1599,0.1594,0.1556,0.158,0.1605,0.1619,0.1602,0.1585,0.1606,0.1627,0.162,0.1624,0.1637,0.1623,0.1613,0.1632,0.1611,0.1625,0.1624,0.1635,0.1615,0.1614,0.1642,0.1619,0.1637,0.1637,0.1602,0.1617,0.1627,0.1643,0.1634,0.1648,0.1645,0.1629,0.1609,0.1635,0.1619,0.1505,0.1634,0.1596,0.1609,0.1618,0.1615,0.16,0.1615,0.1623
7/2/2021,8.759,0.178,0.184,0.1759,0.1946,0.1983,0.1978,0.1903,0.1915,0.1876,0.1891,0.1943,0.1793,0.1814,0.1765,0.1755,0.1822,0.1779,0.1762,0.1828,0.1834,0.1836,0.1762,0.1755,0.1806,0.1792,0.1778,0.1801,0.1765,0.1896,0.1806,0.1731,0.179,0.1783,0.1736,0.1733,0.1785,0.175,0.185,0.1796,0.2105,0.1869,0.1838,0.181,0.1829,0.1806,0.1789,0.1844,0.1783
7/1/2021,7.5729,0.16,0.1589,0.1605,0.1565,0.156,0.1517,0.1586,0.1555,0.156,0.1603,0.1505,0.1562,0.1602,0.1582,0.1581,0.1614,0.1565,0.1561,0.1578,0.1566,0.1573,0.1617,0.1603,0.1566,0.1618,0.1623,0.1587,0.1605,0.1612,0.159,0.1626,0.1633,0.1603,0.1603,0.1604,0.1609,0.1589,0.162,0.1498,0.1096,0.1551,0.1623,0.1599,0.1622,0.1603,0.1605,0.1614,0.1581
6/30/2021,9.4892,0.1966,0.1932,0.1865,0.2189,0.2328,0.2225,0.2247,0.2212,0.1847,0.2134,0.2023,0.1997,0.1911,0.1869,0.1874,0.1957,0.1918,0.1845,0.1895,0.1982,0.188,0.1951,0.1944,0.1923,0.1856,0.185,0.2157,0.183,0.2039,0.189,0.1845,0.1804,0.1886,0.1793,0.1786,0.19,0.2011,0.1976,0.2015,0.2846,0.1844,0.1903,0.183,0.2003,0.2014,0.1944,0.1994,0.1962
6/29/2021,6.7519,0.1332,0.1381,0.1486,0.1234,0.1355,0.1151,0.1231,0.1196,0.1377,0.13,0.1343,0.1503,0.1477,0.1476,0.1383,0.1512,0.1373,0.1518,0.1366,0.1443,0.1385,0.1388,0.1387,0.1423,0.141,0.1405,0.131,0.1541,0.1469,0.1494,0.1571,0.1461,0.1483,0.1514,0.1546,0.1448,0.139,0.142,0.1496,0.1091,0.1511,0.1326,0.1524,0.1523,0.1398,0.1363,0.1398,0.1407
6/28/2021,9.033,0.1863,0.189,0.1844,0.1981,0.1984,0.1933,0.198,0.2037,0.1863,0.1931,0.1953,0.1802,0.1867,0.181,0.1851,0.1799,0.1809,0.1872,0.1835,0.1861,0.1833,0.1853,0.187,0.1932,0.1834,0.1859,0.184,0.1791,0.1991,0.1888,0.1753,0.1822,0.1811,0.1801,0.1763,0.1837,0.1848,0.1892,0.1963,0.2669,0.1845,0.1772,0.1836,0.1806,0.1893,0.1811,0.1866,0.1886
6/27/2021,10.9033,0.2085,0.2462,0.2427,0.2407,0.2349,0.2323,0.2877,0.2831,0.2198,0.2639,0.2096,0.2143,0.223,0.2091,0.2294,0.2355,0.2361,0.2134,0.2291,0.2128,0.2128,0.212,0.2297,0.2285,0.1951,0.2282,0.1998,0.2067,0.2227,0.2259,0.1977,0.205,0.1954,0.1922,0.2088,0.2082,0.2346,0.2317,0.2286,0.3762,0.2015,0.243,0.2384,0.1957,0.2131,0.2372,0.232,0.2305
6/26/2021,8.8047,0.1887,0.1779,0.1764,0.1927,0.1888,0.2003,0.1952,0.1903,0.1844,0.187,0.1803,0.1782,0.1788,0.1771,0.182,0.1787,0.1849,0.1803,0.1831,0.1821,0.1844,0.1754,0.1882,0.178,0.1744,0.1804,0.1911,0.1753,0.1876,0.1787,0.1785,0.1755,0.1754,0.1729,0.1795,0.1778,0.1852,0.1797,0.1928,0.255,0.1834,0.1766,0.1829,0.1797,0.1789,0.1762,0.1789,0.1751
6/25/2021,8.9876,0.1813,0.1879,0.1818,0.1956,0.2146,0.2056,0.189,0.2055,0.1802,0.1798,0.1914,0.1856,0.1786,0.18,0.1793,0.1788,0.1822,0.189,0.1824,0.1881,0.1805,0.1782,0.1899,0.1877,0.1844,0.18,0.1948,0.1791,0.18,0.1857,0.1736,0.1757,0.1745,0.1818,0.1792,0.1803,0.1809,0.1854,0.2011,0.283,0.1911,0.176,0.1784,0.1902,0.1815,0.1892,0.1813,0.1874
6/24/2021,7.9381,0.1652,0.1657,0.1655,0.1651,0.1637,0.1645,0.1655,0.1651,0.166,0.1657,0.1646,0.1652,0.1658,0.1654,0.1654,0.1656,0.1653,0.1653,0.1655,0.1656,0.1658,0.1656,0.1649,0.1659,0.166,0.166,0.1649,0.1658,0.1649,0.1654,0.1663,0.1657,0.1659,0.1659,0.1658,0.1658,0.1651,0.1659,0.165,0.161,0.1652,0.1659,0.1659,0.1652,0.1659,0.165,0.1657,0.166
6/23/2021,7.9835,0.1664,0.1663,0.1663,0.1662,0.166,0.1663,0.1661,0.1661,0.1664,0.1664,0.1662,0.1663,0.1664,0.1664,0.1664,0.1663,0.1664,0.1665,0.1664,0.1663,0.1663,0.1664,0.1663,0.1664,0.1664,0.1663,0.1663,0.1665,0.1661,0.1664,0.1665,0.1664,0.1665,0.1665,0.1665,0.1665,0.1665,0.1663,0.1662,0.1652,0.1664,0.1663,0.1664,0.1663,0.1663,0.1665,0.1663,0.1664
6/22/2021,10.3561,0.1985,0.2004,0.1978,0.2345,0.2694,0.2244,0.2171,0.2378,0.202,0.2362,0.2218,0.2326,0.1938,0.2067,0.2004,0.2107,0.1987,0.2053,0.2051,0.2117,0.2173,0.2086,0.1954,0.2143,0.2145,0.2176,0.2086,0.1968,0.226,0.2015,0.1931,0.1886,0.2029,0.1968,0.2039,0.2037,0.2154,0.1966,0.2398,0.414,0.2147,0.2324,0.1905,0.2128,0.2211,0.2074,0.2022,0.2147
6/21/2021,8.9873,0.1895,0.1827,0.1786,0.2031,0.2121,0.1923,0.2084,0.1992,0.2011,0.1899,0.1838,0.1926,0.1797,0.1827,0.1844,0.1887,0.1824,0.1836,0.1814,0.1855,0.1856,0.1798,0.1812,0.1765,0.1755,0.1857,0.1946,0.1772,0.1946,0.1803,0.1772,0.177,0.1763,0.1808,0.176,0.1839,0.1907,0.1901,0.1815,0.2169,0.1891,0.1913,0.1814,0.1897,0.1907,0.1826,0.19,0.1894
6/20/2021,7.2542,0.1488,0.1485,0.1547,0.1472,0.1352,0.1473,0.1364,0.1404,0.1532,0.1492,0.1429,0.1555,0.1519,0.1532,0.1514,0.1572,0.1508,0.1558,0.1495,0.1558,0.1519,0.1508,0.1529,0.1547,0.1597,0.1585,0.1434,0.1572,0.1562,0.1535,0.158,0.156,0.159,0.1554,0.1555,0.1555,0.1497,0.1526,0.1498,0.1095,0.1514,0.1465,0.1555,0.1537,0.1506,0.1583,0.1577,0.1558
6/19/2021,9.6714,0.2054,0.1973,0.1917,0.2148,0.2375,0.1971,0.2019,0.2278,0.224,0.1881,0.2024,0.2054,0.1914,0.1931,0.1984,0.2065,0.1946,0.2071,0.1904,0.2048,0.2026,0.1864,0.2123,0.1901,0.1889,0.1867,0.2205,0.1834,0.2128,0.1966,0.1912,0.18,0.1839,0.1822,0.1901,0.1882,0.1951,0.1961,0.2106,0.3153,0.2058,0.1824,0.2024,0.207,0.1882,0.211,0.1872,0.1947
6/18/2021,8.0292,0.1673,0.1672,0.167,0.1675,0.1673,0.1677,0.1672,0.1674,0.1675,0.1673,0.1677,0.1671,0.1672,0.167,0.1672,0.1671,0.167,0.1671,0.1673,0.1674,0.1671,0.1672,0.1674,0.1673,0.1671,0.1673,0.1671,0.167,0.1675,0.1671,0.167,0.1671,0.167,0.1669,0.1671,0.1671,0.1674,0.1672,0.1677,0.1701,0.1672,0.1674,0.167,0.167,0.1671,0.167,0.1673,0.167
6/17/2021,7.4817,0.1527,0.1577,0.1536,0.1498,0.1409,0.1486,0.1511,0.1557,0.1518,0.1588,0.1483,0.154,0.1568,0.1581,0.1577,0.1543,0.1566,0.1572,0.156,0.1577,0.1572,0.155,0.1601,0.1579,0.1581,0.1566,0.1583,0.16,0.1574,0.1587,0.1617,0.1596,0.1605,0.1589,0.1597,0.1595,0.1544,0.1543,0.1576,0.1361,0.1587,0.1598,0.1577,0.1556,0.1588,0.1528,0.1605,0.1588
6/16/2021,9.3524,0.1894,0.1853,0.1844,0.1997,0.208,0.2155,0.2198,0.2155,0.1821,0.2113,0.2056,0.2006,0.1947,0.1882,0.1952,0.1887,0.1842,0.1952,0.1928,0.1949,0.1828,0.1955,0.1999,0.1999,0.1887,0.1834,0.1845,0.1842,0.2116,0.1852,0.1771,0.186,0.1864,0.1855,0.1817,0.1876,0.1824,0.1976,0.2031,0.29,0.1879,0.1948,0.1905,0.1813,0.1974,0.187,0.1829,0.1864
6/15/2021,9.7172,0.2012,0.2058,0.2065,0.2204,0.2139,0.2245,0.2032,0.2372,0.2237,0.1981,0.2024,0.2084,0.188,0.2019,0.1929,0.1955,0.2046,0.1914,0.1952,0.1943,0.1902,0.2003,0.2106,0.2005,0.1948,0.2014,0.1856,0.1845,0.1972,0.2003,0.1799,0.1794,0.1878,0.1886,0.1838,0.189,0.1955,0.1943,0.2105,0.3149,0.2074,0.2117,0.2032,0.1923,0.2007,0.2043,0.1974,0.202
6/14/2021,10.3561,0.1959,0.2145,0.2048,0.2494,0.2456,0.263,0.2595,0.2465,0.2107,0.2166,0.2131,0.2051,0.2051,0.2058,0.1992,0.2152,0.2119,0.2166,0.206,0.2086,0.2046,0.218,0.2251,0.2225,0.1952,0.2114,0.2411,0.1942,0.2348,0.2103,0.1815,0.185,0.1945,0.1912,0.1989,0.1968,0.2131,0.2176,0.2034,0.2911,0.2225,0.207,0.2173,0.2119,0.2112,0.2272,0.215,0.2206
6/13/2021,11.5422,0.2361,0.2265,0.2067,0.2595,0.3105,0.3052,0.2372,0.3023,0.2304,0.2719,0.2623,0.2081,0.2301,0.2099,0.2354,0.2517,0.2127,0.2549,0.2212,0.2464,0.2432,0.212,0.2109,0.2322,0.2343,0.224,0.28,0.2134,0.2439,0.2396,0.2152,0.2226,0.1968,0.2081,0.1968,0.229,0.2297,0.2248,0.2521,0.4559,0.2248,0.2255,0.2265,0.2187,0.2471,0.2531,0.2382,0.2248
6/12/2021,10.5386,0.2035,0.219,0.2365,0.2327,0.2811,0.239,0.2377,0.2205,0.2025,0.2319,0.2357,0.2355,0.2108,0.2035,0.22,0.2053,0.2149,0.2007,0.2027,0.22,0.2223,0.2004,0.2014,0.2342,0.2169,0.2083,0.2197,0.1931,0.2053,0.2202,0.1867,0.2088,0.1971,0.1969,0.1936,0.2014,0.2164,0.2101,0.2456,0.4339,0.2141,0.1931,0.2078,0.2289,0.202,0.2113,0.204,0.2116
6/11/2021,8.5763,0.1768,0.1794,0.173,0.1834,0.1895,0.1857,0.1796,0.1867,0.1767,0.1851,0.1893,0.1731,0.1747,0.1785,0.1801,0.1792,0.1806,0.1776,0.1798,0.1784,0.179,0.1791,0.1762,0.1732,0.1777,0.1785,0.1814,0.1747,0.1798,0.1776,0.171,0.1724,0.1736,0.1721,0.1721,0.1747,0.1803,0.175,0.1795,0.21,0.1759,0.178,0.1738,0.1757,0.1766,0.1762,0.1782,0.1768
6/10/2021,8.1208,0.1688,0.1687,0.1682,0.1694,0.1717,0.1715,0.1718,0.1708,0.1704,0.1704,0.1694,0.17,0.1683,0.1683,0.1694,0.1692,0.1694,0.1691,0.1689,0.1686,0.1686,0.1686,0.1681,0.1693,0.168,0.1691,0.1694,0.168,0.1684,0.1691,0.1675,0.1683,0.1686,0.1685,0.1678,0.1687,0.1683,0.1691,0.1691,0.1748,0.1684,0.1696,0.1693,0.1678,0.1691,0.1694,0.1685,0.1691
6/9/2021,8.4398,0.172,0.1781,0.1781,0.1838,0.1779,0.1821,0.1745,0.1837,0.1729,0.1761,0.1802,0.1768,0.1726,0.1748,0.1761,0.1754,0.1741,0.1737,0.1733,0.1746,0.1754,0.1774,0.1724,0.1756,0.1737,0.1712,0.1745,0.1723,0.1751,0.1727,0.1695,0.1718,0.1728,0.1723,0.1726,0.1742,0.1772,0.1771,0.1795,0.2101,0.1717,0.1751,0.1712,0.1738,0.1752,0.1756,0.1727,0.1763
6/8/2021,9.7172,0.2055,0.1907,0.2072,0.2087,0.2288,0.2221,0.1983,0.2182,0.1886,0.2166,0.2122,0.1964,0.1905,0.2036,0.1959,0.1868,0.1878,0.2063,0.2017,0.2039,0.1976,0.1972,0.2056,0.2008,0.1904,0.1923,0.2232,0.1905,0.2228,0.1976,0.1936,0.1919,0.1814,0.1845,0.1943,0.1905,0.2027,0.1923,0.2144,0.3281,0.2031,0.2003,0.1897,0.1835,0.1923,0.2014,0.1964,0.189
6/7/2021,8.8961,0.1813,0.1885,0.1795,0.1965,0.2094,0.1975,0.1905,0.1875,0.1799,0.1928,0.1827,0.1824,0.18,0.1859,0.1815,0.187,0.1857,0.1831,0.1846,0.1843,0.1789,0.1789,0.1788,0.1891,0.1794,0.1786,0.1787,0.1763,0.1969,0.1792,0.1766,0.1811,0.1805,0.1789,0.1745,0.1795,0.1859,0.1871,0.1864,0.2333,0.1802,0.1919,0.1845,0.1862,0.1833,0.1862,0.1786,0.186
6/6/2021,10.9947,0.2439,0.2194,0.2364,0.279,0.2745,0.2505,0.2924,0.2918,0.2469,0.2529,0.208,0.2454,0.2053,0.2143,0.2281,0.229,0.2308,0.2101,0.2266,0.234,0.2311,0.2056,0.2251,0.2394,0.205,0.2119,0.1999,0.2005,0.2391,0.2233,0.1903,0.1903,0.1921,0.1924,0.2068,0.2185,0.2296,0.2361,0.2182,0.3412,0.2203,0.2502,0.2125,0.22,0.2415,0.2107,0.2056,0.2182
6/5/2021,7.9382,0.1653,0.1658,0.165,0.165,0.164,0.1654,0.1652,0.1653,0.1655,0.1651,0.1652,0.1655,0.1656,0.1657,0.1654,0.1659,0.1655,0.1653,0.1657,0.1656,0.1655,0.1655,0.1657,0.1656,0.1655,0.1654,0.1648,0.166,0.1652,0.1656,0.1659,0.1657,0.1659,0.1659,0.1657,0.1658,0.1658,0.1659,0.1647,0.16,0.1655,0.1655,0.1655,0.1657,0.1655,0.1658,0.1659,0.1657
6/4/2021,10.2192,0.2213,0.2224,0.1995,0.2343,0.2446,0.2543,0.2146,0.2208,0.2406,0.2204,0.2157,0.2146,0.2059,0.2104,0.2186,0.2004,0.2097,0.1944,0.2044,0.2064,0.2162,0.2057,0.2055,0.1886,0.1906,0.2126,0.2055,0.1895,0.215,0.2135,0.1986,0.1893,0.1957,0.194,0.2011,0.2031,0.1913,0.2071,0.2327,0.3902,0.2024,0.2071,0.2135,0.2128,0.1957,0.1995,0.194,0.1951
6/3/2021,7.7097,0.163,0.1593,0.1593,0.1564,0.1562,0.156,0.1566,0.1584,0.1631,0.1588,0.1559,0.1598,0.1628,0.1629,0.1629,0.1625,0.1598,0.1607,0.1621,0.1612,0.1613,0.1633,0.163,0.1611,0.1607,0.1605,0.1604,0.1634,0.159,0.1613,0.1629,0.164,0.1645,0.1626,0.162,0.162,0.161,0.1607,0.1602,0.1449,0.1621,0.1616,0.1595,0.1639,0.1596,0.1616,0.162,0.1629
6/2/2021,8.1662,0.1709,0.1701,0.1701,0.1731,0.1725,0.1716,0.1729,0.1709,0.1723,0.1696,0.1693,0.1695,0.1691,0.17,0.1704,0.1695,0.1691,0.1707,0.1693,0.1703,0.1703,0.1691,0.1713,0.1703,0.1695,0.1693,0.1706,0.1686,0.1714,0.1695,0.1691,0.1688,0.169,0.1691,0.1686,0.169,0.1708,0.169,0.1692,0.1753,0.1695,0.1705,0.1694,0.1696,0.1692,0.1696,0.1697,0.1697
6/1/2021,9.489,0.195,0.1999,0.2009,0.2116,0.2344,0.2231,0.2292,0.199,0.1938,0.2085,0.1915,0.2032,0.1964,0.1902,0.19,0.1902,0.1859,0.1938,0.1905,0.1872,0.1927,0.19,0.1875,0.1877,0.1938,0.1908,0.2139,0.1822,0.1868,0.188,0.1777,0.183,0.1817,0.1804,0.1836,0.1868,0.1942,0.2009,0.2085,0.3084,0.1945,0.2067,0.1826,0.1856,0.1906,0.207,0.1964,0.1927
5/31/2021,8.5768,0.1746,0.1803,0.1759,0.1854,0.1799,0.1875,0.1787,0.1888,0.1851,0.175,0.1862,0.1828,0.1764,0.1762,0.1757,0.1799,0.1738,0.1783,0.1753,0.1772,0.1765,0.1745,0.1749,0.1757,0.1749,0.1729,0.1776,0.1742,0.1839,0.1785,0.1723,0.1753,0.1709,0.1716,0.1744,0.1768,0.1744,0.1768,0.183,0.2218,0.177,0.1736,0.1758,0.1764,0.1802,0.1823,0.1806,0.177
5/30/2021,11.4966,0.2583,0.2362,0.2348,0.2852,0.2635,0.2607,0.3048,0.2422,0.2425,0.2254,0.2387,0.2104,0.217,0.2317,0.2268,0.2114,0.2275,0.2258,0.2513,0.2394,0.2111,0.238,0.238,0.2314,0.2055,0.2233,0.2506,0.2027,0.2527,0.2254,0.2076,0.1929,0.2149,0.2072,0.2216,0.2247,0.2453,0.2132,0.2672,0.5067,0.2614,0.2656,0.2139,0.2282,0.2457,0.21,0.2373,0.2209
5/29/2021,10.2192,0.227,0.2113,0.1933,0.2534,0.2632,0.2195,0.2119,0.2208,0.2186,0.2059,0.2066,0.2197,0.1917,0.1982,0.2099,0.2166,0.2179,0.2002,0.2051,0.2166,0.2095,0.1926,0.1933,0.196,0.2031,0.1991,0.2135,0.1915,0.1964,0.2035,0.1875,0.2013,0.1844,0.1853,0.1871,0.2019,0.2208,0.1951,0.2514,0.4534,0.2164,0.1993,0.2195,0.2122,0.2091,0.2,0.1975,0.1911
5/28/2021,8.8506,0.18,0.1809,0.1777,0.1876,0.21,0.1941,0.2014,0.1867,0.1774,0.196,0.1849,0.1865,0.1787,0.177,0.1852,0.1785,0.1806,0.1818,0.1837,0.1834,0.1838,0.1795,0.1779,0.1815,0.1755,0.1815,0.1874,0.1775,0.1809,0.179,0.1745,0.1731,0.1791,0.174,0.1773,0.1815,0.1851,0.1863,0.1909,0.2485,0.1835,0.1884,0.1781,0.1792,0.1855,0.1853,0.182,0.1817
5/27/2021,10.4927,0.1986,0.2085,0.2342,0.2405,0.2479,0.2148,0.2193,0.2143,0.216,0.2098,0.2429,0.1993,0.2041,0.2001,0.1981,0.2008,0.2033,0.2292,0.2148,0.2073,0.2183,0.2252,0.2355,0.2312,0.2083,0.2118,0.2083,0.1916,0.22,0.2051,0.1831,0.1856,0.2016,0.1889,0.1988,0.2085,0.2163,0.2105,0.2436,0.427,0.227,0.23,0.2215,0.211,0.2267,0.2337,0.2085,0.2113
5/26/2021,14.1423,0.2877,0.2766,0.2367,0.4081,0.2981,0.3454,0.2772,0.3006,0.2563,0.3577,0.2803,0.3055,0.2662,0.2834,0.3,0.2889,0.2987,0.2993,0.2699,0.2901,0.284,0.2864,0.2404,0.3325,0.2477,0.257,0.2508,0.2527,0.2729,0.2717,0.2477,0.2164,0.233,0.2428,0.2594,0.2557,0.2484,0.2576,0.4211,1.0277,0.2613,0.2852,0.2944,0.2625,0.2729,0.2447,0.2551,0.2336
5/25/2021,17.655,0.3385,0.3936,0.3974,0.5007,0.408,0.4293,0.5683,0.5104,0.438,0.3569,0.4109,0.2941,0.3289,0.3598,0.3279,0.3212,0.3569,0.3607,0.3163,0.3559,0.3028,0.3598,0.3385,0.353,0.3472,0.3163,0.268,0.2854,0.4109,0.3318,0.3163,0.2893,0.2999,0.2883,0.2864,0.3269,0.3298,0.3434,0.3497,0.786,0.4254,0.4109,0.3569,0.3318,0.2903,0.41,0.3791,0.3472
5/24/2021,17.6098,0.2849,0.3656,0.4021,0.5559,0.5078,0.3656,0.4415,0.4338,0.3541,0.4905,0.306,0.3387,0.2964,0.2964,0.3848,0.3829,0.307,0.3348,0.3665,0.3521,0.3675,0.3752,0.3579,0.3944,0.3329,0.2916,0.4415,0.2781,0.4876,0.3627,0.2378,0.2416,0.3099,0.2964,0.2743,0.2935,0.3915,0.3858,0.4262,1.0449,0.3368,0.2849,0.3589,0.257,0.3185,0.2926,0.2935,0.3089
5/23/2021,18.1116,0.3558,0.4033,0.3467,0.4963,0.4993,0.4316,0.3841,0.3517,0.3183,0.3669,0.5206,0.3618,0.3517,0.3851,0.2971,0.286,0.2941,0.3102,0.3881,0.3143,0.378,0.4093,0.3092,0.3163,0.3386,0.2829,0.4387,0.285,0.5034,0.3729,0.2991,0.3072,0.2607,0.2577,0.3153,0.3436,0.3123,0.3285,0.5034,1.3062,0.4387,0.4498,0.2728,0.2688,0.3598,0.4023,0.29,0.2981
5/22/2021,17.9291,0.3216,0.3672,0.2957,0.4288,0.4189,0.5182,0.395,0.397,0.2799,0.4318,0.4913,0.4467,0.2898,0.3464,0.3921,0.2888,0.2898,0.3603,0.3921,0.3494,0.3126,0.2828,0.397,0.2828,0.263,0.2858,0.4208,0.2948,0.3007,0.3484,0.253,0.3047,0.2669,0.3156,0.2461,0.3335,0.4139,0.3384,0.5331,1.4067,0.3851,0.3623,0.3365,0.3603,0.3027,0.3801,0.3682,0.3325
5/21/2021,15.6933,0.3305,0.3575,0.3582,0.379,0.4529,0.3844,0.4075,0.4583,0.2682,0.3536,0.4159,0.2805,0.2513,0.2828,0.2913,0.3467,0.2628,0.2928,0.3313,0.2913,0.3105,0.3159,0.3267,0.2413,0.2828,0.3236,0.3998,0.2474,0.4029,0.329,0.2644,0.2228,0.2351,0.2751,0.2282,0.279,0.3475,0.3013,0.355,0.8039,0.2598,0.3875,0.2613,0.2851,0.3052,0.2751,0.3098,0.3205
5/20/2021,10.9947,0.2191,0.2445,0.2379,0.2397,0.2382,0.27,0.2969,0.2448,0.2197,0.2334,0.2358,0.2035,0.2071,0.2179,0.2083,0.2215,0.2379,0.2299,0.2128,0.2296,0.2173,0.2029,0.208,0.2439,0.2257,0.2218,0.2167,0.2092,0.2248,0.2071,0.2155,0.1996,0.2029,0.2032,0.1993,0.2143,0.1996,0.2328,0.2732,0.527,0.2083,0.2322,0.1972,0.2005,0.2044,0.2116,0.2266,0.2206
5/19/2021,14.6444,0.3361,0.2816,0.3374,0.3713,0.4165,0.3939,0.3866,0.4079,0.3162,0.3594,0.2683,0.3182,0.2876,0.2683,0.2703,0.3275,0.3128,0.3301,0.269,0.2876,0.2896,0.2464,0.3162,0.2637,0.2584,0.277,0.2437,0.2424,0.3447,0.2909,0.2178,0.2417,0.2258,0.2351,0.2338,0.2604,0.3182,0.2922,0.3155,0.6703,0.3128,0.3321,0.2736,0.2909,0.3009,0.2504,0.2989,0.2544
5/18/2021,14.416,0.2751,0.2956,0.3296,0.3174,0.4926,0.3662,0.3239,0.3014,0.2507,0.2943,0.3328,0.311,0.2969,0.2905,0.2642,0.3072,0.2591,0.2866,0.3053,0.2783,0.2943,0.236,0.3361,0.2514,0.2693,0.2347,0.2873,0.2507,0.3354,0.2603,0.2674,0.2706,0.2578,0.2385,0.2642,0.2494,0.2514,0.2366,0.3319,0.7258,0.2668,0.3508,0.3168,0.313,0.2719,0.3219,0.2494,0.2976
5/17/2021,14.188,0.275,0.3356,0.2929,0.3616,0.4352,0.3486,0.3993,0.4123,0.2669,0.3121,0.3597,0.3028,0.2391,0.2725,0.2935,0.2496,0.3009,0.2991,0.2793,0.3108,0.2372,0.236,0.3276,0.2756,0.2849,0.2428,0.3585,0.2477,0.3096,0.2886,0.2415,0.2533,0.2273,0.2354,0.2285,0.2743,0.2626,0.2403,0.3019,0.6243,0.3257,0.2514,0.3084,0.2316,0.2446,0.2774,0.275,0.2292
5/16/2021,11.4964,0.2345,0.2408,0.2058,0.2758,0.2957,0.2607,0.2642,0.2796,0.2754,0.2667,0.2754,0.2569,0.2111,0.2198,0.2111,0.2397,0.2324,0.2163,0.2216,0.2429,0.2432,0.2114,0.2121,0.2394,0.2153,0.2184,0.2705,0.2065,0.2737,0.2296,0.2223,0.2156,0.2086,0.2209,0.2086,0.216,0.2404,0.2219,0.2236,0.3594,0.2418,0.2219,0.2331,0.2436,0.2478,0.2345,0.2453,0.2446
5/15/2021,8.3031,0.1741,0.175,0.1718,0.1742,0.1797,0.1763,0.1773,0.1789,0.1702,0.1727,0.1711,0.1724,0.1706,0.1703,0.172,0.1728,0.1732,0.1713,0.173,0.173,0.1707,0.1715,0.1739,0.17,0.171,0.1723,0.1742,0.1705,0.1713,0.1707,0.1708,0.1702,0.1713,0.1689,0.171,0.1716,0.1719,0.1707,0.1759,0.198,0.1709,0.1754,0.1729,0.1728,0.1718,0.1701,0.1725,0.1704
5/14/2021,9.5348,0.1938,0.2014,0.1903,0.2118,0.2322,0.2276,0.2021,0.2241,0.221,0.2103,0.2256,0.2004,0.1929,0.1935,0.1872,0.1943,0.1954,0.1938,0.1954,0.1998,0.1886,0.1958,0.1911,0.1934,0.1926,0.1854,0.2153,0.1857,0.1961,0.1883,0.1851,0.1874,0.1892,0.1806,0.1791,0.1863,0.1845,0.2017,0.2017,0.2851,0.1969,0.1845,0.1878,0.1865,0.2037,0.1908,0.1912,0.1875
5/13/2021,13.686,0.2639,0.2787,0.3054,0.3429,0.3555,0.3537,0.2764,0.3026,0.3014,0.2844,0.2912,0.2457,0.2667,0.24,0.2548,0.2741,0.3031,0.306,0.2929,0.294,0.2309,0.2975,0.2923,0.2372,0.2195,0.281,0.2491,0.2309,0.3156,0.2679,0.2269,0.2258,0.2281,0.2201,0.2491,0.2412,0.2713,0.2969,0.3379,0.746,0.2901,0.2491,0.2844,0.2821,0.2559,0.2531,0.2889,0.2838
5/12/2021,16.3779,0.2831,0.3066,0.3904,0.5085,0.5613,0.3669,0.4172,0.4632,0.2622,0.4079,0.2881,0.3996,0.3066,0.3334,0.3401,0.3518,0.3141,0.3677,0.3225,0.2965,0.2747,0.2513,0.2655,0.3342,0.2605,0.2605,0.4297,0.2655,0.4121,0.3016,0.263,0.2454,0.2613,0.2354,0.2622,0.299,0.2806,0.3384,0.4097,0.9893,0.2798,0.3476,0.3418,0.2463,0.2932,0.3351,0.3066,0.2999
5/11/2021,13.7318,0.3209,0.3014,0.3048,0.3329,0.4395,0.3753,0.3352,0.3048,0.338,0.2463,0.2526,0.2406,0.2601,0.2727,0.2498,0.2716,0.2486,0.3105,0.2589,0.2721,0.2675,0.2865,0.314,0.3008,0.2372,0.2309,0.2578,0.2246,0.2584,0.2859,0.2205,0.2423,0.2406,0.2188,0.2412,0.2481,0.2383,0.2469,0.3552,0.8047,0.2446,0.2819,0.2257,0.2217,0.2939,0.2521,0.2744,0.2807
5/10/2021,13.23,0.31,0.288,0.2352,0.368,0.333,0.3006,0.2519,0.3393,0.3058,0.254,0.2399,0.2524,0.2498,0.2268,0.232,0.2744,0.2592,0.2838,0.2598,0.2592,0.2258,0.2619,0.2425,0.2284,0.2132,0.2718,0.3257,0.2195,0.3204,0.2357,0.2048,0.2467,0.208,0.2294,0.2211,0.2451,0.265,0.2425,0.3617,0.8267,0.2917,0.2587,0.2195,0.2624,0.2932,0.2477,0.2535,0.2843
5/9/2021,9.4433,0.1857,0.2,0.1902,0.2023,0.2038,0.1931,0.2251,0.2004,0.1955,0.2033,0.2046,0.2051,0.1892,0.1836,0.197,0.2006,0.1948,0.1856,0.1902,0.2004,0.1934,0.1947,0.1955,0.1906,0.1883,0.1916,0.1882,0.1811,0.2143,0.1932,0.1821,0.1888,0.1836,0.1814,0.1882,0.1918,0.1997,0.1879,0.2099,0.313,0.2023,0.1851,0.1954,0.1889,0.1903,0.1841,0.1942,0.1952
5/8/2021,12.0895,0.2705,0.2665,0.2783,0.2689,0.3671,0.2857,0.2448,0.3004,0.2288,0.2485,0.2714,0.2517,0.2403,0.2435,0.2468,0.248,0.2276,0.2399,0.2464,0.2374,0.2239,0.2595,0.2329,0.2497,0.2047,0.2444,0.2865,0.2161,0.2391,0.2489,0.2313,0.2157,0.1977,0.2096,0.2219,0.2337,0.248,0.2288,0.2714,0.5212,0.2288,0.2272,0.2542,0.255,0.2301,0.235,0.2153,0.2464
5/7/2021,13.2755,0.2469,0.249,0.2263,0.3086,0.2901,0.3139,0.2901,0.3387,0.2685,0.2949,0.2706,0.2801,0.2711,0.2658,0.2384,0.2811,0.2437,0.2759,0.2674,0.2885,0.2611,0.2284,0.3012,0.2717,0.2347,0.2252,0.2643,0.2215,0.3038,0.2658,0.249,0.2247,0.212,0.2231,0.2247,0.2368,0.26,0.2495,0.3543,0.8015,0.3038,0.2342,0.2764,0.2474,0.2637,0.3107,0.2864,0.23
5/6/2021,10.1737,0.1945,0.2019,0.2014,0.2221,0.238,0.2256,0.2234,0.2534,0.2214,0.203,0.2466,0.1949,0.1997,0.1973,0.2112,0.2054,0.2008,0.2169,0.2093,0.2156,0.2097,0.196,0.2049,0.2084,0.1932,0.1958,0.2319,0.193,0.241,0.2043,0.1828,0.1956,0.1951,0.2012,0.1897,0.1958,0.2108,0.2162,0.2187,0.3428,0.221,0.2221,0.2045,0.2047,0.1986,0.2184,0.206,0.1891
5/5/2021,11.5421,0.2152,0.2478,0.2379,0.2843,0.2938,0.2407,0.2372,0.2839,0.2152,0.2786,0.2945,0.224,0.2233,0.2283,0.2276,0.2294,0.2159,0.2467,0.234,0.2386,0.224,0.2173,0.2446,0.2588,0.2046,0.2318,0.2131,0.2102,0.2552,0.2311,0.2,0.2131,0.1957,0.1957,0.2035,0.2202,0.2389,0.2219,0.266,0.503,0.2485,0.2701,0.2488,0.2233,0.2262,0.2322,0.2166,0.2308
5/4/2021,15.1008,0.2682,0.2732,0.3286,0.4209,0.3186,0.3605,0.4287,0.4166,0.4017,0.2689,0.4081,0.2959,0.2632,0.3073,0.2597,0.303,0.2547,0.3179,0.33,0.3257,0.2476,0.3016,0.2654,0.3243,0.3023,0.3122,0.3165,0.2583,0.2718,0.3051,0.2519,0.2519,0.2419,0.2419,0.2292,0.2682,0.2512,0.2831,0.3607,0.8233,0.3101,0.3271,0.2902,0.3002,0.2725,0.3406,0.3122,0.2881
5/3/2021,16.5601,0.3327,0.3798,0.3541,0.4945,0.361,0.3978,0.462,0.4885,0.4278,0.2771,0.4577,0.3182,0.3225,0.313,0.2848,0.3028,0.3541,0.3379,0.3139,0.3447,0.3362,0.2514,0.2968,0.3096,0.3028,0.3259,0.3969,0.2651,0.3113,0.3002,0.3036,0.2934,0.266,0.2377,0.272,0.3139,0.3173,0.2916,0.3965,0.9444,0.2805,0.3113,0.3362,0.3053,0.3002,0.2951,0.3233,0.3507
5/2/2021,19.48,0.4812,0.4801,0.4181,0.4927,0.6982,0.6132,0.6465,0.4663,0.3825,0.4801,0.3389,0.3779,0.301,0.3572,0.3756,0.3722,0.3802,0.3825,0.4055,0.425,0.3285,0.4158,0.3894,0.3377,0.3377,0.3997,0.3171,0.2964,0.464,0.34,0.332,0.2665,0.2929,0.2528,0.3136,0.3251,0.4433,0.3595,0.4495,1.1237,0.3733,0.4617,0.3228,0.3297,0.3572,0.2941,0.3503,0.3308
5/1/2021,20.3471,0.4173,0.421,0.4655,0.5963,0.6519,0.4062,0.6025,0.5593,0.3655,0.4704,0.4222,0.4865,0.3124,0.3543,0.4321,0.3988,0.4469,0.3938,0.4482,0.3951,0.3469,0.284,0.463,0.3938,0.3803,0.3938,0.4976,0.3087,0.5729,0.4124,0.3321,0.3445,0.3309,0.2679,0.3148,0.384,0.3729,0.3976,0.3982,0.9501,0.3568,0.3247,0.3926,0.4543,0.4741,0.3371,0.4445,0.3704
4/30/2021,19.7082,0.457,0.4523,0.3329,0.4523,0.7415,0.3915,0.5741,0.5413,0.3376,0.4723,0.5062,0.4746,0.3364,0.3107,0.3751,0.4278,0.3727,0.354,0.3961,0.4137,0.3528,0.2849,0.4114,0.3025,0.395,0.3599,0.4617,0.3224,0.3271,0.3411,0.3236,0.3528,0.2674,0.3189,0.3154,0.3739,0.368,0.3294,0.4906,1.2629,0.4676,0.4992,0.2873,0.3997,0.3271,0.3083,0.3727,0.3645
4/29/2021,16.15,0.3549,0.3362,0.3223,0.4601,0.3835,0.4348,0.4544,0.4527,0.3142,0.372,0.2857,0.3843,0.3052,0.2922,0.3256,0.3028,0.3183,0.3011,0.3305,0.3256,0.3476,0.2995,0.3753,0.3777,0.2416,0.2588,0.2824,0.2783,0.2938,0.302,0.2506,0.231,0.2482,0.2416,0.2384,0.2873,0.2742,0.3036,0.3918,0.9285,0.2628,0.39,0.2922,0.359,0.3704,0.3297,0.3492,0.2881
4/28/2021,16.0129,0.3245,0.3694,0.2676,0.4431,0.3742,0.4639,0.395,0.4768,0.3966,0.3614,0.3622,0.3558,0.2604,0.3133,0.3333,0.3365,0.3325,0.3454,0.3021,0.3566,0.3285,0.3574,0.3069,0.3381,0.2708,0.2909,0.3165,0.262,0.3846,0.3101,0.2724,0.2957,0.258,0.2877,0.2652,0.3013,0.3638,0.2901,0.2239,0.3603,0.375,0.4006,0.3438,0.3534,0.3077,0.3558,0.3446,0.2772
4/27/2021,13.7775,0.2799,0.3215,0.2724,0.318,0.3943,0.3943,0.3562,0.3261,0.3458,0.3024,0.3683,0.2828,0.2383,0.273,0.2464,0.2626,0.2562,0.2909,0.2822,0.2972,0.2932,0.2337,0.2828,0.2943,0.2793,0.2834,0.3111,0.2256,0.2805,0.2643,0.2372,0.2088,0.258,0.2389,0.2499,0.24,0.2452,0.2296,0.2981,0.6113,0.2372,0.2695,0.2516,0.3042,0.2799,0.2464,0.2591,0.2556
4/26/2021,12.3634,0.24,0.2849,0.2775,0.2967,0.3508,0.3434,0.3137,0.2627,0.2304,0.267,0.2304,0.2526,0.2448,0.2291,0.2291,0.2404,0.2579,0.2343,0.2286,0.2648,0.2574,0.2107,0.243,0.2692,0.2264,0.2548,0.2587,0.2125,0.2478,0.2461,0.2186,0.2365,0.2173,0.219,0.2112,0.2238,0.2613,0.2443,0.2927,0.5931,0.2644,0.281,0.2208,0.24,0.2513,0.2452,0.2247,0.2125
4/25/2021,10.6748,0.1996,0.2314,0.1977,0.2402,0.256,0.2731,0.2772,0.255,0.2418,0.2089,0.2164,0.2156,0.1982,0.2105,0.199,0.2121,0.199,0.2255,0.2065,0.2076,0.2266,0.21,0.2218,0.2279,0.2156,0.2151,0.2523,0.2009,0.252,0.2148,0.1846,0.1867,0.1883,0.1961,0.1929,0.2135,0.2012,0.2057,0.2462,0.4357,0.1974,0.236,0.2223,0.199,0.2025,0.2103,0.2303,0.2178
4/24/2021,14.2794,0.3243,0.2684,0.3375,0.4185,0.3029,0.3098,0.3054,0.3425,0.313,0.291,0.3054,0.3419,0.2715,0.2558,0.2835,0.2941,0.3174,0.2847,0.2759,0.2615,0.3029,0.3073,0.2998,0.3356,0.2941,0.2747,0.2452,0.2364,0.2634,0.2665,0.2182,0.2577,0.2621,0.2546,0.2357,0.2709,0.2389,0.2571,0.3762,0.8758,0.2565,0.2571,0.2552,0.2709,0.2684,0.2502,0.2627,0.2803
4/23/2021,12.5459,0.2812,0.2753,0.2589,0.2926,0.363,0.3462,0.3621,0.3249,0.2758,0.228,0.288,0.2517,0.2285,0.2362,0.2276,0.2299,0.2553,0.2249,0.2703,0.2494,0.2426,0.2494,0.2421,0.2135,0.2189,0.2435,0.258,0.2226,0.2303,0.2449,0.2149,0.2321,0.2167,0.2099,0.2135,0.2449,0.2199,0.2162,0.2984,0.6123,0.283,0.2199,0.273,0.2294,0.2435,0.2839,0.2299,0.2689
4/22/2021,14.7352,0.2946,0.3088,0.3357,0.3553,0.3916,0.4145,0.4017,0.3,0.3081,0.3128,0.3748,0.3209,0.2933,0.2421,0.2731,0.2946,0.3243,0.3081,0.3095,0.2717,0.2785,0.2818,0.3337,0.3411,0.2684,0.2859,0.3687,0.2542,0.2697,0.269,0.2711,0.232,0.23,0.2441,0.2502,0.2758,0.2616,0.2381,0.3218,0.6918,0.3357,0.2765,0.3081,0.2677,0.2785,0.3101,0.2919,0.2637
4/21/2021,14.8268,0.2581,0.3134,0.2998,0.3305,0.4807,0.4254,0.4582,0.2971,0.2527,0.3367,0.4056,0.3025,0.2486,0.2923,0.2575,0.2902,0.325,0.3134,0.3216,0.3223,0.2882,0.2534,0.2943,0.3278,0.2404,0.2943,0.2704,0.2377,0.4001,0.3025,0.2513,0.222,0.2213,0.2192,0.2684,0.2752,0.2493,0.2561,0.3042,0.632,0.3278,0.3442,0.3175,0.3216,0.2636,0.3237,0.3087,0.28
4/20/2021,16.1497,0.2971,0.3835,0.3769,0.4006,0.3875,0.3892,0.4291,0.315,0.2636,0.3663,0.4332,0.3655,0.2979,0.2824,0.3549,0.3329,0.2718,0.3207,0.3101,0.3451,0.2938,0.2694,0.394,0.2677,0.2539,0.3427,0.3639,0.2832,0.3085,0.2897,0.218,0.2832,0.2653,0.2278,0.2897,0.2995,0.2571,0.2563,0.4543,1.1399,0.3044,0.3297,0.2791,0.2514,0.3557,0.3582,0.3337,0.2563
4/19/2021,20.3472,0.4334,0.4568,0.4222,0.6297,0.4506,0.4025,0.6062,0.584,0.5716,0.4741,0.479,0.4198,0.4173,0.3741,0.3815,0.3198,0.4235,0.3519,0.3704,0.3803,0.4136,0.384,0.3914,0.4939,0.3408,0.4383,0.5247,0.321,0.5037,0.3803,0.3655,0.2753,0.3519,0.2877,0.3457,0.384,0.4185,0.3408,0.4114,0.9949,0.3704,0.4865,0.2864,0.3235,0.3963,0.4494,0.3976,0.321
4/18/2021,23.0842,0.4955,0.5453,0.5558,0.7112,0.7157,0.5604,0.8243,0.7489,0.4216,0.5498,0.3794,0.5513,0.4201,0.4925,0.411,0.5106,0.4683,0.3522,0.4865,0.3824,0.4487,0.313,0.577,0.5091,0.3326,0.3507,0.5362,0.3778,0.3975,0.4186,0.3069,0.2979,0.3839,0.3929,0.3432,0.3628,0.3597,0.3673,0.5028,1.3042,0.4653,0.5905,0.3824,0.4201,0.3582,0.4382,0.4533,0.5106
4/17/2021,22.5367,0.4719,0.5257,0.4254,0.7685,0.6159,0.5708,0.7045,0.5722,0.3556,0.3789,0.5824,0.4283,0.3629,0.3687,0.4574,0.3673,0.4341,0.4647,0.4298,0.3876,0.4589,0.3295,0.5359,0.4385,0.44,0.3222,0.6449,0.3397,0.3745,0.4559,0.392,0.3397,0.3484,0.3353,0.3222,0.3513,0.4545,0.408,0.5593,1.4952,0.5592,0.5097,0.3295,0.4923,0.3527,0.4109,0.4748,0.3891
4/16/2021,17.473,0.3997,0.4243,0.3599,0.3836,0.5172,0.5456,0.3713,0.3561,0.4897,0.4347,0.3637,0.4073,0.3097,0.3343,0.3107,0.3495,0.2832,0.3713,0.3969,0.3504,0.3031,0.3618,0.2945,0.2964,0.3268,0.2822,0.3912,0.2955,0.4149,0.305,0.2945,0.323,0.2434,0.2576,0.3154,0.3268,0.3305,0.3798,0.4145,1.0054,0.3012,0.322,0.2747,0.323,0.3343,0.3552,0.3381,0.3031
4/15/2021,19.2975,0.3339,0.4243,0.3892,0.4435,0.5293,0.5384,0.5802,0.3757,0.483,0.3214,0.605,0.3158,0.2977,0.4096,0.3655,0.4017,0.3745,0.3316,0.3802,0.4344,0.2988,0.326,0.4796,0.3926,0.2898,0.3813,0.3429,0.3011,0.4265,0.3316,0.2717,0.3169,0.3135,0.2932,0.3113,0.3327,0.4389,0.3271,0.4509,1.1285,0.3181,0.483,0.4356,0.4118,0.4378,0.2955,0.4197,0.4062
4/14/2021,23.1298,0.5737,0.4511,0.5616,0.6402,0.4889,0.7401,0.7068,0.7174,0.6705,0.4708,0.675,0.4844,0.4087,0.492,0.3543,0.3452,0.5313,0.5449,0.4087,0.3966,0.4556,0.4042,0.5177,0.3407,0.3452,0.3997,0.3724,0.3755,0.6281,0.377,0.386,0.3921,0.2938,0.2953,0.3694,0.4103,0.3391,0.4012,0.556,1.484,0.5147,0.5948,0.327,0.4178,0.3573,0.3391,0.3724,0.4012
4/13/2021,23.0841,0.5754,0.4518,0.5106,0.7444,0.7006,0.5558,0.7323,0.5076,0.399,0.4442,0.3718,0.5709,0.4518,0.4789,0.4638,0.3884,0.4653,0.4668,0.4714,0.4849,0.3462,0.4337,0.5317,0.4668,0.3009,0.3507,0.5634,0.3296,0.5317,0.4397,0.322,0.3914,0.3039,0.2858,0.3311,0.414,0.5272,0.3899,0.5273,1.3869,0.3688,0.5438,0.4578,0.4578,0.4744,0.4699,0.5106,0.3914
4/12/2021,19.8907,0.4687,0.4235,0.3141,0.483,0.7446,0.6625,0.3973,0.3938,0.4532,0.5698,0.483,0.4865,0.3319,0.3617,0.326,0.4544,0.389,0.3712,0.4306,0.4378,0.4187,0.4306,0.3855,0.4604,0.3748,0.288,0.3474,0.301,0.389,0.4021,0.2594,0.2784,0.3189,0.3129,0.3201,0.3795,0.3641,0.4187,0.394,0.9358,0.3545,0.4651,0.4033,0.4461,0.3486,0.3783,0.4402,0.2927
4/11/2021,17.2445,0.3257,0.2905,0.3654,0.4052,0.5254,0.5365,0.4865,0.358,0.4209,0.3664,0.4967,0.4153,0.3183,0.2831,0.3488,0.2785,0.3294,0.3867,0.3312,0.3183,0.3146,0.3349,0.359,0.3183,0.2721,0.2868,0.3802,0.2767,0.3959,0.3423,0.2406,0.3127,0.2924,0.2397,0.2443,0.3081,0.2989,0.2989,0.4501,1.1257,0.3377,0.2896,0.3423,0.3737,0.2979,0.3414,0.3081,0.2748
4/10/2021,16.0584,0.3609,0.3714,0.3472,0.4092,0.4648,0.3294,0.3343,0.46,0.3988,0.3431,0.4584,0.2803,0.2916,0.2964,0.2666,0.3198,0.2988,0.265,0.323,0.3552,0.2601,0.2988,0.3464,0.2827,0.2505,0.2505,0.4173,0.2585,0.3222,0.3069,0.2416,0.2843,0.2859,0.2618,0.2827,0.2819,0.2988,0.3222,0.4192,1.0213,0.2996,0.2706,0.2489,0.2972,0.2835,0.373,0.3093,0.3085
4/9/2021,13.0933,0.2553,0.241,0.2685,0.3561,0.319,0.2665,0.2675,0.2665,0.2777,0.2971,0.3057,0.3047,0.2604,0.2278,0.2548,0.2711,0.2899,0.2858,0.2726,0.237,0.2543,0.2487,0.2558,0.2752,0.2568,0.2604,0.3342,0.2293,0.321,0.267,0.2181,0.2089,0.2385,0.2227,0.2395,0.2476,0.2619,0.2507,0.2919,0.5905,0.2762,0.3032,0.2298,0.2252,0.2935,0.2909,0.2319,0.2446
4/8/2021,19.48,0.3171,0.4812,0.3699,0.5386,0.4238,0.6247,0.3561,0.4192,0.2987,0.534,0.4537,0.4651,0.3481,0.2929,0.394,0.3389,0.4364,0.3997,0.4215,0.3503,0.3308,0.3997,0.3044,0.3859,0.2734,0.3699,0.5225,0.2998,0.3469,0.3481,0.3102,0.2723,0.3194,0.2998,0.3205,0.371,0.3228,0.3538,0.576,1.5517,0.3389,0.4594,0.3986,0.2861,0.3423,0.363,0.3595,0.3894
4/7/2021,19.7994,0.3755,0.3484,0.3484,0.5112,0.5053,0.6599,0.5631,0.4746,0.5631,0.3861,0.4145,0.3708,0.3224,0.3059,0.3389,0.3507,0.3153,0.3236,0.4027,0.3802,0.4027,0.3319,0.3767,0.3578,0.3083,0.3035,0.4782,0.3283,0.4251,0.3578,0.2929,0.2882,0.3401,0.2988,0.333,0.3248,0.4617,0.3307,0.5852,1.583,0.4121,0.3389,0.2941,0.4286,0.4463,0.313,0.3956,0.4015
4/6/2021,17.5183,0.3627,0.4103,0.397,0.4979,0.5122,0.3923,0.5722,0.4389,0.3685,0.3037,0.516,0.3999,0.3218,0.3723,0.3608,0.3942,0.2895,0.4027,0.3761,0.3494,0.2837,0.3094,0.299,0.3018,0.2837,0.3475,0.3618,0.2999,0.3161,0.3637,0.2942,0.239,0.2552,0.2542,0.2457,0.3247,0.3332,0.2942,0.3962,0.9433,0.3551,0.3989,0.3294,0.3066,0.3123,0.3675,0.3732,0.2904
4/5/2021,18.3397,0.3559,0.3455,0.3631,0.4489,0.633,0.5503,0.574,0.4407,0.2763,0.3735,0.4613,0.3362,0.3135,0.3869,0.3393,0.3611,0.3073,0.3176,0.3104,0.3373,0.3559,0.3673,0.4045,0.3362,0.3145,0.3218,0.4458,0.2794,0.3931,0.3094,0.2887,0.329,0.3021,0.2442,0.2752,0.3331,0.2897,0.3187,0.4454,1.11,0.4438,0.4469,0.3466,0.3559,0.4241,0.3848,0.3104,0.3311
4/4/2021,17.3817,0.4181,0.3412,0.3355,0.541,0.496,0.4641,0.4172,0.4894,0.4922,0.4134,0.511,0.3121,0.3158,0.2989,0.3496,0.2811,0.2999,0.3609,0.3937,0.3046,0.314,0.3637,0.3759,0.3646,0.2595,0.2661,0.3853,0.2633,0.4622,0.3018,0.2483,0.2361,0.2361,0.2352,0.2717,0.3027,0.3355,0.3674,0.3494,0.7851,0.3627,0.3477,0.2755,0.3243,0.3946,0.4134,0.3487,0.3552
4/3/2021,11.8615,0.2628,0.2551,0.2655,0.2601,0.2833,0.313,0.3072,0.2748,0.2713,0.2173,0.2729,0.2644,0.2327,0.2454,0.2145,0.2122,0.2138,0.259,0.247,0.2227,0.2269,0.2478,0.2304,0.2192,0.2443,0.2481,0.2157,0.2126,0.2636,0.2323,0.2176,0.23,0.1941,0.2265,0.2041,0.2223,0.2265,0.2246,0.2651,0.4999,0.247,0.2779,0.2173,0.2145,0.2296,0.2686,0.2389,0.2211
4/2/2021,10.128,0.2205,0.1984,0.1975,0.222,0.2282,0.2424,0.2501,0.2079,0.2045,0.2086,0.206,0.2105,0.2007,0.2088,0.2094,0.1973,0.2084,0.1984,0.206,0.2107,0.2086,0.1935,0.2222,0.1986,0.1909,0.2056,0.2003,0.1971,0.2233,0.2058,0.1875,0.2014,0.1935,0.1948,0.195,0.1967,0.219,0.2133,0.2263,0.3684,0.1986,0.2058,0.2069,0.2126,0.2073,0.2069,0.1992,0.2126
4/1/2021,11.223,0.2463,0.2414,0.2456,0.2898,0.2356,0.2424,0.2737,0.2753,0.2724,0.2318,0.2469,0.2247,0.2095,0.2034,0.2066,0.2305,0.2234,0.2092,0.2121,0.2337,0.2144,0.243,0.255,0.2173,0.2124,0.2215,0.2627,0.2079,0.2521,0.2111,0.1963,0.1995,0.2047,0.1944,0.2082,0.2186,0.2166,0.2237,0.2592,0.4799,0.2057,0.197,0.2231,0.2456,0.2247,0.2086,0.2395,0.226
3/31/2021,10.0365,0.2092,0.2196,0.197,0.2496,0.2713,0.2229,0.2308,0.2102,0.2375,0.205,0.2194,0.196,0.1954,0.2094,0.1903,0.2037,0.1909,0.2119,0.2149,0.1988,0.2074,0.1938,0.2064,0.219,0.1915,0.2098,0.1872,0.195,0.199,0.1942,0.1901,0.1976,0.1846,0.1958,0.1889,0.2019,0.2168,0.2009,0.2034,0.2909,0.221,0.2003,0.2164,0.2031,0.2033,0.2221,0.2045,0.2078
3/30/2021,12.8196,0.2741,0.277,0.2414,0.3484,0.3493,0.3556,0.2872,0.2732,0.3416,0.2419,0.2684,0.2717,0.2655,0.2231,0.2312,0.2496,0.2539,0.2621,0.2611,0.2756,0.2462,0.2693,0.2558,0.2259,0.2602,0.2279,0.2664,0.2317,0.3146,0.2659,0.238,0.2144,0.2341,0.2144,0.2298,0.2515,0.252,0.2419,0.2708,0.519,0.2385,0.2799,0.2717,0.2211,0.2409,0.2963,0.2269,0.2626
3/29/2021,14.9177,0.3202,0.3452,0.3493,0.4309,0.4309,0.4046,0.4219,0.4565,0.3777,0.3348,0.359,0.2988,0.2462,0.2787,0.2545,0.3161,0.3023,0.2829,0.3023,0.2677,0.2455,0.2531,0.3265,0.3223,0.2898,0.2988,0.2601,0.2414,0.3797,0.2621,0.2794,0.2697,0.2725,0.2435,0.2739,0.287,0.278,0.2794,0.2617,0.4881,0.314,0.2345,0.2933,0.3216,0.3092,0.2711,0.3147,0.2663
3/28/2021,20.2103,0.34,0.4646,0.3889,0.5867,0.7308,0.594,0.3987,0.3974,0.4475,0.5452,0.4219,0.3779,0.3144,0.3999,0.3303,0.4158,0.3755,0.3437,0.4206,0.4426,0.4109,0.3291,0.3803,0.4011,0.2973,0.3242,0.4133,0.3217,0.4902,0.395,0.3584,0.3596,0.2778,0.3034,0.3437,0.3608,0.3523,0.3474,0.5143,1.3429,0.4829,0.4621,0.4341,0.323,0.3352,0.4792,0.3083,0.3254
3/27/2021,21.1224,0.475,0.3438,0.4593,0.4842,0.6378,0.5853,0.4383,0.4488,0.5892,0.3688,0.5931,0.4659,0.3884,0.3976,0.3464,0.3346,0.3412,0.3871,0.4068,0.4016,0.332,0.4724,0.3635,0.4554,0.3031,0.4462,0.4029,0.3556,0.4409,0.3793,0.2546,0.2716,0.3609,0.3714,0.3701,0.3464,0.4252,0.475,0.4968,1.2839,0.5144,0.521,0.4777,0.4777,0.4121,0.3517,0.4567,0.4107
3/26/2021,22.0348,0.4095,0.5203,0.4361,0.7196,0.6453,0.6705,0.6424,0.5316,0.4516,0.5358,0.5849,0.4937,0.4165,0.3786,0.387,0.3856,0.5049,0.3674,0.5021,0.3632,0.3267,0.4053,0.5021,0.387,0.446,0.3154,0.4333,0.3533,0.4993,0.3646,0.2789,0.2775,0.3168,0.3884,0.3168,0.3716,0.3968,0.4053,0.5528,1.4732,0.3505,0.5582,0.4642,0.3618,0.4235,0.3393,0.3968,0.3828
3/25/2021,19.1609,0.4189,0.4513,0.3508,0.4256,0.6388,0.5874,0.5763,0.5696,0.4758,0.4993,0.5339,0.3776,0.3374,0.3888,0.2995,0.3988,0.362,0.3274,0.3843,0.3765,0.3843,0.4379,0.4524,0.391,0.3977,0.3709,0.4278,0.3173,0.3676,0.3977,0.2928,0.3162,0.2638,0.3419,0.2671,0.3229,0.3464,0.3642,0.3408,0.7559,0.3039,0.4446,0.3363,0.4156,0.4423,0.3028,0.2961,0.2827
3/24/2021,22.6733,0.5379,0.4763,0.4235,0.557,0.8666,0.4675,0.4513,0.6186,0.6039,0.5115,0.4337,0.4513,0.3838,0.4821,0.4777,0.4968,0.4014,0.3897,0.5071,0.3941,0.4,0.4396,0.5423,0.4733,0.4675,0.4014,0.5115,0.3325,0.6054,0.422,0.353,0.3706,0.3662,0.2958,0.3119,0.3589,0.4484,0.4777,0.4967,1.2835,0.4411,0.3721,0.4191,0.3956,0.5232,0.5144,0.3868,0.331
3/23/2021,22.1264,0.3969,0.4916,0.4026,0.7501,0.6992,0.719,0.5071,0.5269,0.6342,0.5523,0.5834,0.445,0.356,0.3786,0.3489,0.4873,0.4407,0.3814,0.4223,0.4209,0.4633,0.3941,0.3461,0.4577,0.3955,0.3461,0.6286,0.3206,0.5128,0.4139,0.2557,0.3404,0.3108,0.315,0.2938,0.3715,0.5128,0.3616,0.4557,1.1447,0.4238,0.5085,0.5142,0.3927,0.4464,0.4831,0.3404,0.4322
3/22/2021,25.9125,0.3924,0.5052,0.6539,0.6324,0.6736,0.4945,0.8061,0.6826,0.4192,0.6521,0.7506,0.6234,0.4121,0.5034,0.516,0.5769,0.5052,0.4318,0.4873,0.5464,0.541,0.3547,0.4282,0.5661,0.3816,0.4264,0.4407,0.3476,0.4389,0.4425,0.3565,0.4318,0.4013,0.4067,0.3404,0.4622,0.4443,0.5518,0.8196,2.3762,0.4497,0.3422,0.3762,0.5787,0.4282,0.4873,0.5733,0.4533
3/21/2021,27.9201,0.4396,0.4455,0.5571,0.8758,1.081,0.7941,0.9316,0.7045,0.5073,0.4993,0.9157,0.593,0.4635,0.5113,0.5989,0.5312,0.6368,0.4376,0.6507,0.5053,0.5372,0.583,0.6607,0.585,0.5173,0.4934,0.3957,0.4097,0.6846,0.5392,0.4296,0.3938,0.3758,0.3758,0.3679,0.4794,0.6069,0.5332,0.5315,1.4014,0.4356,0.7184,0.4137,0.5551,0.5551,0.7005,0.573,0.3878
3/20/2021,27.555,0.5558,0.6536,0.4659,0.7318,0.9528,0.6634,0.8824,0.6027,0.6888,0.6966,0.5108,0.46,0.5206,0.4717,0.3955,0.6047,0.5147,0.6438,0.5499,0.5167,0.5715,0.5675,0.7064,0.6399,0.4072,0.548,0.6907,0.4228,0.7631,0.5284,0.4131,0.4443,0.3446,0.4639,0.4385,0.5089,0.6106,0.4522,0.5097,1.3274,0.548,0.4522,0.4502,0.505,0.4717,0.6575,0.4737,0.5558
3/19/2021,27.0074,0.6913,0.6038,0.6913,0.8338,0.9935,0.8794,0.6,0.9479,0.7559,0.4575,0.6019,0.6495,0.4252,0.5772,0.5734,0.5582,0.3948,0.5639,0.4746,0.6266,0.4575,0.5639,0.5012,0.4176,0.4442,0.4499,0.6666,0.3738,0.7217,0.4993,0.3016,0.3358,0.4613,0.3567,0.4708,0.4936,0.5487,0.3948,0.4303,1.0587,0.448,0.5639,0.5962,0.3586,0.6362,0.6,0.4765,0.4803
3/18/2021,19.9365,0.4436,0.4245,0.4949,0.5152,0.6465,0.4627,0.6143,0.4197,0.5904,0.5737,0.3875,0.4794,0.403,0.3887,0.4185,0.3624,0.4543,0.335,0.3672,0.4066,0.3696,0.3732,0.323,0.4866,0.3171,0.3218,0.514,0.3314,0.335,0.3648,0.3469,0.2717,0.3039,0.3171,0.2848,0.3708,0.3624,0.4221,0.3722,0.8623,0.4126,0.4484,0.3409,0.3159,0.409,0.3517,0.4102,0.409
3/17/2021,20.7118,0.4527,0.4451,0.3764,0.5849,0.679,0.473,0.6815,0.4438,0.3484,0.4425,0.4247,0.5035,0.4196,0.3929,0.3218,0.4069,0.3891,0.4463,0.4018,0.3701,0.3434,0.3701,0.3484,0.3942,0.3065,0.3675,0.5404,0.337,0.3637,0.3701,0.3408,0.3421,0.3662,0.304,0.3395,0.3764,0.4578,0.3904,0.5291,1.3932,0.3459,0.3993,0.2951,0.3701,0.4336,0.4984,0.3662,0.4184
3/16/2021,20.4834,0.4064,0.3776,0.3789,0.47,0.686,0.6548,0.6098,0.4476,0.4351,0.3302,0.4251,0.4525,0.3127,0.4113,0.3714,0.3826,0.3751,0.3315,0.3439,0.4675,0.3477,0.4176,0.465,0.4763,0.289,0.3527,0.3389,0.3002,0.5262,0.3876,0.3414,0.3364,0.3539,0.3439,0.3564,0.3539,0.3826,0.3502,0.4739,1.2064,0.5062,0.4613,0.4039,0.3514,0.3964,0.4363,0.4513,0.4064
3/15/2021,27.0076,0.4119,0.6266,0.6209,0.7369,0.9061,0.6628,0.5449,0.8509,0.6533,0.7844,0.4822,0.6856,0.5259,0.5259,0.5069,0.4081,0.5183,0.4689,0.5373,0.4803,0.4328,0.37,0.5487,0.5715,0.5316,0.4936,0.3777,0.4043,0.429,0.4575,0.2883,0.3206,0.3796,0.4689,0.4613,0.4803,0.4081,0.5145,0.8495,2.4775,0.5164,0.6114,0.351,0.4765,0.4138,0.3757,0.5563,0.5031
3/14/2021,23.2209,0.5335,0.5441,0.5792,0.7329,0.7146,0.5472,0.8105,0.7268,0.707,0.4802,0.3782,0.5228,0.4741,0.3402,0.4148,0.4087,0.5076,0.5076,0.5183,0.398,0.5061,0.3569,0.4376,0.3295,0.4711,0.4696,0.4863,0.36,0.4467,0.4772,0.3661,0.3006,0.29,0.325,0.3767,0.433,0.4132,0.5244,0.4222,1.0314,0.4361,0.3965,0.5015,0.4193,0.4894,0.4574,0.433,0.4178
3/13/2021,24.9089,0.4474,0.4254,0.5505,0.6553,0.5302,0.4812,0.4507,0.7822,0.5826,0.7314,0.4085,0.4474,0.5133,0.3831,0.4457,0.5234,0.4203,0.5894,0.5776,0.4676,0.5454,0.356,0.6367,0.5606,0.5048,0.4288,0.422,0.3662,0.3966,0.4524,0.3459,0.3188,0.3476,0.3358,0.3425,0.4389,0.466,0.5657,0.8127,2.3529,0.4913,0.471,0.3341,0.4913,0.3814,0.537,0.4051,0.3882
3/12/2021,22.3997,0.5511,0.3697,0.5497,0.6419,0.6966,0.4561,0.567,0.77,0.4503,0.3899,0.3927,0.4993,0.3366,0.3481,0.4215,0.3668,0.4921,0.5252,0.4259,0.4935,0.4561,0.4187,0.4201,0.3251,0.4187,0.3827,0.5972,0.3207,0.4359,0.4316,0.3625,0.3121,0.3164,0.3395,0.3006,0.4014,0.4043,0.3899,0.6002,1.6339,0.4763,0.3279,0.4633,0.4791,0.4043,0.4575,0.338,0.4417
3/11/2021,22.856,0.3687,0.5039,0.544,0.7357,0.6718,0.6079,0.7624,0.6851,0.6391,0.6227,0.6985,0.391,0.4682,0.4222,0.44,0.3791,0.3732,0.5084,0.4088,0.4073,0.5024,0.3865,0.5009,0.4207,0.4564,0.4786,0.5514,0.3197,0.6435,0.4296,0.3316,0.3732,0.4029,0.3019,0.3851,0.4311,0.3286,0.4757,0.3459,0.7733,0.4489,0.4296,0.4772,0.4296,0.5202,0.3449,0.3851,0.3435
3/10/2021,24.2704,0.4937,0.4384,0.4595,0.7914,0.7605,0.6385,0.8077,0.7752,0.4189,0.7133,0.6824,0.414,0.4514,0.4547,0.523,0.4595,0.5067,0.5197,0.4498,0.4888,0.5165,0.5165,0.5767,0.5441,0.4547,0.4807,0.645,0.3587,0.6239,0.5149,0.3766,0.3326,0.3814,0.3928,0.3538,0.4254,0.5685,0.4172,0.3344,0.7343,0.4433,0.5035,0.3749,0.5051,0.4205,0.4384,0.4498,0.3391
3/9/2021,28.6954,0.6799,0.6758,0.4357,0.92,0.7006,0.6613,0.7834,0.9448,0.4523,0.5806,0.6199,0.4481,0.5826,0.5847,0.4357,0.4874,0.533,0.5537,0.5951,0.4854,0.4543,0.4398,0.7441,0.7068,0.3798,0.4336,0.5682,0.4523,0.5578,0.5454,0.4088,0.3653,0.4916,0.4357,0.3922,0.4626,0.5764,0.6406,0.8413,2.4495,0.7172,0.4461,0.6592,0.6033,0.475,0.4047,0.4398,0.444
3/8/2021,26.8249,0.594,0.4377,0.4302,0.7728,0.9366,0.7615,0.5469,0.7785,0.4189,0.7164,0.8425,0.4829,0.3907,0.4622,0.5281,0.5563,0.53,0.5469,0.4792,0.5093,0.4208,0.5413,0.4095,0.5827,0.4905,0.5563,0.5262,0.3926,0.6222,0.449,0.3191,0.3022,0.434,0.3888,0.3643,0.4698,0.4152,0.498,0.6923,1.9453,0.6787,0.6298,0.5149,0.3888,0.4359,0.6787,0.5601,0.3963
3/7/2021,29.4707,0.5059,0.6669,0.4887,0.7893,0.7421,0.9632,0.8258,0.7314,0.7657,0.6755,0.8709,0.6669,0.5209,0.5531,0.6197,0.6197,0.5746,0.7056,0.5789,0.5896,0.4887,0.4844,0.6884,0.5725,0.5317,0.5961,0.3986,0.4136,0.4694,0.6111,0.3621,0.405,0.3298,0.4222,0.3878,0.478,0.4071,0.6476,0.8313,2.4157,0.6755,0.3749,0.4372,0.536,0.5489,0.6455,0.4286,0.4286
3/6/2021,27.5549,0.6086,0.5402,0.5812,0.6125,1.162,0.6477,0.5187,0.5558,0.6829,0.7924,0.7435,0.5441,0.5363,0.4541,0.4052,0.3955,0.4131,0.4483,0.4971,0.4659,0.4795,0.636,0.5128,0.6379,0.3485,0.3896,0.6379,0.4131,0.6986,0.4776,0.3407,0.4698,0.3876,0.3407,0.4619,0.4854,0.4776,0.46,0.7434,2.1184,0.6731,0.7123,0.4443,0.5969,0.417,0.4835,0.5773,0.5284
3/5/2021,25.1374,0.4803,0.4426,0.4888,0.8144,0.7168,0.4786,0.6294,0.8864,0.6859,0.5026,0.6808,0.3894,0.4083,0.398,0.47,0.4717,0.5283,0.4323,0.5694,0.5608,0.4083,0.506,0.5111,0.53,0.3877,0.5454,0.3449,0.3535,0.4803,0.4134,0.3312,0.4409,0.3963,0.4237,0.3072,0.4443,0.4426,0.3877,0.5967,1.6218,0.6174,0.6534,0.5574,0.4837,0.4666,0.4614,0.5043,0.4854
3/4/2021,23.1297,0.4677,0.3906,0.3785,0.7204,0.7885,0.5858,0.7749,0.672,0.5888,0.5131,0.5858,0.4541,0.4783,0.4677,0.3679,0.377,0.5268,0.3739,0.4496,0.5328,0.3452,0.4118,0.5827,0.4224,0.4103,0.3225,0.4556,0.318,0.5706,0.4541,0.3422,0.3573,0.3074,0.3316,0.3694,0.3694,0.492,0.4511,0.5573,1.4887,0.4647,0.4269,0.318,0.3845,0.5298,0.3482,0.383,0.4208
3/3/2021,19.48,0.394,0.4583,0.3928,0.5868,0.6419,0.5742,0.4376,0.3848,0.5283,0.5593,0.487,0.4801,0.3354,0.3423,0.3664,0.4181,0.4043,0.3079,0.3354,0.3653,0.3423,0.41,0.4674,0.3113,0.3136,0.3182,0.3917,0.3136,0.3664,0.41,0.2551,0.3216,0.2734,0.3412,0.2757,0.3699,0.4089,0.3423,0.4097,0.989,0.4445,0.4548,0.2929,0.4009,0.3779,0.3297,0.4342,0.3136
3/2/2021,16.6516,0.3951,0.3899,0.3137,0.4262,0.4799,0.4366,0.3155,0.4202,0.338,0.2912,0.3466,0.2895,0.2618,0.2964,0.331,0.2956,0.3458,0.3449,0.3137,0.338,0.312,0.2575,0.325,0.3708,0.325,0.28,0.3034,0.2861,0.3752,0.2982,0.2644,0.3111,0.2956,0.2385,0.2852,0.3068,0.3146,0.3613,0.4358,1.0776,0.3561,0.338,0.3786,0.3492,0.3804,0.2731,0.2869,0.2956
3/1/2021,25.5017,0.6025,0.473,0.4117,0.8878,0.8492,0.5745,0.8072,0.816,0.3679,0.767,0.7477,0.4117,0.5062,0.4204,0.4625,0.4362,0.3889,0.4117,0.501,0.508,0.4432,0.5832,0.5955,0.5185,0.4309,0.3452,0.7442,0.3977,0.6322,0.4537,0.4257,0.4327,0.2944,0.4414,0.4064,0.4449,0.4992,0.4204,0.486,1.2474,0.6357,0.4642,0.5272,0.3329,0.5657,0.3609,0.5325,0.4887
2/28/2021,26.3691,0.5451,0.6645,0.3834,0.8775,0.9584,0.8059,0.8114,0.5047,0.5781,0.6112,0.5598,0.5083,0.5157,0.411,0.5469,0.4018,0.4422,0.4385,0.6002,0.5396,0.3871,0.3871,0.6038,0.4,0.4569,0.4771,0.4569,0.3522,0.5506,0.5451,0.3687,0.3761,0.3742,0.3797,0.4,0.4477,0.4991,0.3834,0.6544,1.8171,0.5598,0.5138,0.3724,0.6112,0.6259,0.6516,0.5396,0.4734
2/27/2021,22.3085,0.4071,0.4099,0.5559,0.5959,0.6546,0.4657,0.7433,0.5301,0.4671,0.5358,0.7047,0.5373,0.4271,0.377,0.4586,0.4414,0.3613,0.5058,0.397,0.3727,0.4857,0.3312,0.3784,0.49,0.397,0.46,0.5945,0.3698,0.6117,0.3927,0.377,0.347,0.3369,0.3842,0.294,0.3985,0.4285,0.3555,0.4297,1.0569,0.3598,0.4872,0.3713,0.47,0.4113,0.533,0.4271,0.3813
2/26/2021,24.1334,0.4764,0.42,0.4619,0.5426,0.6119,0.7814,0.6878,0.5974,0.3619,0.4232,0.7975,0.4038,0.4506,0.3812,0.3958,0.4087,0.5345,0.4313,0.4619,0.4264,0.4087,0.5216,0.5022,0.4555,0.4329,0.4087,0.6087,0.378,0.6249,0.4409,0.3619,0.2844,0.4022,0.3716,0.3699,0.3764,0.4651,0.5087,0.6631,1.8466,0.5877,0.3603,0.449,0.4845,0.4926,0.4296,0.4393,0.4022
2/25/2021,21.5788,0.5333,0.3961,0.5306,0.5713,0.5088,0.5998,0.6745,0.6664,0.6025,0.4437,0.6311,0.3337,0.3663,0.4029,0.3989,0.4138,0.4912,0.3853,0.4586,0.4057,0.4559,0.46,0.3771,0.5129,0.4097,0.4437,0.4803,0.3608,0.4315,0.3826,0.2658,0.3636,0.3242,0.3663,0.3812,0.3554,0.3812,0.3337,0.3633,0.8322,0.3894,0.479,0.4396,0.441,0.4803,0.4749,0.4586,0.3201
2/24/2021,23.2666,0.446,0.4094,0.4491,0.6277,0.5804,0.7193,0.6125,0.5025,0.3865,0.4949,0.6476,0.4048,0.4002,0.4659,0.4186,0.4934,0.3621,0.3789,0.4522,0.4399,0.4125,0.5117,0.5346,0.3728,0.4094,0.5041,0.4964,0.3544,0.5346,0.3972,0.2705,0.3361,0.3636,0.2903,0.3606,0.385,0.4216,0.3529,0.728,2.0663,0.4903,0.5621,0.3193,0.3529,0.4903,0.5483,0.3438,0.3651
2/23/2021,26.3232,0.5496,0.502,0.4635,0.8941,1.0627,0.5918,0.4598,0.698,0.5606,0.5533,0.7603,0.5093,0.5368,0.546,0.4159,0.5716,0.4837,0.3939,0.5734,0.4342,0.4525,0.4232,0.4525,0.5496,0.4782,0.5075,0.5368,0.3719,0.5624,0.5203,0.4415,0.3737,0.3206,0.3371,0.3462,0.4507,0.4543,0.4855,0.6603,1.837,0.5166,0.6596,0.6009,0.4049,0.502,0.6596,0.4763,0.381
2/22/2021,23.5403,0.5474,0.5629,0.4044,0.7572,0.8038,0.7603,0.5179,0.608,0.3936,0.3904,0.7541,0.549,0.3469,0.4604,0.4184,0.4029,0.4961,0.4666,0.4464,0.5365,0.4479,0.4262,0.5101,0.5365,0.4231,0.4215,0.3438,0.3532,0.6406,0.4619,0.2879,0.3609,0.406,0.3749,0.3159,0.434,0.4511,0.4091,0.4315,1.0627,0.5132,0.3998,0.5241,0.5396,0.3936,0.5692,0.3594,0.5194
2/21/2021,18.7961,0.3977,0.3243,0.4441,0.5251,0.4063,0.4895,0.4657,0.5478,0.2811,0.3599,0.4474,0.3372,0.3437,0.2897,0.3275,0.3837,0.3826,0.2995,0.4171,0.3718,0.3405,0.2725,0.3783,0.3966,0.3254,0.2962,0.4841,0.2984,0.3502,0.3977,0.2584,0.3081,0.2768,0.334,0.3351,0.3038,0.3955,0.3718,0.5316,1.4017,0.3988,0.3912,0.3567,0.3999,0.4085,0.3318,0.3049,0.3059
2/20/2021,18.6587,0.3052,0.334,0.3393,0.4214,0.625,0.5984,0.4864,0.4449,0.5365,0.3404,0.5014,0.3777,0.3436,0.3116,0.383,0.3852,0.3202,0.3489,0.4022,0.3585,0.3116,0.4001,0.2924,0.3884,0.3756,0.3596,0.4257,0.2765,0.4246,0.3681,0.286,0.3393,0.2828,0.2573,0.3244,0.3564,0.414,0.3489,0.3974,0.9475,0.3639,0.2924,0.4001,0.318,0.4118,0.4513,0.383,0.2978
2/19/2021,20.8027,0.3805,0.4227,0.3805,0.5994,0.4471,0.5047,0.5981,0.6775,0.488,0.5136,0.6519,0.3177,0.3216,0.433,0.3433,0.4624,0.3651,0.4138,0.4163,0.3971,0.319,0.3369,0.5239,0.5008,0.4227,0.4138,0.2947,0.3485,0.602,0.3958,0.3459,0.3638,0.3562,0.3177,0.2973,0.3702,0.3664,0.3779,0.506,1.315,0.3177,0.351,0.351,0.4611,0.3792,0.3446,0.3395,0.3498
2/18/2021,19.5715,0.4155,0.4398,0.3252,0.5462,0.6179,0.515,0.5647,0.6538,0.346,0.4074,0.611,0.3912,0.3645,0.4131,0.3345,0.3969,0.3726,0.346,0.4062,0.4143,0.39,0.2778,0.4097,0.4467,0.309,0.3206,0.4097,0.3032,0.4641,0.3865,0.265,0.2558,0.2673,0.2731,0.2685,0.3715,0.3923,0.3541,0.3855,0.9071,0.4467,0.3102,0.3761,0.4351,0.4571,0.3333,0.4409,0.4328
2/17/2021,19.6169,0.4571,0.478,0.334,0.4803,0.4222,0.5942,0.5791,0.5558,0.3758,0.4664,0.4919,0.406,0.3758,0.3188,0.3328,0.4153,0.3827,0.3212,0.3955,0.3595,0.3804,0.4188,0.3746,0.2863,0.3363,0.3583,0.4037,0.32,0.5175,0.3897,0.2701,0.356,0.2852,0.2863,0.3061,0.3177,0.3351,0.3665,0.4862,1.2481,0.4617,0.3374,0.3955,0.3932,0.3897,0.3316,0.356,0.3665
2/16/2021,23.358,0.5429,0.5598,0.4708,0.6781,0.5952,0.7288,0.8301,0.6489,0.5675,0.5383,0.5875,0.4784,0.397,0.3525,0.4677,0.4016,0.5199,0.4938,0.4201,0.4216,0.3986,0.4677,0.5061,0.4093,0.4201,0.4953,0.4493,0.3202,0.4308,0.3909,0.3679,0.3817,0.331,0.3356,0.3494,0.3755,0.4938,0.4677,0.5461,1.4505,0.4278,0.3371,0.3402,0.3172,0.4938,0.5199,0.4354,0.3986
2/15/2021,22.9014,0.5109,0.414,0.4021,0.5452,0.5094,0.578,0.6137,0.6659,0.5094,0.5631,0.3768,0.3857,0.338,0.3485,0.35,0.3574,0.4051,0.5213,0.5034,0.4453,0.4692,0.5049,0.5645,0.4006,0.3976,0.341,0.4334,0.3202,0.5228,0.414,0.3589,0.2784,0.3857,0.3872,0.3053,0.3976,0.4587,0.4543,0.7462,2.1279,0.5243,0.3976,0.3738,0.3276,0.499,0.3693,0.4587,0.3395
2/14/2021,23.9051,0.472,0.3909,0.4355,0.5579,0.8442,0.4673,0.7743,0.8331,0.7154,0.5182,0.6454,0.5404,0.4736,0.348,0.4657,0.5341,0.5277,0.4132,0.4307,0.5532,0.5229,0.488,0.472,0.4084,0.383,0.4561,0.3607,0.3591,0.6311,0.4864,0.4037,0.2812,0.3543,0.3464,0.3098,0.4132,0.4768,0.445,0.4163,1.0113,0.5055,0.5484,0.3305,0.3925,0.5595,0.5897,0.55,0.4625
2/13/2021,21.7611,0.4281,0.3868,0.5368,0.5836,0.8616,0.7006,0.4708,0.5933,0.4557,0.6359,0.4405,0.4433,0.4336,0.4557,0.4832,0.3896,0.479,0.5107,0.3868,0.4749,0.4171,0.402,0.4845,0.4873,0.3538,0.3992,0.4089,0.3318,0.6249,0.3635,0.3001,0.38,0.3758,0.3827,0.3882,0.3497,0.457,0.4735,0.2232,0.3579,0.4364,0.5671,0.4268,0.4598,0.4185,0.53,0.3676,0.4433
2/12/2021,22.537,0.4051,0.5068,0.4879,0.5708,0.7816,0.7089,0.5911,0.7263,0.6711,0.4894,0.6188,0.3789,0.3455,0.3789,0.4545,0.3484,0.44,0.533,0.424,0.3949,0.3615,0.3571,0.4589,0.4429,0.4196,0.3571,0.4443,0.3353,0.5126,0.3978,0.2771,0.3978,0.2917,0.328,0.3149,0.3862,0.3978,0.36,0.5185,1.3572,0.392,0.5185,0.3818,0.3484,0.4894,0.5388,0.5141,0.3818
2/11/2021,23.5862,0.4114,0.3755,0.3724,0.734,0.5002,0.8088,0.5735,0.7122,0.6358,0.4612,0.3927,0.5174,0.4612,0.4799,0.3693,0.3568,0.4098,0.4176,0.4036,0.4706,0.5142,0.335,0.4223,0.3584,0.3615,0.4534,0.3662,0.3849,0.6763,0.388,0.2976,0.3599,0.3631,0.3054,0.3849,0.4067,0.5064,0.4207,0.8116,2.349,0.3521,0.4223,0.3288,0.4316,0.5283,0.4192,0.374,0.4005
2/10/2021,26.6425,0.5321,0.6421,0.4948,0.7912,1.0932,0.9142,0.8042,0.5432,0.6365,0.5954,0.7297,0.4892,0.4295,0.4873,0.5824,0.601,0.5824,0.4724,0.4463,0.6197,0.4836,0.3978,0.5656,0.6383,0.4426,0.4631,0.3866,0.3848,0.5824,0.4743,0.3811,0.3065,0.3531,0.3717,0.4277,0.4668,0.5041,0.5619,0.5371,1.42,0.547,0.5954,0.4183,0.5432,0.5302,0.4053,0.5917,0.3755
2/9/2021,25.8213,0.5605,0.4768,0.4233,0.8171,0.8171,0.8082,0.5587,0.769,0.6853,0.5801,0.6193,0.6211,0.4875,0.4144,0.3948,0.4358,0.3983,0.3983,0.5908,0.4251,0.491,0.4322,0.4678,0.3538,0.4465,0.3645,0.5641,0.4215,0.5071,0.516,0.3395,0.3912,0.3502,0.3449,0.4073,0.4696,0.557,0.4197,0.7752,2.226,0.4447,0.4269,0.4393,0.4768,0.4162,0.6175,0.4055,0.4678
2/8/2021,27.1445,0.6855,0.6261,0.5917,0.9305,0.831,0.6951,0.8386,0.697,0.5534,0.5764,0.5725,0.4041,0.4213,0.4921,0.6146,0.6146,0.5266,0.4385,0.6108,0.4347,0.45,0.6223,0.6989,0.4309,0.4691,0.5764,0.5419,0.427,0.7487,0.5304,0.4021,0.4711,0.3658,0.3811,0.3983,0.4787,0.4806,0.6012,0.4684,1.1878,0.6606,0.4462,0.607,0.3543,0.4443,0.6357,0.5036,0.607
2/7/2021,29.2887,0.5775,0.5946,0.6329,0.7798,0.7095,0.9863,0.9927,0.7713,0.6244,0.618,0.4541,0.5137,0.4711,0.5073,0.4817,0.5392,0.5669,0.4604,0.5648,0.5711,0.5158,0.6414,0.4754,0.552,0.4817,0.5733,0.4477,0.3881,0.7564,0.5243,0.3881,0.4775,0.3945,0.3817,0.4647,0.5328,0.6882,0.6222,0.7785,2.2372,0.5137,0.5477,0.5626,0.6584,0.4668,0.7393,0.6499,0.4115
2/6/2021,23.8598,0.5885,0.5552,0.5552,0.6234,0.6789,0.8011,0.5806,0.8344,0.6599,0.5711,0.5774,0.5981,0.3427,0.3459,0.3681,0.4807,0.4537,0.4426,0.403,0.4284,0.3855,0.4823,0.4617,0.5378,0.311,0.4632,0.6694,0.3871,0.7107,0.4395,0.4141,0.2809,0.3792,0.3316,0.3205,0.4061,0.4046,0.4981,0.4637,1.1717,0.3681,0.4363,0.3284,0.3792,0.4363,0.5362,0.4664,0.5013
2/5/2021,25.7759,0.5062,0.4546,0.3622,0.8066,0.5844,0.6164,0.6839,0.739,0.6146,0.5044,0.6431,0.412,0.4511,0.4582,0.5062,0.4813,0.4066,0.5009,0.5631,0.5631,0.4191,0.4173,0.5488,0.4635,0.3906,0.4049,0.7337,0.3658,0.5755,0.4369,0.3729,0.4475,0.3995,0.3835,0.4475,0.4617,0.428,0.5115,0.7295,2.0712,0.508,0.6662,0.5755,0.4244,0.4297,0.3764,0.3818,0.5471
2/4/2021,20.8032,0.4202,0.465,0.4727,0.6045,0.5712,0.6455,0.6033,0.6225,0.3241,0.5969,0.3677,0.3318,0.3254,0.3152,0.3638,0.36,0.4586,0.4317,0.3728,0.3626,0.4317,0.3843,0.351,0.4496,0.383,0.3152,0.3702,0.3049,0.5431,0.3357,0.2473,0.3536,0.319,0.3421,0.3459,0.3664,0.4176,0.3062,0.5078,1.321,0.4202,0.4611,0.424,0.4471,0.4727,0.4867,0.3152,0.3651
2/3/2021,21.533,0.4685,0.3805,0.4996,0.7188,0.5334,0.6078,0.5469,0.6958,0.371,0.463,0.3494,0.4306,0.417,0.4279,0.3642,0.4793,0.3615,0.3494,0.4224,0.4279,0.4224,0.302,0.4644,0.4062,0.436,0.4265,0.3683,0.3115,0.551,0.4454,0.3873,0.3561,0.3764,0.3372,0.3074,0.3764,0.4048,0.3751,0.5195,1.3607,0.4644,0.4793,0.3818,0.3385,0.3467,0.4211,0.4712,0.3805
2/2/2021,19.8451,0.4521,0.3278,0.3266,0.4817,0.7163,0.4071,0.5066,0.554,0.3017,0.4782,0.5765,0.4427,0.3455,0.3254,0.4012,0.3384,0.3657,0.3704,0.3894,0.4261,0.3064,0.4142,0.342,0.4652,0.3621,0.3254,0.3041,0.3147,0.5185,0.3396,0.3597,0.3361,0.3088,0.2638,0.3289,0.3633,0.3301,0.3716,0.5611,1.5016,0.3313,0.4616,0.3574,0.3526,0.3207,0.31,0.4509,0.31
2/1/2021,24.9546,0.538,0.5431,0.4278,0.8601,0.7007,0.7262,0.8092,0.4769,0.7669,0.4651,0.7855,0.5685,0.4159,0.3566,0.365,0.4396,0.5685,0.3922,0.5498,0.4668,0.5464,0.3294,0.3972,0.5787,0.4176,0.499,0.3362,0.3464,0.5583,0.5108,0.3142,0.4176,0.3701,0.4142,0.3566,0.4685,0.5159,0.3583,0.6052,1.6508,0.4091,0.4803,0.4769,0.5414,0.5024,0.3786,0.4362,0.5159
1/31/2021,25.6843,0.416,0.6105,0.5062,0.8086,0.9289,0.729,0.7609,0.8882,0.7821,0.6459,0.6742,0.4355,0.4019,0.4938,0.4602,0.4514,0.4036,0.4868,0.5823,0.5681,0.3895,0.4779,0.4089,0.3612,0.4602,0.4991,0.5522,0.4143,0.4956,0.4655,0.3753,0.37,0.3382,0.4019,0.3877,0.462,0.4107,0.4355,0.5406,1.4321,0.6105,0.5575,0.3665,0.4213,0.4779,0.5522,0.5257,0.4602
1/30/2021,24.9545,0.6295,0.4973,0.4803,0.5532,0.6295,0.482,0.9025,0.5634,0.3735,0.6923,0.6143,0.5566,0.4006,0.3667,0.5312,0.5532,0.5041,0.4227,0.4718,0.4718,0.3718,0.3515,0.6278,0.4668,0.3803,0.3956,0.4193,0.3922,0.3837,0.4566,0.3599,0.3176,0.4091,0.382,0.3633,0.4617,0.5414,0.5176,0.6907,1.94,0.482,0.6024,0.4057,0.5329,0.5414,0.5617,0.4922,0.4108
1/29/2021,21.7608,0.4859,0.4942,0.4405,0.6579,0.6621,0.6745,0.4942,0.4914,0.3717,0.4309,0.6593,0.3648,0.4391,0.3208,0.4405,0.4804,0.3579,0.4901,0.3896,0.3979,0.3373,0.3593,0.3401,0.3827,0.3359,0.3538,0.3373,0.3084,0.5781,0.3923,0.318,0.3882,0.3497,0.3194,0.3827,0.3951,0.4914,0.3112,0.608,1.6601,0.4804,0.3222,0.4102,0.4529,0.3538,0.413,0.479,0.3566
1/28/2021,18.2482,0.428,0.3194,0.43,0.4331,0.6401,0.5305,0.344,0.3645,0.5325,0.3757,0.4198,0.2804,0.3634,0.3153,0.4024,0.2927,0.3911,0.3091,0.4065,0.3163,0.2968,0.2763,0.344,0.4341,0.2579,0.3306,0.468,0.3112,0.4874,0.3552,0.3009,0.2794,0.2948,0.2425,0.2558,0.3306,0.3993,0.4096,0.4252,1.0416,0.345,0.3686,0.3132,0.3419,0.3265,0.386,0.3327,0.3983
1/27/2021,21.3962,0.3971,0.4105,0.389,0.5511,0.6717,0.6262,0.7025,0.5833,0.5605,0.5203,0.5324,0.5016,0.3944,0.3864,0.389,0.4708,0.4132,0.4359,0.4547,0.4279,0.3944,0.3221,0.4761,0.4587,0.4199,0.3984,0.4386,0.3435,0.5096,0.4306,0.3261,0.2765,0.3756,0.3716,0.3475,0.3368,0.4507,0.3917,0.3314,0.724,0.4815,0.5444,0.3435,0.4212,0.3689,0.5163,0.4359,0.3422
1/26/2021,27.327,0.6382,0.4566,0.5455,0.8122,1.0364,0.8296,0.9765,0.6711,0.8528,0.8141,0.6634,0.445,0.472,0.3793,0.53,0.5919,0.5706,0.5146,0.4933,0.5977,0.4662,0.4778,0.501,0.5126,0.5493,0.559,0.7117,0.4198,0.4836,0.5745,0.358,0.4411,0.4643,0.4469,0.4198,0.4624,0.4933,0.5764,0.5603,1.4989,0.4179,0.3967,0.3851,0.3483,0.4546,0.559,0.4063,0.4914
1/25/2021,28.4672,0.6456,0.5085,0.4941,0.9854,0.6129,0.926,0.5985,0.9485,0.6968,0.7193,0.9137,0.3898,0.4041,0.4368,0.5924,0.6149,0.619,0.4798,0.5903,0.4512,0.6108,0.4266,0.4982,0.6886,0.4082,0.5862,0.5064,0.4307,0.8503,0.4737,0.4409,0.4798,0.4409,0.4286,0.3672,0.443,0.4123,0.5822,0.7512,2.1447,0.4839,0.5678,0.5678,0.5044,0.4675,0.4573,0.4368,0.3836
1/24/2021,27.1442,0.4328,0.4538,0.5821,0.6146,0.7219,0.7697,0.6874,0.852,0.6587,0.7793,0.8291,0.4117,0.5476,0.5649,0.5859,0.4979,0.5017,0.3945,0.4902,0.6012,0.5438,0.3543,0.6338,0.3926,0.4519,0.5821,0.4175,0.383,0.4864,0.5476,0.4021,0.3811,0.3753,0.3696,0.4557,0.4289,0.6108,0.4596,0.5999,1.6326,0.6836,0.6759,0.628,0.5955,0.517,0.5208,0.6089,0.4289
1/23/2021,29.2885,0.5456,0.4647,0.437,0.6925,1.2013,0.7862,1.0927,0.7478,0.4796,0.8969,0.4434,0.5669,0.4519,0.3987,0.5754,0.5584,0.6116,0.4647,0.6308,0.5967,0.5967,0.503,0.5137,0.6286,0.3817,0.3902,0.7266,0.42,0.652,0.6116,0.3178,0.4498,0.3647,0.4668,0.4115,0.4413,0.5541,0.3945,0.8892,2.6118,0.4839,0.7904,0.5711,0.5052,0.437,0.6265,0.4285,0.4775
1/22/2021,24.3159,0.5175,0.4391,0.5958,0.6349,0.7704,0.5729,0.5142,0.4979,0.6953,0.4701,0.6333,0.6088,0.462,0.382,0.3935,0.4212,0.5175,0.5109,0.4881,0.4212,0.3706,0.5305,0.5207,0.4962,0.4783,0.4375,0.5599,0.3641,0.4555,0.4522,0.4163,0.3347,0.382,0.3739,0.3478,0.3902,0.5517,0.4718,0.6014,1.6377,0.5191,0.3331,0.4962,0.3771,0.4669,0.4326,0.4832,0.4881
1/21/2021,23.8141,0.4149,0.5399,0.4861,0.6332,0.5494,0.7976,0.6158,0.4561,0.4244,0.4181,0.5873,0.4339,0.4482,0.4308,0.4782,0.4213,0.5304,0.3738,0.407,0.4782,0.3976,0.5288,0.426,0.4181,0.3311,0.5114,0.5193,0.3912,0.4276,0.4861,0.3359,0.3375,0.3201,0.4181,0.3454,0.4323,0.4197,0.5478,0.6529,1.8121,0.581,0.3786,0.5415,0.4798,0.5272,0.3454,0.4893,0.4877
1/20/2021,23.5402,0.5769,0.4495,0.4495,0.7634,0.7323,0.5738,0.5319,0.7852,0.4744,0.521,0.4277,0.4728,0.3936,0.4402,0.4992,0.5179,0.4044,0.3625,0.4868,0.4464,0.4619,0.3702,0.5443,0.3656,0.3454,0.3904,0.3796,0.3842,0.5303,0.493,0.3687,0.3112,0.2941,0.3112,0.3578,0.3904,0.4852,0.5054,0.6449,1.7849,0.392,0.4666,0.4029,0.3252,0.5443,0.4681,0.5334,0.3796
1/19/2021,29.1518,0.5622,0.6257,0.4205,0.6701,1.1587,0.7547,1.0847,0.7293,0.6193,0.632,0.6341,0.5453,0.5622,0.5939,0.6616,0.6024,0.5812,0.5707,0.6658,0.5685,0.6405,0.4226,0.6468,0.5347,0.5051,0.4395,0.6066,0.3803,0.5432,0.4861,0.3105,0.5072,0.4522,0.3253,0.4416,0.4586,0.4226,0.6553,0.6704,1.8712,0.5009,0.6341,0.6722,0.448,0.5685,0.6743,0.6278,0.4628
1/18/2021,28.8323,0.6833,0.4437,0.4604,0.9395,0.7541,0.5958,0.6271,0.7416,0.8812,0.4833,0.6916,0.7375,0.4854,0.525,0.4208,0.5437,0.4833,0.5021,0.6708,0.5021,0.425,0.6541,0.5167,0.6479,0.375,0.5458,0.8229,0.4667,0.8729,0.4792,0.3437,0.3854,0.4542,0.4792,0.4187,0.4917,0.55,0.4125,0.8186,2.3729,0.5375,0.5625,0.5416,0.4708,0.575,0.3958,0.5937,0.45
1/17/2021,24.2246,0.3646,0.4847,0.4019,0.814,0.8075,0.5739,0.4311,0.5041,0.4409,0.6242,0.655,0.5901,0.3468,0.3987,0.4441,0.449,0.5041,0.3906,0.4798,0.4538,0.4912,0.5463,0.5836,0.3776,0.3954,0.4328,0.3338,0.3322,0.7086,0.4555,0.324,0.3289,0.3922,0.3224,0.4117,0.4555,0.5658,0.3711,0.7729,2.2181,0.3597,0.3646,0.3743,0.5123,0.4068,0.3743,0.3938,0.4603
1/16/2021,29.1975,0.7348,0.6055,0.6415,0.9616,0.6733,0.5927,1.0379,0.7326,0.4592,0.8068,0.6203,0.7581,0.6055,0.5291,0.6478,0.669,0.5694,0.6372,0.6139,0.5737,0.4486,0.4846,0.7284,0.4698,0.402,0.5779,0.6478,0.4189,0.7157,0.5037,0.4359,0.3596,0.3892,0.3468,0.3744,0.4995,0.5313,0.6161,0.6028,1.6425,0.4486,0.7326,0.6712,0.3935,0.4677,0.7178,0.4613,0.6394
1/15/2021,29.6537,0.5954,0.5976,0.5586,0.6452,0.7448,0.7903,0.6019,0.6062,0.3962,0.5738,0.6474,0.7058,0.4308,0.5131,0.6257,0.4352,0.5499,0.4373,0.6452,0.5651,0.4482,0.6279,0.682,0.3962,0.5889,0.6322,0.5304,0.4417,0.5478,0.5045,0.4503,0.3464,0.4092,0.3464,0.4547,0.5218,0.4633,0.6041,1.1965,3.6516,0.4958,0.7037,0.4547,0.4114,0.5456,0.5348,0.4438,0.5543
1/14/2021,24.5442,0.5439,0.4132,0.5273,0.7159,0.8301,0.6663,0.61,0.7043,0.6828,0.3768,0.6117,0.6018,0.486,0.5257,0.4843,0.4479,0.5174,0.4066,0.5091,0.5224,0.529,0.5555,0.5174,0.4496,0.486,0.5306,0.5621,0.3735,0.4347,0.4181,0.4032,0.4396,0.3172,0.3602,0.3702,0.4628,0.4595,0.3702,0.4512,1.1295,0.6084,0.6084,0.3321,0.3371,0.4099,0.5373,0.4926,0.4148
1/13/2021,28.4671,0.6169,0.5474,0.574,0.6292,0.9792,0.5433,0.7561,0.8441,0.5699,0.4798,0.6906,0.6661,0.4327,0.443,0.4512,0.5064,0.4082,0.4184,0.5248,0.5842,0.576,0.6313,0.4675,0.7029,0.4246,0.5862,0.4225,0.3734,0.619,0.4819,0.4716,0.4368,0.3754,0.4225,0.3365,0.4266,0.3898,0.4921,1.0532,3.1668,0.4246,0.3857,0.5044,0.5023,0.5801,0.5494,0.4266,0.5719
1/12/2021,37.3634,0.7158,0.8479,0.5954,1.0182,1.5497,0.936,1.1826,0.7216,0.8068,0.7539,1.0329,0.9859,0.5836,0.5572,0.6365,0.5983,0.8685,0.5161,0.6658,0.6835,0.6835,0.5689,0.7451,0.5895,0.6277,0.7451,1.0946,0.5043,0.9477,0.7745,0.6247,0.6247,0.4427,0.5719,0.5132,0.5689,0.6952,0.5866,0.8699,2.5466,0.7275,0.566,0.8773,0.8362,0.8743,0.5132,0.6981,0.6893
1/11/2021,38.4125,0.9817,0.9665,0.9513,1.0912,1.6903,0.8449,1.0669,1.2159,0.5225,0.8449,0.6441,0.6533,0.5316,0.7962,0.7901,0.7901,0.6958,0.6016,0.7293,0.7111,0.8145,0.8388,0.7688,0.559,0.4373,0.7658,0.851,0.5286,1.0699,0.7232,0.5651,0.559,0.5468,0.5955,0.41,0.5529,0.9148,0.784,0.8403,2.4461,0.6259,0.6289,0.5134,0.9087,0.8449,0.6776,0.8874,0.635
1/10/2021,36.6794,0.5768,0.6313,0.8836,1.3024,0.984,0.8349,1.0987,1.3339,0.7575,0.9553,0.984,0.7116,0.5682,0.528,0.637,0.6227,0.6542,0.5567,0.5997,0.6026,0.6772,0.7202,0.8005,0.6313,0.4506,0.4965,1.0959,0.5624,1.0701,0.6513,0.4879,0.5596,0.5022,0.5854,0.528,0.6399,0.6858,0.7431,0.7456,2.1258,0.9439,0.637,0.746,0.7919,0.6255,0.898,0.8521,0.6026
1/9/2021,37.3176,0.9201,0.7706,0.7501,1.2162,0.8732,1.0198,0.8586,1.2426,0.6621,0.5449,0.7413,0.8996,0.6182,0.6709,0.8205,0.8556,0.753,0.7765,0.7296,0.6416,0.7794,0.5038,0.9758,0.8439,0.4774,0.7266,1.011,0.5683,1.0022,0.756,0.6358,0.5976,0.583,0.5654,0.5478,0.6739,0.797,0.4921,0.7772,2.2328,0.6123,0.58,0.539,0.7032,0.8615,0.7677,0.7472,0.5947
1/8/2021,4.6989,0.1069,0.0904,0.0973,0.0818,0.0832,0.0676,0.1119,0.1013,0.0538,0.0564,0.0686,0.0901,0.1211,0.1099,0.1115,0.0911,0.0888,0.1198,0.1201,0.1122,0.1135,0.0927,0.0891,0.1238,0.1178,0.1287,0.1178,0.132,0.1201,0.1211,0.1267,0.1251,0.135,0.1416,0.136,0.1145,0.099,0.1274,0.0503,-0.2273,0.098,0.0855,0.096,0.1006,0.1138,0.1228,0.0924,0.1211
1/7/2021,39.325,0.8777,0.9717,0.7524,0.8871,1.1221,1.0532,1.3414,0.8464,0.5332,0.7681,1.379,0.7023,0.5802,0.7618,0.8715,0.884,0.5363,0.7462,0.6459,0.8433,0.6021,0.4987,0.812,0.8088,0.8057,0.6898,0.7994,0.6146,0.6459,0.6961,0.5802,0.4705,0.5018,0.577,0.4643,0.5676,0.5332,0.6303,1.1563,3.5156,0.7712,0.9529,0.552,0.8496,0.8871,0.7368,0.6741,0.8276
1/6/2021,33.1208,0.7444,0.5485,0.5686,1.0459,1.2569,1.0685,1.1916,0.757,0.5812,0.6515,0.5912,0.7193,0.4983,0.6917,0.6992,0.6364,0.7143,0.4857,0.757,0.7696,0.6515,0.6088,0.7243,0.4631,0.6364,0.5058,0.7118,0.5284,0.9605,0.5786,0.4757,0.551,0.4807,0.4103,0.546,0.5786,0.5385,0.6289,0.7437,2.1193,0.6138,0.6063,0.6239,0.7796,0.5661,0.5108,0.5385,0.4631
1/5/2021,31.0676,0.455,0.5381,0.605,1.0986,1.0917,1.1009,1.1124,1.1286,0.4296,0.9233,1.0525,0.6372,0.5035,0.605,0.5565,0.5888,0.4573,0.6603,0.4896,0.5773,0.6834,0.5588,0.688,0.778,0.5934,0.6396,0.5473,0.4296,0.9302,0.6603,0.3281,0.485,0.4435,0.3927,0.3789,0.4827,0.6857,0.5957,0.4666,1.1816,0.5934,0.5219,0.425,0.6972,0.4919,0.6096,0.5311,0.6372
1/4/2021,32.0713,0.7396,0.8046,0.7131,0.9129,1.144,1.0405,0.6048,0.8094,0.884,0.7323,0.8527,0.4772,0.4531,0.5494,0.5759,0.4868,0.5518,0.7564,0.5566,0.6072,0.4435,0.4892,0.6625,0.4627,0.5614,0.612,0.5229,0.429,0.8166,0.6288,0.4266,0.5205,0.3785,0.3881,0.4146,0.4748,0.4507,0.7372,0.8486,2.4744,0.7997,0.8696,0.4555,0.5277,0.6842,0.5253,0.5783,0.6361
1/3/2021,34.5803,0.6557,0.8897,0.4936,0.9561,0.7647,0.8578,1.3176,1.1661,0.4617,0.592,0.9694,0.6185,0.7142,0.6983,0.6212,0.7195,0.483,0.4856,0.6132,0.8205,0.6398,0.677,0.887,0.5361,0.4856,0.6983,0.9428,0.4856,0.988,0.5521,0.4059,0.3713,0.4139,0.3846,0.483,0.5654,0.4697,0.6637,1.0331,3.0986,0.568,0.6903,0.6026,0.568,0.5415,0.6903,0.7222,0.5175
1/2/2021,32.2537,0.4917,0.5887,0.7366,0.7342,1.3527,0.921,0.6032,0.8167,0.8603,0.9428,0.7876,0.6275,0.448,0.5644,0.5935,0.6178,0.5717,0.6202,0.5572,0.5038,0.6881,0.6348,0.8385,0.7924,0.4407,0.6978,0.6202,0.448,0.9088,0.676,0.5547,0.5135,0.5086,0.4189,0.5329,0.5062,0.5281,0.5183,0.6021,1.6401,0.7245,0.6978,0.5911,0.7439,0.6008,0.8167,0.6226,0.448
1/1/2021,25.7762,0.4742,0.5275,0.4813,0.6431,0.6288,0.7622,0.7639,0.6093,0.572,0.6697,0.7657,0.6182,0.3693,0.428,0.3889,0.4706,0.4138,0.5613,0.4902,0.428,0.4031,0.54,0.4831,0.3853,0.3711,0.4138,0.6946,0.3835,0.6182,0.5275,0.332,0.428,0.4102,0.3995,0.3195,0.4226,0.588,0.4244,0.7234,2.0506,0.444,0.5062,0.4386,0.5595,0.5133,0.5009,0.46,0.3693
12/31/2020,22.0729,0.4552,0.4284,0.4467,0.4763,0.6086,0.6268,0.4805,0.7591,0.4312,0.5255,0.5874,0.3735,0.3778,0.3792,0.3876,0.4172,0.4622,0.4749,0.4284,0.4622,0.4833,0.4523,0.4172,0.5002,0.3848,0.3496,0.4974,0.3355,0.572,0.4129,0.2792,0.2708,0.3623,0.3834,0.2975,0.3651,0.4636,0.3144,0.4832,1.2377,0.534,0.5143,0.306,0.3384,0.5157,0.5368,0.4735,0.4031
12/30/2020,27.0854,0.5598,0.4434,0.5064,0.6839,0.9931,0.7812,0.8232,0.8423,0.5827,0.4797,0.4663,0.4358,0.4988,0.4243,0.5426,0.5083,0.4091,0.5656,0.5904,0.6228,0.5636,0.4911,0.451,0.4739,0.4224,0.5694,0.745,0.3919,0.4587,0.493,0.3251,0.3613,0.4434,0.4453,0.4129,0.4281,0.5331,0.5942,0.6603,1.8373,0.6877,0.3709,0.535,0.5636,0.556,0.6056,0.3995,0.5064
12/29/2020,23.7877,0.555,0.4761,0.4729,0.6766,0.8708,0.6861,0.8345,0.6387,0.3735,0.7098,0.4161,0.3545,0.4824,0.4114,0.424,0.3877,0.3909,0.5014,0.4714,0.4382,0.4508,0.5456,0.5803,0.3403,0.4398,0.3719,0.394,0.3593,0.5977,0.4366,0.3956,0.2914,0.3024,0.4003,0.3766,0.3956,0.3482,0.3687,0.561,1.5011,0.3435,0.5219,0.5361,0.4351,0.4935,0.5614,0.3798,0.4872
12/28/2020,27.9208,0.6229,0.6527,0.6746,0.9336,0.7464,0.9496,0.5671,0.6567,0.4535,0.832,0.4276,0.4575,0.5033,0.5133,0.5731,0.4037,0.589,0.5472,0.5292,0.6567,0.4734,0.4037,0.6687,0.3599,0.575,0.5193,0.4655,0.4057,0.579,0.5511,0.4017,0.3599,0.4137,0.3699,0.4635,0.4376,0.6308,0.4635,0.7129,2.015,0.5013,0.6169,0.6029,0.6268,0.6109,0.4695,0.5392,0.3938
12/27/2020,30.8666,0.624,0.5988,0.5074,0.8252,0.7726,1.0196,1.0196,0.871,0.9784,0.9076,0.7246,0.7132,0.4251,0.4388,0.6354,0.5188,0.624,0.6492,0.5371,0.5897,0.4342,0.3908,0.736,0.7795,0.4845,0.4525,0.8275,0.4388,0.5668,0.576,0.3976,0.5211,0.4159,0.4571,0.4982,0.5165,0.5463,0.5234,0.6491,1.7994,0.6217,0.4159,0.6446,0.6766,0.6537,0.7955,0.6674,0.3999
12/26/2020,23.6997,0.4807,0.4367,0.4948,0.7711,0.6314,0.7585,0.7162,0.6518,0.6957,0.3708,0.7319,0.3786,0.3409,0.4775,0.5199,0.4948,0.3959,0.5058,0.4351,0.5199,0.3676,0.5011,0.432,0.3268,0.4901,0.4179,0.5215,0.377,0.4775,0.4807,0.2671,0.2938,0.3127,0.2985,0.3394,0.3755,0.3723,0.5387,0.5993,1.6306,0.3818,0.4367,0.4461,0.5026,0.4163,0.3613,0.4304,0.4964
12/25/2020,25.8107,0.4944,0.4748,0.4979,0.8399,0.8328,0.7348,0.5247,0.7117,0.7223,0.5799,0.514,0.603,0.5175,0.4694,0.3893,0.4641,0.4748,0.4018,0.5193,0.5799,0.4267,0.4926,0.3893,0.5834,0.3786,0.3608,0.5122,0.4,0.6707,0.5229,0.286,0.4641,0.343,0.3733,0.4,0.4534,0.5336,0.3572,0.6737,1.8824,0.6333,0.6084,0.3483,0.4018,0.4214,0.5941,0.384,0.5692
12/24/2020,23.4359,0.551,0.3751,0.3642,0.7594,0.6776,0.71,0.7563,0.8165,0.5263,0.6313,0.7548,0.5665,0.4615,0.3395,0.4461,0.3488,0.3689,0.4028,0.4816,0.4862,0.3704,0.5063,0.4275,0.4985,0.3812,0.3627,0.5649,0.3689,0.602,0.4862,0.3565,0.3859,0.3164,0.3519,0.3843,0.3658,0.5279,0.3812,0.4107,0.9924,0.3457,0.5973,0.5047,0.3164,0.4785,0.4275,0.4877,0.4121
12/23/2020,22.5128,0.4134,0.5454,0.4293,0.5208,0.8371,0.4308,0.7834,0.4714,0.3466,0.5542,0.4816,0.4787,0.4671,0.3307,0.38,0.4337,0.3597,0.4787,0.4845,0.5164,0.3945,0.441,0.396,0.4134,0.3394,0.3989,0.6499,0.3466,0.663,0.4293,0.2639,0.3727,0.2712,0.3176,0.3234,0.396,0.47,0.3292,0.5934,1.6106,0.3568,0.5803,0.4439,0.3321,0.4526,0.3597,0.3844,0.4395
12/22/2020,19.2147,0.3741,0.3999,0.3596,0.5042,0.5468,0.4358,0.6029,0.5323,0.5513,0.5009,0.4257,0.3214,0.3394,0.327,0.3147,0.4212,0.3573,0.3741,0.4089,0.4089,0.3495,0.3708,0.4011,0.2844,0.3237,0.354,0.5166,0.3046,0.4706,0.3652,0.3472,0.2609,0.2968,0.2575,0.336,0.3349,0.3685,0.3035,0.467,1.183,0.3125,0.4403,0.3842,0.3371,0.3674,0.2968,0.3214,0.3528
12/21/2020,22.2926,0.5383,0.4039,0.3868,0.5854,0.7369,0.6297,0.5083,0.6526,0.6612,0.4554,0.5025,0.5554,0.3596,0.3796,0.3882,0.4511,0.4254,0.3711,0.3911,0.4868,0.4325,0.4797,0.4782,0.5197,0.4554,0.3768,0.5611,0.3553,0.6269,0.4354,0.3868,0.321,0.3639,0.321,0.3725,0.3625,0.4997,0.4439,0.3972,0.9467,0.3439,0.361,0.4597,0.4454,0.361,0.5526,0.4025,0.361
12/20/2020,19.6981,0.3117,0.3351,0.3901,0.4498,0.6486,0.6369,0.4275,0.5176,0.3737,0.3784,0.6206,0.3562,0.3281,0.4158,0.3819,0.3924,0.3293,0.4088,0.3398,0.3574,0.3047,0.3515,0.4556,0.3082,0.3258,0.3936,0.4615,0.3199,0.4112,0.341,0.3304,0.2837,0.2872,0.3515,0.3187,0.3632,0.3655,0.4217,0.5026,1.3035,0.4638,0.3176,0.4053,0.3024,0.424,0.4451,0.4474,0.2918
12/19/2020,24.0513,0.5037,0.4171,0.3898,0.7188,0.82,0.4893,0.4684,0.5776,0.6819,0.5728,0.3882,0.4331,0.3962,0.4588,0.3914,0.3946,0.5278,0.4732,0.4989,0.5021,0.3673,0.4058,0.4813,0.3272,0.3818,0.4636,0.6193,0.3914,0.6514,0.4861,0.3031,0.3882,0.3721,0.3336,0.3978,0.3785,0.5359,0.3416,0.6833,1.9149,0.3641,0.393,0.5246,0.5005,0.4283,0.5535,0.4781,0.4813
12/18/2020,22.425,0.3917,0.5244,0.5302,0.5677,0.5172,0.5951,0.7797,0.5042,0.4191,0.4552,0.4133,0.3412,0.3931,0.4451,0.4494,0.5157,0.3845,0.3484,0.3701,0.4119,0.3701,0.4811,0.5619,0.3859,0.3874,0.3412,0.647,0.3643,0.6239,0.4436,0.3181,0.2777,0.3686,0.3109,0.3124,0.3802,0.3802,0.334,0.652,1.809,0.4754,0.3023,0.4292,0.4552,0.4595,0.4494,0.3614,0.3859
12/17/2020,19.5232,0.4248,0.4156,0.4363,0.4709,0.6184,0.6402,0.4202,0.5976,0.5262,0.4409,0.3568,0.4052,0.3107,0.3741,0.3165,0.3072,0.3268,0.4398,0.4029,0.4351,0.3464,0.434,0.3142,0.2796,0.3649,0.3061,0.4709,0.3038,0.4755,0.4052,0.2681,0.2577,0.2784,0.2531,0.3533,0.3188,0.3718,0.419,0.4737,1.2055,0.2946,0.3637,0.4328,0.3937,0.4294,0.3234,0.4179,0.3015
12/16/2020,20.8856,0.4656,0.4257,0.3252,0.579,0.6035,0.5519,0.6318,0.6177,0.3741,0.4179,0.5094,0.32,0.396,0.3277,0.4476,0.3509,0.3973,0.3277,0.4334,0.3638,0.3831,0.4102,0.5236,0.4605,0.3844,0.3149,0.4373,0.3458,0.6048,0.3883,0.3548,0.311,0.369,0.3136,0.3535,0.338,0.4166,0.4617,0.4906,1.2628,0.3612,0.3007,0.4502,0.2994,0.3883,0.4888,0.3922,0.4141
12/15/2020,20.4023,0.5003,0.3527,0.4085,0.5846,0.4594,0.5685,0.4147,0.6119,0.3837,0.5648,0.4618,0.3577,0.3304,0.3229,0.3155,0.3986,0.3465,0.3552,0.3961,0.4122,0.3217,0.3018,0.3391,0.4296,0.3093,0.3775,0.3502,0.3056,0.349,0.38,0.2609,0.3329,0.3515,0.308,0.2832,0.3837,0.411,0.4321,0.6371,1.7587,0.504,0.4259,0.4221,0.3205,0.411,0.4767,0.3577,0.3155
12/14/2020,20.7535,0.3758,0.349,0.4409,0.4575,0.437,0.5314,0.6143,0.4268,0.5595,0.3401,0.3822,0.5161,0.4166,0.3541,0.4077,0.3184,0.3809,0.3988,0.4052,0.4332,0.321,0.4319,0.4664,0.4026,0.2942,0.3988,0.4064,0.3465,0.5161,0.3988,0.3503,0.3121,0.2687,0.3452,0.3529,0.395,0.4179,0.3695,0.6141,1.6808,0.4753,0.5199,0.3299,0.3414,0.3439,0.3682,0.3159,0.4243
12/13/2020,21.0615,0.3352,0.3626,0.3952,0.5964,0.6604,0.7113,0.5703,0.5951,0.5951,0.3952,0.5598,0.424,0.3783,0.4357,0.3835,0.3195,0.4762,0.3678,0.4658,0.377,0.3208,0.3534,0.3352,0.4854,0.3103,0.3926,0.4788,0.3064,0.5859,0.4018,0.3443,0.3143,0.343,0.3391,0.3025,0.3757,0.4945,0.3143,0.4524,1.1335,0.5023,0.3064,0.3678,0.407,0.3743,0.5037,0.4018,0.4096
12/12/2020,20.8861,0.4038,0.4128,0.3548,0.695,0.7942,0.6731,0.436,0.4605,0.5494,0.4785,0.4424,0.369,0.3458,0.4282,0.4102,0.4527,0.3909,0.4733,0.4514,0.4437,0.3677,0.3896,0.4154,0.3033,0.4257,0.436,0.503,0.2968,0.4708,0.4218,0.3561,0.3342,0.311,0.2801,0.3471,0.3896,0.4334,0.4257,0.3762,0.8758,0.3484,0.5249,0.4849,0.4373,0.329,0.3574,0.3187,0.4605
12/11/2020,19.7425,0.371,0.3299,0.3816,0.6364,0.6892,0.4508,0.5283,0.3956,0.3898,0.4743,0.5847,0.4133,0.3569,0.3475,0.4391,0.3968,0.3933,0.3675,0.3898,0.4508,0.324,0.3052,0.4931,0.4273,0.3099,0.405,0.5002,0.29,0.4039,0.4121,0.3146,0.2606,0.344,0.2735,0.324,0.3358,0.3099,0.3076,0.4667,1.1818,0.4473,0.4638,0.3088,0.2923,0.4508,0.3052,0.3545,0.344
12/10/2020,23.8316,0.4627,0.5435,0.5815,0.7382,0.8933,0.7983,0.6115,0.5276,0.6543,0.7049,0.507,0.3408,0.4136,0.4374,0.363,0.458,0.4865,0.5086,0.5292,0.5229,0.5055,0.4548,0.4374,0.4168,0.3962,0.488,0.5355,0.3725,0.7097,0.4991,0.4041,0.3646,0.3677,0.4089,0.3836,0.4295,0.3725,0.4089,0.3238,0.6983,0.4912,0.4469,0.4849,0.3408,0.4928,0.4944,0.5403,0.4801
12/9/2020,28.8443,0.4439,0.6503,0.7253,0.9775,0.9275,0.9275,0.6899,0.9629,0.5544,0.6899,0.7149,0.6148,0.4147,0.5523,0.5398,0.6523,0.669,0.6815,0.5002,0.6106,0.5627,0.398,0.4314,0.4793,0.5002,0.4001,0.6065,0.4356,0.4585,0.5919,0.323,0.3709,0.4689,0.3939,0.3918,0.4335,0.5106,0.6628,0.6269,1.7241,0.5919,0.3939,0.4647,0.669,0.6398,0.7211,0.4835,0.6106
12/8/2020,25.6784,0.4,0.4849,0.5644,0.8968,0.7624,0.6758,0.9268,0.6952,0.377,0.4796,0.7377,0.5414,0.4778,0.3823,0.5291,0.5892,0.4637,0.5609,0.5061,0.5414,0.377,0.5308,0.621,0.377,0.3753,0.4531,0.7324,0.4036,0.568,0.446,0.4424,0.3947,0.3169,0.4195,0.3187,0.4584,0.5591,0.5026,0.6183,1.695,0.5167,0.3541,0.347,0.4177,0.5503,0.4301,0.4796,0.3806
12/7/2020,24.5795,0.4104,0.4071,0.359,0.8166,0.8315,0.5248,0.7287,0.5513,0.6143,0.4336,0.6392,0.3656,0.4004,0.4352,0.4154,0.4386,0.4701,0.5729,0.4701,0.4154,0.4817,0.3839,0.4568,0.5828,0.3573,0.4352,0.5281,0.3623,0.5795,0.3971,0.4037,0.4071,0.422,0.3192,0.3391,0.4535,0.4518,0.4784,0.6409,1.7715,0.5994,0.601,0.3606,0.4701,0.5447,0.5115,0.548,0.3921
12/6/2020,30.3392,0.5822,0.6559,0.6738,0.8636,1.0223,0.6202,0.9217,0.9954,0.8659,0.6291,0.5598,0.7184,0.4303,0.4772,0.6447,0.7073,0.6939,0.5174,0.647,0.6202,0.609,0.6134,0.6782,0.4169,0.5777,0.4146,0.5263,0.4593,0.8703,0.6313,0.4995,0.4481,0.3431,0.3722,0.3588,0.4571,0.5509,0.4347,0.6523,1.81,0.6939,0.4035,0.705,0.3834,0.6045,0.6671,0.6604,0.6514
12/5/2020,28.7999,0.4683,0.4807,0.6222,0.8011,0.7532,0.9238,0.5224,0.5972,0.878,0.4953,0.5473,0.7054,0.5078,0.5244,0.4329,0.6284,0.5556,0.6596,0.5702,0.5619,0.539,0.3663,0.7033,0.4807,0.5598,0.5036,0.6596,0.383,0.7595,0.512,0.3559,0.4807,0.3726,0.3393,0.3871,0.4891,0.4267,0.487,0.8266,2.4,0.514,0.7553,0.6409,0.3955,0.6284,0.5744,0.4475,0.5764
12/4/2020,25.8979,0.6284,0.4584,0.6213,0.8253,0.8898,0.8915,0.8414,0.7501,0.4835,0.4047,0.3993,0.6105,0.4208,0.4441,0.5604,0.4459,0.5425,0.4835,0.4924,0.5282,0.5085,0.5855,0.5909,0.3904,0.3886,0.4584,0.5622,0.3976,0.5139,0.453,0.419,0.3134,0.3027,0.3099,0.4477,0.4029,0.6105,0.5568,0.528,1.3893,0.5103,0.4244,0.5515,0.453,0.4656,0.6231,0.5837,0.4351
12/3/2020,21.4132,0.3545,0.4349,0.3893,0.5744,0.4752,0.5181,0.6214,0.4832,0.6026,0.5905,0.6495,0.3464,0.3692,0.4376,0.4108,0.4591,0.443,0.4859,0.384,0.4685,0.439,0.4872,0.3826,0.4859,0.286,0.4001,0.5141,0.3585,0.3746,0.3477,0.3571,0.3263,0.3638,0.282,0.2981,0.337,0.3424,0.4229,0.5188,1.3584,0.4483,0.4577,0.494,0.3598,0.3893,0.3692,0.3746,0.3397
12/2/2020,24.5353,0.3849,0.4494,0.3634,0.8148,0.6495,0.7834,0.4411,0.8248,0.5106,0.6776,0.423,0.5404,0.4908,0.3535,0.38,0.4511,0.4726,0.5255,0.4312,0.4197,0.5139,0.5635,0.4792,0.5718,0.3353,0.4411,0.5453,0.3734,0.3899,0.4015,0.2758,0.4114,0.3519,0.3171,0.4263,0.3816,0.4163,0.3618,0.6766,1.8923,0.5552,0.59,0.4891,0.3866,0.5437,0.5784,0.4031,0.4759
12/1/2020,19.8743,0.3923,0.492,0.3721,0.4706,0.7259,0.4279,0.631,0.5716,0.4053,0.4148,0.3531,0.3258,0.3745,0.3388,0.3804,0.3638,0.4255,0.3495,0.3448,0.4528,0.3923,0.4089,0.3899,0.473,0.3258,0.3222,0.3365,0.3151,0.3899,0.3305,0.3341,0.264,0.3365,0.34,0.34,0.3365,0.3638,0.4018,0.5088,1.3243,0.4671,0.3008,0.4208,0.4018,0.3187,0.46,0.3519,0.3068
11/30/2020,18.5113,0.4284,0.318,0.4053,0.5451,0.6533,0.3622,0.5472,0.5177,0.44,0.3496,0.4873,0.462,0.3306,0.3096,0.3348,0.4042,0.3475,0.3895,0.3422,0.3695,0.3643,0.3927,0.4368,0.3023,0.3517,0.3653,0.2739,0.3086,0.3044,0.3548,0.2455,0.3254,0.3054,0.3338,0.3264,0.3401,0.3201,0.2844,0.352,0.7938,0.3653,0.4484,0.4011,0.4147,0.338,0.421,0.296,0.4011
11/29/2020,21.5452,0.4498,0.4999,0.4132,0.5243,0.6299,0.596,0.7423,0.6502,0.3969,0.5717,0.638,0.4145,0.3184,0.3143,0.336,0.4782,0.466,0.3468,0.4159,0.4945,0.3346,0.336,0.3292,0.2994,0.3617,0.4051,0.5297,0.3157,0.3996,0.4525,0.3211,0.3617,0.3008,0.2967,0.2967,0.3861,0.4809,0.3834,0.5297,1.3952,0.4769,0.3915,0.3956,0.3495,0.4267,0.5094,0.3563,0.4267
11/28/2020,22.1167,0.401,0.4405,0.3318,0.6452,0.5972,0.4984,0.4405,0.4871,0.5026,0.4829,0.3954,0.3756,0.3827,0.4716,0.4419,0.3615,0.5026,0.3643,0.4589,0.5111,0.4405,0.4307,0.5408,0.5026,0.4349,0.3135,0.4405,0.3685,0.6297,0.3615,0.346,0.3248,0.3897,0.2725,0.3925,0.3841,0.3318,0.4448,0.6948,1.9537,0.3671,0.4843,0.3078,0.346,0.3841,0.3474,0.473,0.3163
11/27/2020,19.9623,0.3963,0.3581,0.4227,0.6547,0.5399,0.5004,0.3939,0.4944,0.3365,0.3449,0.6045,0.3102,0.3413,0.3473,0.4131,0.3365,0.3461,0.3138,0.3904,0.3928,0.3473,0.2959,0.4466,0.4657,0.2779,0.3593,0.3162,0.3389,0.4298,0.3832,0.2624,0.2911,0.327,0.2707,0.3569,0.3413,0.382,0.4203,0.6275,1.7262,0.455,0.3186,0.3784,0.3748,0.4657,0.2994,0.4227,0.3437
11/26/2020,21.5453,0.3861,0.3495,0.4958,0.5419,0.7098,0.6394,0.4024,0.6638,0.6109,0.4186,0.6272,0.4701,0.4227,0.4064,0.3753,0.378,0.359,0.3726,0.4078,0.3617,0.4145,0.4349,0.4443,0.3956,0.3644,0.3522,0.4633,0.3143,0.6286,0.42,0.2574,0.2723,0.359,0.2926,0.3644,0.3482,0.4728,0.443,0.5177,1.3544,0.4606,0.3604,0.4538,0.4118,0.378,0.4863,0.3387,0.3428
11/25/2020,22.2925,0.4611,0.3753,0.5497,0.5411,0.4768,0.6297,0.4454,0.6526,0.4268,0.5611,0.554,0.4682,0.4411,0.4025,0.4239,0.3882,0.3868,0.3839,0.5083,0.4954,0.3968,0.3882,0.5554,0.4225,0.2953,0.4382,0.564,0.3153,0.6269,0.4597,0.2581,0.3539,0.2953,0.3739,0.3125,0.3753,0.4096,0.3225,0.6022,1.6406,0.3568,0.4997,0.4668,0.3239,0.4311,0.4883,0.3939,0.3539
11/24/2020,23.216,0.4193,0.4193,0.5273,0.7494,0.614,0.7616,0.5562,0.4816,0.3325,0.4756,0.401,0.3477,0.3782,0.4238,0.4329,0.4725,0.4801,0.3614,0.3964,0.4573,0.4132,0.3797,0.5532,0.404,0.4756,0.4816,0.4969,0.3417,0.3903,0.4634,0.3903,0.3006,0.2808,0.3143,0.401,0.398,0.4512,0.4116,0.7421,2.114,0.4664,0.4314,0.4132,0.366,0.5227,0.5136,0.4634,0.3477
11/23/2020,23.5678,0.5076,0.4484,0.5341,0.7318,0.5216,0.506,0.5325,0.71,0.4173,0.4998,0.7038,0.5901,0.4531,0.4002,0.355,0.5419,0.4453,0.4282,0.4064,0.4329,0.3955,0.3753,0.6026,0.5014,0.4734,0.422,0.5356,0.3457,0.4687,0.4593,0.408,0.3628,0.3317,0.3395,0.4095,0.3955,0.4531,0.3815,0.5409,1.4332,0.573,0.5761,0.4033,0.4484,0.3831,0.5777,0.3986,0.4064
11/22/2020,26.8654,0.4195,0.6534,0.5157,0.7232,0.6025,0.8005,0.976,0.7402,0.7553,0.5251,0.5515,0.4855,0.527,0.5345,0.4308,0.5553,0.5779,0.4214,0.5666,0.4459,0.5383,0.4383,0.61,0.644,0.3704,0.5515,0.4572,0.4364,0.5138,0.5685,0.3534,0.3497,0.3553,0.4647,0.4572,0.4534,0.5949,0.6213,0.5802,1.5661,0.6421,0.4761,0.4742,0.6194,0.5232,0.6081,0.4006,0.3893
11/21/2020,27.9206,0.4495,0.6707,0.4515,0.9894,0.8958,0.6866,0.9456,0.8699,0.826,0.6029,0.7284,0.6507,0.4993,0.5392,0.6069,0.4535,0.5711,0.4894,0.6189,0.5272,0.4834,0.4715,0.7005,0.5113,0.5073,0.4914,0.4934,0.4495,0.7065,0.4476,0.3041,0.3121,0.3858,0.3997,0.4256,0.4276,0.5631,0.4774,0.5661,1.5183,0.5671,0.6627,0.5173,0.4794,0.5332,0.4356,0.579,0.4316
11/20/2020,22.6009,0.5288,0.3886,0.4704,0.5244,0.812,0.666,0.5565,0.5404,0.3477,0.3682,0.393,0.5346,0.3871,0.4499,0.4864,0.5039,0.393,0.4266,0.393,0.4295,0.4733,0.5171,0.501,0.5346,0.4222,0.4295,0.3273,0.3156,0.4426,0.4149,0.4017,0.3974,0.3112,0.3258,0.2835,0.3725,0.4631,0.3536,0.5676,1.5236,0.4791,0.5945,0.3404,0.3901,0.3755,0.5448,0.4003,0.4981
11/19/2020,16.5767,0.3802,0.3193,0.3528,0.3545,0.3622,0.478,0.3665,0.4557,0.4608,0.3339,0.442,0.3331,0.2704,0.3108,0.3039,0.291,0.3468,0.3691,0.3579,0.3331,0.3142,0.2507,0.297,0.3116,0.2979,0.3536,0.4042,0.2833,0.2773,0.3262,0.2662,0.267,0.2893,0.3005,0.2524,0.2799,0.3013,0.2567,0.4791,1.2239,0.3168,0.2739,0.2507,0.2747,0.2825,0.3245,0.2825,0.3168
11/18/2020,15.9172,0.3036,0.3187,0.2957,0.348,0.3868,0.4556,0.325,0.3511,0.4541,0.3155,0.4279,0.3416,0.3282,0.2862,0.2894,0.3005,0.2989,0.3044,0.3163,0.3472,0.287,0.2728,0.2617,0.3543,0.2846,0.321,0.272,0.2601,0.4066,0.3147,0.2221,0.2585,0.2664,0.2601,0.2886,0.2704,0.3598,0.2823,0.4274,1.0491,0.3424,0.2973,0.2553,0.2791,0.3092,0.3187,0.329,0.272
11/17/2020,17.4559,0.3416,0.3917,0.3482,0.5071,0.5402,0.4163,0.3908,0.4229,0.4579,0.3113,0.4551,0.2868,0.2943,0.3255,0.3851,0.3605,0.2877,0.3085,0.3274,0.3955,0.3217,0.3671,0.4068,0.2953,0.2886,0.3076,0.4797,0.2886,0.4087,0.2962,0.2565,0.2357,0.2574,0.3076,0.3047,0.3246,0.2726,0.3095,0.4359,1.0776,0.3095,0.4021,0.2811,0.3775,0.3577,0.3274,0.318,0.2858
11/16/2020,14.9495,0.2591,0.305,0.2793,0.3974,0.4203,0.4203,0.4301,0.3835,0.2765,0.2654,0.314,0.2987,0.2695,0.3126,0.2973,0.2709,0.2827,0.2855,0.2813,0.2654,0.2904,0.2848,0.2681,0.2438,0.2973,0.2667,0.2494,0.2577,0.2904,0.2959,0.2424,0.2389,0.2306,0.2521,0.2466,0.2716,0.2681,0.2799,0.42,1.0239,0.2528,0.3383,0.314,0.3335,0.2716,0.3453,0.3154,0.2452
11/15/2020,14.774,0.3306,0.2703,0.3055,0.3313,0.5047,0.3645,0.4173,0.3198,0.2717,0.3888,0.422,0.2805,0.2805,0.2683,0.2879,0.3252,0.3055,0.336,0.2845,0.3123,0.3069,0.2696,0.3015,0.2913,0.2778,0.252,0.359,0.2351,0.3103,0.2561,0.2642,0.2154,0.227,0.2452,0.2405,0.2534,0.2927,0.2547,0.3207,0.688,0.3482,0.2872,0.2791,0.2547,0.2893,0.3062,0.3049,0.2358
11/14/2020,17.4124,0.3775,0.3154,0.3963,0.4528,0.4763,0.4151,0.4189,0.4057,0.2862,0.3653,0.3615,0.2806,0.3126,0.2806,0.2834,0.3822,0.3483,0.3304,0.3173,0.3333,0.3577,0.3333,0.4104,0.3737,0.3276,0.3521,0.3653,0.2777,0.3916,0.3521,0.2975,0.2721,0.2768,0.2401,0.2457,0.2862,0.2787,0.3107,0.5407,1.4323,0.2806,0.354,0.2683,0.3935,0.3784,0.2806,0.2806,0.3144
11/13/2020,15.3458,0.3114,0.2739,0.318,0.3283,0.4766,0.4605,0.343,0.3745,0.3643,0.387,0.4517,0.26,0.3055,0.3099,0.271,0.3452,0.2739,0.3349,0.3261,0.3452,0.2732,0.3217,0.3444,0.2805,0.2761,0.2739,0.3195,0.2695,0.3856,0.2673,0.2511,0.2768,0.2431,0.2401,0.2695,0.2864,0.34,0.2695,0.2617,0.4882,0.2952,0.3782,0.3253,0.3408,0.3158,0.2959,0.2798,0.3158
11/12/2020,12.6191,0.2466,0.284,0.2701,0.3334,0.3422,0.3288,0.3062,0.3113,0.2166,0.229,0.3048,0.235,0.2433,0.2489,0.2748,0.248,0.2544,0.2581,0.2383,0.2438,0.2627,0.2276,0.2461,0.2517,0.2447,0.2336,0.2646,0.217,0.2775,0.2424,0.2239,0.2438,0.2203,0.2239,0.2383,0.2327,0.2604,0.2443,0.284,0.5639,0.2281,0.2974,0.217,0.2706,0.2535,0.2226,0.2429,0.266
11/11/2020,17.1041,0.3925,0.3051,0.3333,0.4808,0.438,0.4917,0.4252,0.4216,0.3588,0.4616,0.4607,0.3296,0.2932,0.3205,0.3469,0.3642,0.3624,0.3433,0.3569,0.3333,0.3287,0.3406,0.4016,0.2641,0.2814,0.2604,0.3023,0.2768,0.4179,0.3442,0.2258,0.2604,0.2468,0.2905,0.2641,0.3105,0.3524,0.3433,0.4337,1.0704,0.2841,0.3278,0.387,0.3278,0.3196,0.2705,0.285,0.2668
11/10/2020,13.8067,0.3124,0.2967,0.234,0.3078,0.302,0.3217,0.3327,0.2892,0.2416,0.2816,0.2491,0.2497,0.2828,0.2491,0.27,0.2375,0.2677,0.288,0.2764,0.2631,0.2323,0.2538,0.284,0.2816,0.2305,0.2689,0.2532,0.2485,0.2735,0.252,0.2224,0.23,0.2404,0.2294,0.23,0.2445,0.2758,0.2991,0.4165,1.012,0.2602,0.3362,0.2979,0.2718,0.2967,0.2636,0.2892,0.2596
11/9/2020,14.2901,0.312,0.322,0.3139,0.4107,0.4195,0.4164,0.3032,0.4076,0.3063,0.2912,0.2547,0.2767,0.2598,0.2755,0.2591,0.2893,0.2472,0.2962,0.3151,0.2673,0.2447,0.2447,0.3176,0.3252,0.2635,0.2352,0.2874,0.2491,0.3246,0.2585,0.2069,0.2554,0.2151,0.2396,0.217,0.2767,0.3227,0.2459,0.3443,0.7678,0.2377,0.283,0.2598,0.3013,0.3145,0.2736,0.2503,0.2843
11/8/2020,14.5538,0.3286,0.3266,0.3462,0.324,0.3993,0.4065,0.2905,0.421,0.2722,0.2787,0.3082,0.2696,0.2918,0.2702,0.3082,0.3168,0.3207,0.2774,0.2774,0.3109,0.3102,0.3207,0.3004,0.3338,0.2787,0.2709,0.2578,0.2519,0.3449,0.2604,0.242,0.2335,0.2204,0.2283,0.2473,0.2499,0.3154,0.3246,0.3084,0.6463,0.3377,0.3063,0.2669,0.2787,0.2735,0.242,0.322,0.2361
11/7/2020,13.5427,0.2659,0.3025,0.2504,0.3462,0.2858,0.3729,0.3535,0.3773,0.2825,0.2886,0.2947,0.2454,0.2409,0.2614,0.2786,0.2736,0.2526,0.2476,0.2631,0.2709,0.242,0.2592,0.2332,0.2249,0.2742,0.242,0.3485,0.2432,0.3202,0.2753,0.2387,0.2149,0.2099,0.2271,0.2166,0.2642,0.2565,0.2814,0.3612,0.8251,0.2481,0.2371,0.2681,0.2997,0.2487,0.2276,0.2343,0.2664
11/6/2020,18.599,0.3723,0.4253,0.4624,0.5843,0.7104,0.5694,0.4656,0.4263,0.4316,0.3278,0.5684,0.2896,0.3023,0.3394,0.3426,0.3161,0.3363,0.3861,0.4041,0.3575,0.3246,0.3988,0.4041,0.3416,0.2864,0.3924,0.3818,0.2886,0.3161,0.3426,0.2334,0.2504,0.2578,0.3055,0.3034,0.3214,0.3998,0.403,0.4353,1.0756,0.331,0.3363,0.2843,0.3712,0.4083,0.3373,0.3532,0.297
11/5/2020,17.1041,0.2887,0.306,0.3815,0.488,0.4189,0.417,0.4844,0.4908,0.3196,0.3269,0.5135,0.3469,0.3387,0.3378,0.3706,0.2978,0.3305,0.3715,0.3069,0.2941,0.3078,0.3387,0.4152,0.387,0.3214,0.3606,0.2577,0.2786,0.458,0.2941,0.2522,0.2796,0.2768,0.2641,0.306,0.3278,0.3506,0.3406,0.3343,0.7338,0.3688,0.3369,0.3278,0.2777,0.3497,0.4061,0.3852,0.3369
11/4/2020,17.5442,0.3766,0.3537,0.3089,0.4301,0.3766,0.5618,0.5646,0.5618,0.4263,0.4788,0.5227,0.3556,0.2726,0.3375,0.3146,0.3461,0.37,0.3289,0.3938,0.3929,0.2831,0.3652,0.3318,0.4129,0.3499,0.307,0.2726,0.2984,0.3948,0.3241,0.2468,0.3241,0.265,0.2631,0.2774,0.3261,0.2869,0.3719,0.299,0.6146,0.4081,0.369,0.2783,0.349,0.3165,0.4158,0.3442,0.3747
11/3/2020,14.3337,0.2883,0.2629,0.3187,0.3244,0.3966,0.3947,0.3288,0.3478,0.2705,0.3801,0.4143,0.2376,0.2851,0.2794,0.2889,0.2661,0.3054,0.306,0.3041,0.3086,0.2598,0.2921,0.2857,0.3301,0.2781,0.2553,0.3516,0.2522,0.3763,0.2686,0.2199,0.2547,0.2167,0.2186,0.2693,0.268,0.2819,0.2718,0.287,0.5739,0.3016,0.2414,0.2598,0.2287,0.2617,0.3396,0.2781,0.3029
11/2/2020,8.4862,0.1726,0.1774,0.176,0.1787,0.1851,0.1769,0.1817,0.1799,0.182,0.1789,0.177,0.1794,0.173,0.1723,0.1755,0.1727,0.1766,0.1766,0.1738,0.1755,0.1777,0.1766,0.175,0.1767,0.1729,0.1757,0.177,0.1733,0.1828,0.1753,0.1705,0.1732,0.1735,0.1711,0.1709,0.1747,0.1725,0.1727,0.1816,0.2173,0.1787,0.1765,0.1771,0.175,0.176,0.1742,0.1732,0.1729
11/1/2020,13.8948,0.2781,0.3182,0.3182,0.3895,0.439,0.3187,0.3588,0.3494,0.3553,0.3028,0.2846,0.2722,0.238,0.2657,0.2728,0.2822,0.307,0.2403,0.2793,0.2922,0.2498,0.2409,0.2739,0.2757,0.2486,0.2592,0.2763,0.2486,0.3588,0.2539,0.2403,0.2233,0.2527,0.2227,0.2486,0.2457,0.2698,0.2616,0.3252,0.7031,0.2445,0.307,0.251,0.2392,0.2722,0.2728,0.235,0.2321
10/31/2020,16.3569,0.3305,0.3037,0.2945,0.5051,0.5452,0.4073,0.5026,0.4399,0.3346,0.3915,0.3831,0.2619,0.3346,0.2586,0.2728,0.3656,0.3572,0.3071,0.3188,0.2962,0.3488,0.3488,0.3614,0.2569,0.3129,0.2979,0.3514,0.2812,0.4483,0.3046,0.2302,0.2377,0.2695,0.2611,0.2661,0.3079,0.3447,0.2686,0.3823,0.8962,0.2803,0.2853,0.2812,0.2502,0.3572,0.2653,0.3288,0.3213
10/30/2020,12.4436,0.2227,0.2782,0.2609,0.344,0.3533,0.3204,0.3191,0.3102,0.2191,0.3089,0.3204,0.2875,0.2253,0.2244,0.2311,0.22,0.2191,0.2724,0.2378,0.2666,0.2466,0.2138,0.2498,0.2391,0.2564,0.2387,0.2426,0.2271,0.244,0.2409,0.232,0.2187,0.2324,0.2315,0.2195,0.2449,0.2169,0.244,0.2896,0.5827,0.2369,0.2124,0.2542,0.2253,0.248,0.2275,0.2658,0.2209
10/29/2020,13.4549,0.2965,0.3112,0.2807,0.3614,0.393,0.3783,0.3467,0.3418,0.3074,0.2834,0.3309,0.2938,0.249,0.2709,0.2932,0.2954,0.2829,0.2779,0.2807,0.2785,0.2801,0.2654,0.2758,0.2545,0.2681,0.2419,0.2976,0.2403,0.3069,0.2659,0.2169,0.2289,0.2376,0.2534,0.2163,0.261,0.3009,0.2261,0.2079,0.306,0.2839,0.2741,0.2807,0.2709,0.2823,0.2359,0.2561,0.2659
10/28/2020,13.3227,0.2588,0.2438,0.2721,0.3854,0.395,0.3226,0.378,0.2896,0.3008,0.3232,0.2502,0.2854,0.2433,0.2593,0.2327,0.2699,0.2694,0.2774,0.2662,0.2625,0.2486,0.2811,0.2316,0.2513,0.2268,0.2822,0.3397,0.2311,0.3077,0.271,0.2476,0.2055,0.2066,0.2172,0.2215,0.2534,0.279,0.2417,0.3104,0.6531,0.2284,0.2864,0.2231,0.2226,0.2449,0.28,0.2731,0.2715
10/27/2020,15.9609,0.3131,0.3203,0.2948,0.3434,0.3474,0.427,0.3936,0.4955,0.2566,0.3856,0.3737,0.3155,0.2558,0.3195,0.3346,0.3235,0.3386,0.2837,0.341,0.3561,0.2773,0.2972,0.3808,0.2789,0.2837,0.3235,0.3514,0.2487,0.2702,0.3195,0.2917,0.2789,0.2542,0.2351,0.2574,0.3028,0.3092,0.2988,0.4356,1.0768,0.2893,0.2463,0.298,0.3346,0.2964,0.3283,0.2861,0.2909
10/26/2020,19.6544,0.4382,0.3823,0.3625,0.6492,0.7039,0.4522,0.3566,0.5233,0.3823,0.4802,0.3799,0.4172,0.3426,0.3753,0.4009,0.3368,0.4207,0.4231,0.4254,0.4161,0.3951,0.3263,0.4033,0.4767,0.3275,0.3881,0.5233,0.31,0.4965,0.3322,0.2482,0.289,0.2622,0.317,0.3054,0.359,0.3601,0.4242,0.3506,0.7892,0.4009,0.4604,0.3555,0.373,0.3939,0.4883,0.4126,0.4172
10/25/2020,17.1041,0.4134,0.367,0.4034,0.5208,0.4462,0.4671,0.3597,0.4644,0.3897,0.3387,0.3888,0.2695,0.3287,0.3333,0.3287,0.3278,0.2896,0.3633,0.3478,0.3223,0.3233,0.2614,0.417,0.3724,0.2532,0.336,0.3952,0.2941,0.3378,0.3569,0.265,0.2349,0.2823,0.2623,0.3142,0.3269,0.3843,0.2823,0.3783,0.8828,0.3415,0.3597,0.3569,0.3223,0.3396,0.3387,0.3123,0.3023
10/24/2020,11.3878,0.21,0.2117,0.2568,0.2947,0.269,0.2629,0.2439,0.25,0.2575,0.2216,0.2856,0.251,0.2066,0.2266,0.2249,0.2361,0.2283,0.2351,0.2239,0.2307,0.2287,0.2114,0.2192,0.2141,0.2327,0.2053,0.27,0.2016,0.2243,0.2358,0.2212,0.2029,0.2121,0.2202,0.2005,0.2243,0.2371,0.2422,0.2553,0.4666,0.2399,0.2588,0.2083,0.1989,0.2327,0.2331,0.2249,0.2388
10/23/2020,11.3004,0.2234,0.2122,0.2475,0.2782,0.328,0.2274,0.2277,0.2426,0.2776,0.2413,0.2858,0.2343,0.2142,0.2142,0.2162,0.234,0.2244,0.2132,0.2188,0.2129,0.2304,0.2277,0.2488,0.2429,0.232,0.2307,0.266,0.2139,0.2406,0.2135,0.2162,0.2122,0.1917,0.2099,0.2115,0.2218,0.2475,0.2211,0.2404,0.4161,0.2228,0.2129,0.2215,0.2254,0.2314,0.2221,0.2274,0.2281
10/22/2020,10.5531,0.2106,0.229,0.2006,0.2688,0.2713,0.2507,0.2152,0.2458,0.194,0.2517,0.2073,0.2364,0.208,0.1999,0.2009,0.1993,0.1973,0.2093,0.2131,0.2085,0.2124,0.2226,0.2052,0.2256,0.1902,0.2149,0.1927,0.2034,0.217,0.2162,0.2001,0.1978,0.2001,0.2065,0.206,0.1996,0.2259,0.2129,0.2587,0.478,0.208,0.2187,0.1983,0.1973,0.2042,0.1968,0.2129,0.2134
10/21/2020,12.0034,0.2419,0.2604,0.2319,0.268,0.3128,0.3312,0.2327,0.29,0.2439,0.2752,0.2608,0.2351,0.2431,0.2463,0.2203,0.2163,0.2219,0.2231,0.2608,0.2247,0.2279,0.2628,0.2463,0.2095,0.2247,0.2455,0.2467,0.2099,0.2816,0.2439,0.1959,0.2307,0.2203,0.2075,0.2211,0.2255,0.2568,0.2227,0.3029,0.6278,0.2644,0.2247,0.2171,0.2163,0.256,0.2279,0.2147,0.2319
10/20/2020,16.4884,0.3364,0.3746,0.277,0.4578,0.5504,0.4154,0.3033,0.4765,0.3662,0.2906,0.4035,0.2889,0.3067,0.3076,0.3636,0.3704,0.3687,0.3042,0.3432,0.3313,0.3118,0.333,0.367,0.3755,0.2881,0.35,0.3976,0.2804,0.3127,0.339,0.2218,0.3084,0.2312,0.2982,0.2685,0.2745,0.35,0.2779,0.3628,0.8304,0.3763,0.2694,0.2889,0.3161,0.3118,0.3161,0.2982,0.2965
10/19/2020,19.4347,0.3713,0.3245,0.4491,0.5177,0.4594,0.496,0.3816,0.5257,0.3805,0.4468,0.5406,0.4308,0.3874,0.4068,0.3805,0.3519,0.3039,0.3668,0.3256,0.329,0.3805,0.432,0.3199,0.4262,0.3302,0.3096,0.3439,0.3302,0.3633,0.3931,0.2547,0.2902,0.2856,0.2936,0.281,0.3233,0.3542,0.3393,0.6122,1.6742,0.3782,0.464,0.2799,0.297,0.3725,0.3633,0.3416,0.4251
10/18/2020,20.6216,0.4141,0.3345,0.5049,0.4923,0.5478,0.6943,0.3812,0.404,0.5112,0.4077,0.6059,0.4898,0.3156,0.3699,0.4519,0.3472,0.4229,0.3686,0.4443,0.3976,0.438,0.4507,0.4936,0.4532,0.2815,0.4242,0.4974,0.3232,0.5983,0.4317,0.2676,0.2588,0.3131,0.3042,0.3042,0.385,0.4608,0.4595,0.4284,1.0523,0.3787,0.5365,0.3762,0.3143,0.361,0.4216,0.3547,0.3472
10/17/2020,13.9825,0.272,0.2851,0.333,0.4143,0.4646,0.2881,0.2696,0.3593,0.3503,0.3467,0.3934,0.2624,0.2773,0.2821,0.2606,0.2977,0.2606,0.2935,0.2564,0.3025,0.2361,0.2785,0.2408,0.2953,0.2367,0.2989,0.2971,0.2337,0.3665,0.2833,0.2379,0.2103,0.2516,0.2115,0.2343,0.2696,0.2887,0.2319,0.2455,0.4336,0.2576,0.3336,0.2983,0.2923,0.2845,0.3067,0.2821,0.2761
10/16/2020,16.4888,0.2965,0.3789,0.3254,0.4145,0.5436,0.4926,0.4901,0.4273,0.3755,0.3458,0.4561,0.3517,0.3101,0.3398,0.328,0.3611,0.3526,0.3212,0.3178,0.3602,0.3008,0.3636,0.3916,0.3475,0.2456,0.2923,0.356,0.2736,0.3628,0.2957,0.294,0.3084,0.2651,0.2796,0.2668,0.2991,0.3186,0.2787,0.2925,0.5926,0.3381,0.3509,0.2821,0.2762,0.3178,0.2668,0.2881,0.3551
10/15/2020,18.5554,0.3345,0.4305,0.3725,0.4358,0.5804,0.4928,0.5583,0.3873,0.3493,0.4517,0.5013,0.3102,0.2933,0.3556,0.3672,0.4115,0.3028,0.2944,0.3493,0.3556,0.3873,0.3841,0.4443,0.3018,0.3366,0.3071,0.2786,0.3144,0.3419,0.3609,0.2617,0.3007,0.2574,0.2648,0.3018,0.3113,0.3134,0.3514,0.5107,1.331,0.3714,0.4411,0.3166,0.3419,0.4316,0.3482,0.3936,0.3155
10/14/2020,18.6871,0.4061,0.3099,0.4103,0.4809,0.4392,0.5268,0.3494,0.499,0.3312,0.4691,0.436,0.3868,0.3131,0.3922,0.3858,0.3483,0.3783,0.3163,0.4082,0.3238,0.3248,0.3922,0.4114,0.3836,0.3761,0.2992,0.39,0.2853,0.3964,0.3505,0.2351,0.3152,0.3291,0.2564,0.3109,0.3516,0.3141,0.3398,0.4894,1.2589,0.4477,0.2682,0.4018,0.2682,0.4349,0.4435,0.2992,0.4029
10/13/2020,18.9504,0.4284,0.3758,0.3046,0.5127,0.4404,0.4163,0.4678,0.4656,0.4372,0.3528,0.5861,0.32,0.3145,0.3474,0.3101,0.3966,0.3747,0.4273,0.3725,0.3298,0.3528,0.3736,0.3309,0.4393,0.3353,0.3134,0.3704,0.2959,0.4711,0.3977,0.2784,0.2729,0.3342,0.2729,0.2696,0.3167,0.3944,0.3868,0.5698,1.531,0.3769,0.355,0.297,0.3276,0.3036,0.3725,0.3309,0.2992
10/12/2020,16.0488,0.3679,0.3083,0.3671,0.4951,0.4943,0.3542,0.4347,0.4532,0.2673,0.2689,0.4049,0.2608,0.256,0.2826,0.3381,0.293,0.3276,0.3212,0.355,0.3099,0.2866,0.2721,0.3244,0.3365,0.2391,0.3051,0.4025,0.2633,0.3695,0.3268,0.2761,0.2343,0.2488,0.289,0.2681,0.3083,0.289,0.2761,0.3279,0.7122,0.3679,0.3792,0.3365,0.3574,0.3574,0.3695,0.3027,0.2624
10/11/2020,16.8404,0.3205,0.3762,0.3726,0.3709,0.5583,0.3691,0.5141,0.3947,0.2604,0.2842,0.446,0.2957,0.2736,0.3373,0.2816,0.3682,0.294,0.2781,0.301,0.3408,0.3373,0.3081,0.294,0.3665,0.2834,0.2639,0.3629,0.2878,0.3497,0.2895,0.2303,0.3081,0.2772,0.2321,0.2427,0.3046,0.3152,0.3046,0.4982,1.2885,0.3841,0.4027,0.2604,0.3718,0.3311,0.2745,0.3284,0.3055
10/10/2020,11.828,0.2187,0.2585,0.2685,0.2777,0.301,0.2421,0.2539,0.2631,0.3006,0.2233,0.218,0.2589,0.2302,0.2168,0.2425,0.2375,0.2486,0.2624,0.2245,0.2436,0.2168,0.2072,0.2467,0.2413,0.236,0.2509,0.2689,0.2095,0.2784,0.2252,0.2069,0.1973,0.2172,0.213,0.2107,0.2203,0.2536,0.2333,0.305,0.6347,0.216,0.2072,0.2092,0.257,0.2245,0.2195,0.2233,0.208
10/9/2020,9.6294,0.1916,0.2082,0.195,0.2292,0.2221,0.2063,0.2175,0.1994,0.2208,0.1875,0.2041,0.1911,0.1944,0.1849,0.1887,0.2046,0.1996,0.1864,0.2033,0.1997,0.1945,0.203,0.1962,0.2019,0.1875,0.1955,0.1983,0.1857,0.2139,0.1957,0.1878,0.1931,0.1831,0.1848,0.18,0.1875,0.2027,0.1844,0.2082,0.3073,0.2107,0.2061,0.2004,0.1953,0.196,0.1975,0.2017,0.1962
10/8/2020,10.5967,0.2261,0.2282,0.2181,0.2272,0.2342,0.2591,0.2456,0.2469,0.23,0.244,0.2456,0.2381,0.2194,0.2064,0.2025,0.202,0.2155,0.2277,0.2087,0.2189,0.2194,0.2007,0.2111,0.222,0.2043,0.215,0.2238,0.197,0.203,0.2181,0.1934,0.2015,0.1864,0.1937,0.2048,0.2048,0.2048,0.2072,0.2376,0.4068,0.2007,0.2337,0.2074,0.2022,0.2054,0.2334,0.217,0.1973
10/7/2020,14.8616,0.2648,0.3492,0.3581,0.3492,0.4727,0.4254,0.4308,0.4487,0.3087,0.2964,0.3883,0.3108,0.3046,0.2771,0.2936,0.2497,0.297,0.3375,0.3018,0.262,0.2964,0.3176,0.2888,0.3073,0.2819,0.2826,0.367,0.2394,0.3025,0.2909,0.2435,0.2277,0.2284,0.2545,0.2566,0.2545,0.3382,0.2929,0.2639,0.4956,0.2579,0.367,0.2847,0.2319,0.3224,0.3307,0.2648,0.2456
10/6/2020,14.9055,0.34,0.3234,0.3345,0.4125,0.3165,0.32,0.2868,0.3089,0.2633,0.3393,0.3828,0.3089,0.2758,0.2965,0.3165,0.2972,0.2661,0.2806,0.2709,0.2792,0.2564,0.264,0.291,0.3283,0.2337,0.2613,0.2399,0.264,0.2606,0.2592,0.2419,0.2412,0.2647,0.264,0.253,0.2627,0.2772,0.2834,0.486,1.2472,0.2523,0.235,0.2516,0.2661,0.3269,0.3103,0.322,0.2419
10/5/2020,14.8619,0.2998,0.3313,0.3348,0.3787,0.4487,0.4398,0.2977,0.319,0.273,0.3307,0.4302,0.3217,0.2634,0.2614,0.2861,0.2833,0.3012,0.2579,0.2936,0.2634,0.3039,0.2826,0.3039,0.3087,0.2895,0.2373,0.3156,0.2511,0.2902,0.2662,0.2325,0.2476,0.238,0.2524,0.2607,0.2689,0.2504,0.3108,0.37,0.8547,0.3183,0.2476,0.2648,0.2408,0.3293,0.3458,0.3279,0.2367
10/4/2020,16.313,0.3969,0.3637,0.3886,0.4285,0.4136,0.4011,0.4792,0.4277,0.3612,0.4385,0.3121,0.3836,0.2606,0.3221,0.2914,0.3055,0.3396,0.3504,0.3404,0.3454,0.2639,0.3471,0.308,0.2772,0.2988,0.3479,0.3953,0.2614,0.3936,0.3205,0.2905,0.2756,0.2282,0.288,0.2972,0.2947,0.3404,0.2623,0.2865,0.5722,0.3828,0.2756,0.3404,0.2839,0.3354,0.3354,0.3338,0.3263
10/3/2020,21.3257,0.3799,0.5038,0.4398,0.5624,0.6211,0.6757,0.745,0.4145,0.5811,0.4398,0.4412,0.4358,0.4159,0.3839,0.3639,0.3332,0.3586,0.3359,0.4465,0.3879,0.4198,0.4652,0.4252,0.3386,0.4159,0.3119,0.3172,0.3479,0.4612,0.4159,0.3426,0.2813,0.3546,0.3039,0.3132,0.3812,0.4425,0.4718,0.5226,1.3711,0.4931,0.5091,0.3306,0.3919,0.4212,0.3999,0.4518,0.3586
10/2/2020,14.1139,0.3183,0.314,0.2529,0.4106,0.3476,0.3813,0.3348,0.3415,0.3446,0.2743,0.3305,0.3244,0.2498,0.2871,0.2657,0.2419,0.2743,0.2786,0.3134,0.3048,0.2883,0.2639,0.3336,0.2547,0.2596,0.2981,0.3073,0.2535,0.2834,0.2743,0.229,0.2614,0.2449,0.2394,0.2406,0.2639,0.2351,0.2553,0.294,0.5976,0.2669,0.3385,0.2841,0.2462,0.2694,0.2712,0.2761,0.2932
10/1/2020,13.3228,0.3024,0.2651,0.3024,0.3492,0.3673,0.2726,0.2641,0.3397,0.2662,0.2694,0.2992,0.2864,0.2273,0.2715,0.2768,0.2444,0.2843,0.2524,0.2763,0.2428,0.2779,0.247,0.271,0.2694,0.2763,0.2343,0.2753,0.2242,0.2848,0.2401,0.2295,0.254,0.2454,0.2295,0.2295,0.2391,0.2534,0.2827,0.3311,0.723,0.3008,0.2258,0.2428,0.2289,0.2875,0.2556,0.2438,0.2603
9/30/2020,13.1031,0.2657,0.3055,0.2942,0.2845,0.3978,0.38,0.3213,0.2646,0.257,0.2912,0.3167,0.2601,0.2468,0.2493,0.2524,0.2498,0.2417,0.2417,0.2509,0.28,0.2601,0.2361,0.2284,0.2493,0.2182,0.2774,0.2718,0.2264,0.3034,0.2754,0.2065,0.2453,0.233,0.2146,0.2447,0.2565,0.2463,0.2519,0.313,0.6618,0.2243,0.2616,0.2391,0.2646,0.2539,0.2442,0.2626,0.2815
9/29/2020,13.6307,0.3108,0.3069,0.2337,0.3012,0.2905,0.3654,0.2911,0.2821,0.3547,0.2624,0.3463,0.2984,0.2607,0.2292,0.2725,0.237,0.25,0.2539,0.2528,0.2489,0.2658,0.2573,0.3153,0.2843,0.2568,0.2562,0.3159,0.2359,0.2973,0.2731,0.2455,0.2173,0.2123,0.2399,0.2444,0.2506,0.232,0.2815,0.3679,0.8477,0.2337,0.2202,0.263,0.3035,0.3041,0.2354,0.2376,0.2877
9/28/2020,14.7739,0.3049,0.3042,0.3286,0.357,0.3706,0.4356,0.3963,0.2927,0.269,0.3096,0.3584,0.2798,0.2459,0.2676,0.3116,0.2913,0.3245,0.2832,0.3245,0.3326,0.2466,0.3252,0.2723,0.2337,0.294,0.2581,0.3861,0.2473,0.2554,0.2601,0.2256,0.248,0.2371,0.2249,0.2635,0.2872,0.2554,0.2832,0.3904,0.9238,0.3089,0.2784,0.248,0.2473,0.3177,0.3502,0.2507,0.2669
9/27/2020,14.5537,0.339,0.3423,0.2696,0.377,0.3095,0.4098,0.4151,0.3115,0.2479,0.2617,0.2859,0.2558,0.2676,0.2414,0.2565,0.2925,0.2827,0.2951,0.2755,0.2905,0.242,0.2558,0.3154,0.244,0.2768,0.2519,0.2728,0.2447,0.2512,0.2899,0.2492,0.2479,0.2243,0.2198,0.2361,0.2794,0.3181,0.2905,0.4504,1.1269,0.2977,0.2486,0.3246,0.2302,0.2925,0.3122,0.2591,0.2748
9/26/2020,10.7286,0.2267,0.2174,0.2081,0.2736,0.2856,0.2242,0.2472,0.2562,0.2308,0.2425,0.2624,0.1978,0.215,0.2259,0.2136,0.2133,0.2322,0.2188,0.2049,0.2289,0.2155,0.2054,0.2428,0.2139,0.2065,0.1978,0.2515,0.1948,0.248,0.2231,0.189,0.2098,0.1972,0.2079,0.2101,0.2141,0.2128,0.2002,0.2229,0.3571,0.2071,0.2103,0.2215,0.1975,0.2043,0.2294,0.2021,0.2109
9/25/2020,8.4421,0.1767,0.178,0.1776,0.1843,0.1879,0.1817,0.1757,0.1827,0.1814,0.1794,0.1749,0.1721,0.173,0.1744,0.1765,0.1756,0.1744,0.1748,0.1743,0.1729,0.1733,0.1733,0.1779,0.1714,0.1722,0.1718,0.1748,0.1718,0.1806,0.1749,0.1708,0.1734,0.1698,0.17,0.1712,0.1734,0.1718,0.1737,0.1772,0.2022,0.1759,0.175,0.1744,0.1753,0.1746,0.1737,0.1769,0.1725
9/24/2020,9.1019,0.1961,0.1908,0.1839,0.1945,0.2135,0.1972,0.1899,0.2004,0.1809,0.1915,0.195,0.1797,0.1788,0.1805,0.18,0.1931,0.192,0.187,0.1904,0.1895,0.1882,0.1889,0.1811,0.1828,0.182,0.1889,0.1857,0.1819,0.2005,0.1876,0.1759,0.1844,0.1758,0.1788,0.1798,0.1822,0.1825,0.1848,0.197,0.2694,0.1887,0.1808,0.1941,0.1932,0.192,0.1915,0.1922,0.1865
9/23/2020,11.3882,0.2443,0.2246,0.2588,0.2971,0.33,0.3076,0.2371,0.2934,0.206,0.2382,0.2581,0.2504,0.206,0.2399,0.2222,0.2155,0.2304,0.2161,0.2138,0.23,0.2341,0.2243,0.2249,0.2107,0.226,0.2219,0.2639,0.2104,0.2541,0.2266,0.1989,0.2216,0.1931,0.2144,0.2029,0.2097,0.2121,0.2117,0.2593,0.4802,0.2127,0.209,0.2144,0.2354,0.2124,0.2429,0.2263,0.2148
9/22/2020,11.2124,0.22,0.2341,0.2377,0.2605,0.2778,0.2595,0.2868,0.2881,0.282,0.256,0.2235,0.2142,0.2325,0.2171,0.228,0.2377,0.2319,0.2428,0.2325,0.2415,0.2168,0.22,0.2139,0.2389,0.2242,0.2094,0.2062,0.2055,0.2624,0.2316,0.1981,0.1901,0.1898,0.2059,0.203,0.2177,0.2267,0.2049,0.2333,0.3923,0.2222,0.2512,0.2023,0.2309,0.247,0.2187,0.212,0.2332
9/21/2020,12.8832,0.236,0.2502,0.279,0.3342,0.2765,0.2692,0.2858,0.3469,0.2956,0.2428,0.2829,0.2839,0.2565,0.2707,0.2717,0.2638,0.2541,0.2262,0.2565,0.2575,0.2546,0.2223,0.2507,0.2731,0.2546,0.2326,0.2697,0.2321,0.3263,0.2448,0.2316,0.2165,0.2321,0.2389,0.2135,0.237,0.2741,0.2702,0.3277,0.7117,0.2887,0.2301,0.2448,0.2165,0.2409,0.2253,0.2507,0.2321
9/20/2020,9.3214,0.1895,0.1979,0.1853,0.2137,0.2185,0.2182,0.2146,0.2203,0.2038,0.1903,0.1852,0.2012,0.1881,0.1911,0.1923,0.1907,0.1928,0.1951,0.1907,0.1976,0.1886,0.1828,0.201,0.1894,0.1882,0.1841,0.1898,0.1838,0.2051,0.192,0.1795,0.1767,0.1803,0.1861,0.1854,0.1849,0.1848,0.1973,0.1881,0.2392,0.2021,0.1808,0.1854,0.1906,0.1939,0.1944,0.1938,0.1964
9/19/2020,8.9698,0.1905,0.1913,0.1868,0.1914,0.2033,0.1868,0.2032,0.1851,0.1922,0.1952,0.2038,0.1851,0.1831,0.1855,0.1839,0.183,0.1884,0.1788,0.1868,0.184,0.1826,0.1795,0.183,0.1787,0.1852,0.1842,0.1983,0.1796,0.1922,0.1874,0.1809,0.1772,0.1737,0.1757,0.1812,0.1794,0.1897,0.1868,0.1893,0.2432,0.1804,0.1842,0.1791,0.1847,0.1808,0.1863,0.1807,0.1776
9/18/2020,8.1342,0.1704,0.1698,0.1687,0.1715,0.1723,0.1712,0.17,0.1692,0.1695,0.1704,0.1715,0.1697,0.1685,0.1689,0.1688,0.1683,0.1693,0.1689,0.1687,0.1691,0.1685,0.1695,0.1697,0.1693,0.1694,0.1686,0.1685,0.1681,0.1692,0.1694,0.1676,0.1687,0.1687,0.1677,0.1684,0.1684,0.1697,0.1695,0.1704,0.1794,0.1694,0.168,0.1685,0.1694,0.1696,0.1685,0.169,0.1684
9/17/2020,9.5419,0.1864,0.1896,0.1861,0.2021,0.2313,0.2276,0.2194,0.2064,0.2225,0.2126,0.1876,0.1973,0.1915,0.1966,0.197,0.204,0.2024,0.2018,0.196,0.1935,0.1912,0.1889,0.2013,0.202,0.1873,0.183,0.2148,0.1825,0.2071,0.1893,0.1787,0.1886,0.1804,0.1827,0.183,0.1898,0.204,0.1943,0.2038,0.2922,0.2075,0.1886,0.1872,0.1829,0.1912,0.1975,0.198,0.1924
9/16/2020,9.4538,0.1947,0.1956,0.184,0.2042,0.2071,0.2126,0.2103,0.2167,0.2114,0.2061,0.2109,0.1867,0.1928,0.192,0.184,0.1851,0.1988,0.1904,0.2014,0.1991,0.1876,0.1981,0.192,0.1973,0.1796,0.1818,0.1904,0.187,0.1893,0.1915,0.1893,0.1867,0.1847,0.1883,0.1808,0.1905,0.1888,0.1841,0.2184,0.3416,0.204,0.1841,0.186,0.1869,0.1896,0.1912,0.1972,0.1831
9/15/2020,10.3767,0.227,0.2175,0.2083,0.2442,0.2786,0.2133,0.2534,0.2182,0.2087,0.213,0.1999,0.2256,0.2054,0.2121,0.1983,0.2197,0.2123,0.2166,0.2144,0.2249,0.1942,0.2042,0.2144,0.2206,0.1914,0.2111,0.213,0.1933,0.2461,0.2118,0.1824,0.1871,0.1864,0.1988,0.1954,0.2035,0.2061,0.2118,0.2257,0.3665,0.1985,0.2337,0.2111,0.2028,0.2128,0.2218,0.2152,0.2056
9/14/2020,10.7284,0.2365,0.2191,0.2428,0.2483,0.2368,0.2193,0.2614,0.2772,0.201,0.245,0.2455,0.2346,0.2008,0.2098,0.2226,0.224,0.2251,0.2229,0.2215,0.2275,0.2019,0.2226,0.2185,0.2362,0.2223,0.2016,0.257,0.1978,0.2504,0.2163,0.2103,0.1994,0.1942,0.1967,0.2051,0.2152,0.2327,0.218,0.1901,0.2461,0.2392,0.2171,0.2231,0.2242,0.2182,0.2117,0.2122,0.2286
9/13/2020,9.7174,0.2082,0.202,0.1979,0.2125,0.2031,0.2374,0.219,0.2036,0.223,0.1984,0.2046,0.1976,0.1923,0.1931,0.19,0.2058,0.1986,0.1895,0.1986,0.1983,0.1971,0.1885,0.2105,0.1933,0.1849,0.1976,0.2074,0.1878,0.2227,0.1905,0.1928,0.1924,0.1835,0.1813,0.1917,0.196,0.1971,0.1885,0.218,0.3403,0.2022,0.2106,0.1845,0.1856,0.207,0.1995,0.1899,0.2027
9/12/2020,10.2447,0.2136,0.2064,0.1941,0.2367,0.2408,0.219,0.2333,0.2578,0.2187,0.2086,0.2053,0.1952,0.1985,0.2017,0.1992,0.2037,0.2152,0.2165,0.2158,0.217,0.203,0.2129,0.2019,0.1927,0.21,0.2136,0.228,0.192,0.2131,0.1963,0.1938,0.2039,0.1967,0.1893,0.1887,0.2046,0.1997,0.2057,0.2338,0.3938,0.1929,0.208,0.2095,0.2201,0.2042,0.2129,0.2158,0.2107
9/11/2020,9.5413,0.2004,0.195,0.2063,0.2064,0.2408,0.2251,0.212,0.2175,0.2,0.1953,0.1992,0.2087,0.196,0.2,0.1983,0.1946,0.1927,0.1975,0.2029,0.191,0.1935,0.1821,0.2046,0.1842,0.1802,0.1935,0.1958,0.1861,0.212,0.199,0.1785,0.1869,0.1898,0.1804,0.1815,0.1875,0.1899,0.1989,0.1972,0.2699,0.2087,0.2024,0.199,0.1893,0.1903,0.1899,0.193,0.1975
9/10/2020,9.5855,0.1901,0.206,0.209,0.2206,0.2022,0.229,0.2069,0.2274,0.1927,0.2152,0.2008,0.1993,0.1919,0.1987,0.1966,0.1947,0.1933,0.1925,0.193,0.1928,0.1965,0.1955,0.1976,0.1901,0.1943,0.1901,0.2031,0.1866,0.19,0.1979,0.1919,0.187,0.1863,0.1857,0.189,0.1878,0.1897,0.1976,0.1974,0.2707,0.2047,0.2117,0.206,0.1922,0.2015,0.1936,0.1985,0.1998
9/9/2020,12.1797,0.2695,0.2415,0.2478,0.3104,0.2987,0.2732,0.3288,0.31,0.2582,0.2256,0.3138,0.2582,0.2448,0.2248,0.2398,0.2519,0.2649,0.2657,0.2486,0.2645,0.2398,0.2411,0.216,0.2327,0.2415,0.2214,0.2427,0.2177,0.234,0.2478,0.1934,0.2223,0.2172,0.2327,0.2039,0.2298,0.2565,0.2323,0.2621,0.4896,0.2691,0.2557,0.234,0.2298,0.2289,0.2657,0.2277,0.2536
9/8/2020,9.8494,0.2105,0.2114,0.2068,0.2281,0.2503,0.2271,0.211,0.2268,0.2221,0.1985,0.2027,0.2079,0.1894,0.1996,0.2072,0.2062,0.1942,0.2081,0.2077,0.1939,0.2037,0.19,0.207,0.1957,0.1833,0.2,0.2057,0.19,0.1911,0.1994,0.1929,0.1853,0.187,0.1874,0.1852,0.1926,0.2116,0.1987,0.2253,0.3652,0.1975,0.1909,0.1874,0.1846,0.1983,0.1905,0.2077,0.1859
9/7/2020,10.3769,0.2306,0.2235,0.1971,0.2363,0.2584,0.2228,0.2406,0.2299,0.1933,0.2475,0.2601,0.1966,0.1999,0.2135,0.2178,0.1995,0.219,0.204,0.1999,0.2175,0.218,0.1933,0.1999,0.2306,0.2021,0.1923,0.2109,0.1904,0.2256,0.2007,0.2007,0.2035,0.1928,0.1978,0.2052,0.203,0.2225,0.2007,0.2239,0.3604,0.2085,0.2311,0.1997,0.2018,0.2154,0.2232,0.2073,0.2078
9/6/2020,7.7831,0.1631,0.1616,0.1639,0.1586,0.1603,0.159,0.1579,0.1603,0.1614,0.1618,0.1597,0.1642,0.1643,0.1631,0.1639,0.163,0.1616,0.164,0.1624,0.1633,0.1639,0.1641,0.1616,0.1621,0.1628,0.1637,0.1622,0.1643,0.1618,0.1634,0.165,0.1634,0.1638,0.1645,0.1636,0.1637,0.1639,0.1619,0.1599,0.1436,0.1623,0.1625,0.1614,0.1643,0.1637,0.1631,0.1626,0.1626
9/5/2020,12.7514,0.2546,0.2531,0.2422,0.3026,0.2816,0.2759,0.3002,0.2988,0.314,0.2318,0.3197,0.274,0.2275,0.2436,0.2432,0.2441,0.265,0.2356,0.247,0.2503,0.2645,0.2147,0.3002,0.2303,0.2128,0.2631,0.3144,0.2246,0.3287,0.2389,0.2128,0.2379,0.237,0.2356,0.2299,0.2332,0.2802,0.2702,0.2861,0.5708,0.2569,0.2992,0.2636,0.2384,0.2612,0.2911,0.2261,0.2242
9/4/2020,6.5955,0.1386,0.1414,0.128,0.1346,0.0946,0.1254,0.1219,0.1098,0.1356,0.1485,0.1134,0.1405,0.14,0.1459,0.1393,0.1474,0.1344,0.1372,0.1386,0.1365,0.139,0.1518,0.1435,0.1443,0.1398,0.1493,0.1403,0.149,0.1216,0.145,0.1547,0.1563,0.1519,0.1553,0.1537,0.1477,0.1442,0.1512,0.1336,0.0548,0.1359,0.1425,0.1359,0.1334,0.1432,0.1421,0.1421,0.1418
9/3/2020,8.3105,0.1715,0.1751,0.1739,0.1753,0.1755,0.1758,0.1762,0.1725,0.173,0.1756,0.178,0.1708,0.171,0.1714,0.1715,0.1739,0.1734,0.1734,0.1714,0.1734,0.1718,0.1726,0.1749,0.1726,0.1729,0.1714,0.1764,0.1709,0.1743,0.1718,0.1713,0.1692,0.1714,0.1696,0.1707,0.1722,0.1741,0.1712,0.1715,0.1829,0.1747,0.1735,0.1735,0.1732,0.1718,0.1728,0.171,0.1737
9/2/2020,8.0904,0.1683,0.168,0.1682,0.17,0.1693,0.1685,0.1704,0.1704,0.1692,0.1682,0.1687,0.1685,0.1683,0.1683,0.1686,0.168,0.1687,0.1687,0.1686,0.1683,0.1684,0.1688,0.1679,0.1682,0.1685,0.1687,0.1692,0.1678,0.1684,0.1682,0.1674,0.1679,0.1679,0.1676,0.1677,0.1683,0.1687,0.1687,0.1681,0.1714,0.169,0.1684,0.1684,0.1686,0.1685,0.1677,0.1681,0.1687
9/1/2020,9.849,0.2012,0.2037,0.2164,0.2275,0.2602,0.2151,0.2303,0.2438,0.1916,0.2157,0.1929,0.1964,0.2025,0.19,0.1927,0.2107,0.202,0.2092,0.2066,0.2114,0.1966,0.2035,0.2025,0.2059,0.1975,0.2057,0.2005,0.1916,0.1953,0.1968,0.1961,0.1939,0.1863,0.1918,0.189,0.1981,0.2072,0.2101,0.1928,0.255,0.202,0.2029,0.2086,0.2083,0.1964,0.1913,0.2022,0.2012
8/31/2020,9.8932,0.2134,0.197,0.2174,0.2083,0.2608,0.2053,0.2365,0.2136,0.2081,0.2252,0.2034,0.2121,0.1884,0.1894,0.2072,0.2083,0.1943,0.2,0.2064,0.2076,0.2038,0.2026,0.196,0.2168,0.1987,0.1934,0.1956,0.1856,0.2098,0.1917,0.1852,0.1956,0.1917,0.1879,0.1852,0.1918,0.2036,0.1877,0.2127,0.3223,0.2013,0.2208,0.2119,0.2129,0.2019,0.1913,0.2026,0.1901
8/30/2020,6.2874,0.1285,0.13,0.1278,0.1192,0.1102,0.1273,0.1004,0.099,0.1156,0.1102,0.1206,0.1422,0.1427,0.1345,0.1466,0.1389,0.1393,0.1307,0.1322,0.1381,0.1316,0.1334,0.1434,0.1473,0.1418,0.1401,0.1444,0.1478,0.1425,0.1422,0.1413,0.1538,0.1477,0.1475,0.1393,0.1396,0.1273,0.137,0.1227,0.018,0.1393,0.1322,0.1374,0.1312,0.1293,0.1197,0.1444,0.1312
8/29/2020,6.5956,0.1349,0.1436,0.1407,0.1327,0.1341,0.1335,0.1202,0.1304,0.1244,0.1442,0.1167,0.1316,0.141,0.1426,0.1485,0.1434,0.149,0.132,0.1469,0.1389,0.1446,0.1523,0.132,0.1491,0.1387,0.1424,0.125,0.148,0.1363,0.1414,0.1441,0.1532,0.1535,0.1459,0.1519,0.1415,0.1398,0.1478,0.1173,-0.0003,0.1453,0.15,0.1446,0.1504,0.1404,0.1463,0.1422,0.1426
8/28/2020,6.7272,0.1365,0.1371,0.1443,0.1247,0.1249,0.1251,0.1393,0.113,0.1268,0.1478,0.1244,0.1468,0.1417,0.152,0.1478,0.1436,0.1407,0.1425,0.1473,0.1392,0.1457,0.1532,0.1365,0.1485,0.155,0.1524,0.1308,0.1532,0.1441,0.1435,0.1478,0.1478,0.1467,0.157,0.1502,0.1483,0.145,0.143,0.131,0.0458,0.1319,0.1469,0.1499,0.15,0.1499,0.1356,0.1426,0.1494
8/27/2020,6.8596,0.1377,0.1514,0.1375,0.1286,0.1288,0.1415,0.1249,0.1359,0.1281,0.1444,0.1499,0.1427,0.1439,0.1474,0.1526,0.142,0.1448,0.14,0.1424,0.1444,0.152,0.1553,0.1399,0.1407,0.1462,0.1481,0.1326,0.1532,0.1314,0.1478,0.1571,0.1563,0.1559,0.1579,0.154,0.1488,0.1462,0.1482,0.1363,0.064,0.1451,0.1419,0.1538,0.1435,0.1399,0.153,0.1467,0.1549
8/26/2020,8.6182,0.1809,0.1814,0.1735,0.1843,0.1884,0.1897,0.1793,0.1906,0.1855,0.1802,0.1785,0.1777,0.175,0.1782,0.1783,0.1746,0.1809,0.1797,0.1788,0.1791,0.1804,0.1746,0.1753,0.1744,0.1732,0.1753,0.173,0.1749,0.1779,0.1766,0.1714,0.1766,0.1719,0.1728,0.1724,0.1749,0.179,0.1738,0.1884,0.2403,0.1772,0.1797,0.1772,0.1787,0.179,0.1773,0.1811,0.1763
8/25/2020,10.0253,0.1946,0.1938,0.2201,0.2159,0.2533,0.2303,0.213,0.2394,0.2086,0.2329,0.2402,0.2055,0.193,0.2104,0.2102,0.2041,0.1999,0.2157,0.2062,0.2086,0.2124,0.1908,0.2187,0.2213,0.1989,0.2068,0.2163,0.1887,0.2021,0.1999,0.1918,0.1918,0.1849,0.1869,0.1922,0.2021,0.1997,0.1964,0.203,0.2897,0.2171,0.2139,0.207,0.2021,0.2015,0.194,0.2007,0.1989
8/24/2020,7.6506,0.1621,0.1592,0.1617,0.154,0.1523,0.1542,0.1594,0.1524,0.1542,0.1607,0.1621,0.1582,0.1619,0.1603,0.1614,0.1625,0.1604,0.1604,0.1597,0.1616,0.1605,0.1614,0.1611,0.1598,0.1607,0.1625,0.1616,0.1621,0.1599,0.16,0.1616,0.1634,0.1626,0.1616,0.162,0.1615,0.1625,0.1593,0.1551,0.1275,0.1614,0.1581,0.1592,0.1608,0.1621,0.1624,0.1618,0.1594
8/23/2020,8.5304,0.1757,0.175,0.1731,0.1793,0.1793,0.1817,0.1775,0.1816,0.1791,0.1768,0.1776,0.1744,0.1758,0.1725,0.1763,0.1769,0.1788,0.1772,0.1747,0.1754,0.1755,0.1781,0.1775,0.173,0.1734,0.1778,0.1776,0.1729,0.1818,0.1753,0.1729,0.1749,0.1747,0.1718,0.1734,0.1734,0.1736,0.1787,0.1915,0.2508,0.1727,0.1741,0.1728,0.1747,0.1744,0.1757,0.175,0.1737
8/22/2020,6.7273,0.1371,0.1365,0.1352,0.129,0.1077,0.1263,0.1209,0.1333,0.1304,0.1506,0.1261,0.134,0.1495,0.1515,0.1444,0.1374,0.1508,0.1444,0.1361,0.1384,0.1382,0.1382,0.1335,0.1427,0.1522,0.1482,0.1361,0.1532,0.1473,0.1412,0.1562,0.1514,0.1557,0.1467,0.1499,0.144,0.1411,0.1494,0.145,0.0935,0.1385,0.141,0.1444,0.152,0.1459,0.1346,0.1463,0.1413
8/21/2020,5.4962,0.1256,0.1296,0.1106,0.077,0.0896,0.1013,0.1206,0.1038,0.0768,0.087,0.079,0.1218,0.1269,0.1249,0.1261,0.1208,0.1128,0.1071,0.1138,0.1276,0.1251,0.1244,0.0973,0.1093,0.1396,0.1411,0.1203,0.1376,0.1018,0.1259,0.1284,0.1341,0.1406,0.1364,0.1271,0.1334,0.1116,0.1401,0.1043,-0.0444,0.1349,0.1234,0.1424,0.1071,0.1274,0.0996,0.1218,0.1229
8/20/2020,4.3534,0.0897,0.0861,0.1236,0.0438,-0.0095,0.0624,0.0379,0.0244,0.1025,0.0718,0.0387,0.0642,0.1105,0.0974,0.1043,0.0996,0.089,0.089,0.0857,0.0988,0.1003,0.1211,0.085,0.1036,0.0992,0.1218,0.0904,0.1207,0.0894,0.1003,0.1076,0.1229,0.1255,0.1353,0.1109,0.105,0.1251,0.1171,0.1076,-0.0332,0.0686,0.0901,0.1251,0.1025,0.1109,0.0748,0.1007,0.1152
8/19/2020,4.5291,0.1,0.1167,0.0764,0.0657,0.0233,0.0629,0.0955,0.0348,0.0653,0.0799,0.0559,0.0695,0.108,0.1139,0.0865,0.1063,0.0861,0.1115,0.109,0.1045,0.1188,0.0972,0.1056,0.1118,0.1077,0.1073,0.1014,0.1316,0.0768,0.0952,0.1333,0.1195,0.1143,0.1184,0.1299,0.1063,0.1222,0.1052,0.0783,-0.1323,0.0809,0.1122,0.107,0.124,0.1212,0.1233,0.1125,0.1278
8/18/2020,4.8364,0.098,0.1132,0.0857,0.0515,0.0945,0.0541,0.049,0.055,0.0721,0.0838,0.0749,0.0835,0.1151,0.1316,0.0945,0.0901,0.1094,0.1145,0.0904,0.1006,0.1284,0.1236,0.0809,0.1104,0.1252,0.1217,0.1328,0.1303,0.098,0.1091,0.1189,0.1268,0.1252,0.1423,0.1274,0.1246,0.1205,0.1259,0.0822,-0.119,0.1053,0.1268,0.1274,0.1353,0.1053,0.0895,0.1252,0.1249
8/17/2020,6.2877,0.1271,0.1263,0.1269,0.1021,0.1247,0.1083,0.1067,0.124,0.1251,0.1233,0.1126,0.1266,0.1463,0.1458,0.1386,0.13,0.1252,0.1244,0.1425,0.1362,0.1346,0.1441,0.1228,0.1367,0.1489,0.1424,0.1197,0.1446,0.1305,0.1386,0.1398,0.1485,0.1459,0.1471,0.1424,0.1441,0.1468,0.1278,0.1316,0.048,0.1235,0.1233,0.1338,0.1475,0.1333,0.1352,0.1367,0.1468
8/16/2020,10.0692,0.1919,0.1992,0.2099,0.2509,0.2161,0.2194,0.2178,0.2116,0.2049,0.2107,0.2352,0.2215,0.196,0.1911,0.212,0.201,0.2039,0.2174,0.202,0.2093,0.2091,0.2056,0.1932,0.218,0.1857,0.1981,0.2027,0.195,0.1936,0.2016,0.1822,0.1847,0.1913,0.1979,0.19,0.1948,0.2147,0.2145,0.2362,0.4021,0.2004,0.1894,0.201,0.2116,0.2006,0.219,0.2136,0.2008
8/15/2020,8.53,0.1794,0.1772,0.1771,0.1811,0.1806,0.187,0.179,0.1849,0.1735,0.1783,0.1777,0.18,0.1775,0.1732,0.173,0.1748,0.1735,0.1777,0.1767,0.1788,0.1739,0.178,0.174,0.1778,0.1775,0.1768,0.1791,0.1742,0.1813,0.1752,0.1713,0.1708,0.1715,0.171,0.1734,0.1751,0.1737,0.1746,0.1854,0.2302,0.1759,0.1739,0.1777,0.1747,0.1797,0.1732,0.1734,0.1757
8/14/2020,11.6957,0.2502,0.2258,0.269,0.2872,0.3456,0.235,0.2709,0.3108,0.3001,0.2897,0.2764,0.2084,0.2151,0.2143,0.2384,0.2143,0.2398,0.2421,0.2277,0.2469,0.2358,0.2435,0.2587,0.2158,0.2365,0.2321,0.2044,0.2169,0.2794,0.2373,0.1973,0.2162,0.2162,0.2247,0.2021,0.214,0.2158,0.2517,0.2242,0.3615,0.245,0.2332,0.2228,0.2535,0.2528,0.2206,0.2539,0.2221
8/13/2020,11.1681,0.249,0.2196,0.2418,0.2703,0.25,0.2323,0.2852,0.2291,0.2763,0.2433,0.2896,0.2123,0.2041,0.2053,0.2113,0.2148,0.2161,0.224,0.2278,0.2297,0.2335,0.2354,0.2326,0.2227,0.2269,0.2208,0.2332,0.2003,0.2151,0.2281,0.2183,0.1923,0.2072,0.2047,0.2003,0.2151,0.2208,0.2256,0.2694,0.5144,0.2215,0.2148,0.1974,0.1964,0.2373,0.225,0.224,0.2031
8/12/2020,9.3214,0.187,0.2004,0.1875,0.2049,0.231,0.1961,0.2063,0.2039,0.2088,0.2079,0.2002,0.2013,0.1898,0.1821,0.1947,0.1922,0.1905,0.1883,0.1959,0.1858,0.192,0.1951,0.1832,0.1914,0.1816,0.1928,0.2047,0.1836,0.1965,0.186,0.1832,0.1856,0.1821,0.1813,0.1811,0.1862,0.1918,0.1816,0.1959,0.2656,0.1903,0.2001,0.1886,0.1819,0.1924,0.1938,0.1866,0.1918
8/11/2020,8.3542,0.171,0.1749,0.1727,0.176,0.181,0.1772,0.1791,0.1783,0.1714,0.1777,0.1792,0.1738,0.1737,0.1714,0.1718,0.1727,0.1722,0.1723,0.1741,0.1745,0.1711,0.1719,0.173,0.171,0.1717,0.174,0.1741,0.1713,0.1781,0.1716,0.171,0.1718,0.1712,0.1713,0.1712,0.1715,0.1726,0.1709,0.1747,0.194,0.1733,0.1761,0.1715,0.1748,0.1736,0.1753,0.1737,0.1729
8/10/2020,9.9368,0.2122,0.2108,0.2044,0.2385,0.2259,0.2308,0.2465,0.213,0.2188,0.2252,0.2097,0.2081,0.1973,0.198,0.2023,0.2118,0.1905,0.2044,0.1955,0.2042,0.1971,0.2025,0.2103,0.2085,0.1882,0.1874,0.1862,0.1868,0.1986,0.2044,0.1959,0.1918,0.1895,0.1959,0.1882,0.1951,0.1915,0.2039,0.2129,0.3231,0.2135,0.2159,0.2077,0.1874,0.2013,0.2114,0.2079,0.186
8/9/2020,9.4971,0.1981,0.2056,0.184,0.2116,0.2089,0.2279,0.2315,0.224,0.2052,0.2113,0.2053,0.1986,0.1855,0.1831,0.1968,0.1852,0.1942,0.2026,0.1975,0.1957,0.1909,0.1819,0.196,0.1954,0.1878,0.1947,0.212,0.1876,0.193,0.1876,0.178,0.1893,0.1839,0.184,0.1809,0.1869,0.1857,0.1902,0.1938,0.2584,0.2071,0.1966,0.1896,0.2002,0.1993,0.2074,0.1873,0.199
8/8/2020,10.5526,0.1981,0.2216,0.2256,0.2655,0.2565,0.2593,0.2614,0.2279,0.2425,0.2333,0.2141,0.2279,0.1978,0.1947,0.1988,0.2231,0.2162,0.2014,0.208,0.2231,0.1963,0.229,0.2157,0.2019,0.2009,0.2116,0.2399,0.1927,0.2478,0.2134,0.1919,0.1983,0.2021,0.1999,0.1886,0.2006,0.2256,0.2134,0.2238,0.36,0.206,0.2335,0.2034,0.2134,0.2302,0.2039,0.1991,0.2129
8/7/2020,9.3215,0.2013,0.1905,0.1993,0.2013,0.2096,0.2034,0.2157,0.2021,0.1909,0.199,0.2111,0.1912,0.1895,0.1931,0.1931,0.1856,0.1936,0.1836,0.1924,0.1935,0.1893,0.1927,0.1827,0.2004,0.1872,0.1801,0.1944,0.1857,0.2022,0.185,0.1778,0.1835,0.1805,0.18,0.1858,0.1869,0.1985,0.198,0.1985,0.2744,0.1854,0.1875,0.1919,0.1986,0.1857,0.194,0.1836,0.1914
8/6/2020,4.8365,0.1274,0.0822,0.1195,0.0585,0.0752,0.0696,0.0395,0.0892,0.0626,0.0926,0.0439,0.1284,0.1145,0.1233,0.1018,0.1034,0.1142,0.1192,0.1176,0.0926,0.1126,0.099,0.1097,0.136,0.1265,0.1186,0.074,0.1281,0.1208,0.0996,0.1401,0.1401,0.1205,0.1363,0.1357,0.1189,0.0904,0.1116,0.0813,-0.1222,0.1047,0.1236,0.1198,0.1047,0.1214,0.0885,0.0917,0.1293
8/5/2020,4.6169,0.1115,0.1142,0.098,0.0571,0.0229,0.0513,0.0763,0.0594,0.1,0.0631,0.0628,0.0736,0.1163,0.1193,0.1149,0.1251,0.1207,0.0909,0.0963,0.0855,0.0949,0.1075,0.1048,0.0753,0.1338,0.1149,0.056,0.1254,0.1058,0.101,0.1173,0.1322,0.1322,0.1176,0.1369,0.1071,0.0983,0.1007,0.1166,-0.0028,0.1149,0.1149,0.0885,0.0946,0.0973,0.077,0.0933,0.1017
8/4/2020,4.5287,0.0858,0.1059,0.0854,0.0549,0.0552,0.0698,0.058,0.0837,0.0563,0.1035,0.1073,0.1042,0.116,0.1125,0.1184,0.0896,0.1247,0.0813,0.1177,0.1087,0.0927,0.1306,0.1198,0.1264,0.1309,0.0938,0.0587,0.1302,0.0483,0.1038,0.1163,0.1181,0.1403,0.1351,0.1188,0.1208,0.0913,0.1129,0.0519,-0.2218,0.0886,0.1271,0.1156,0.1177,0.0966,0.1184,0.0906,0.1163
8/3/2020,4.3969,0.0669,0.1097,0.1238,0.064,0.0229,0.0564,0.0121,0.0784,0.1278,0.1108,0.1025,0.0924,0.0928,0.1065,0.1213,0.1123,0.1202,0.0852,0.0993,0.0921,0.1051,0.0888,0.1151,0.0856,0.1126,0.095,0.0499,0.1242,0.0892,0.1036,0.1141,0.1314,0.1202,0.1205,0.1144,0.1133,0.0903,0.1234,0.0652,-0.1765,0.0924,0.1303,0.078,0.0975,0.1209,0.0795,0.0917,0.1238
8/2/2020,4.6165,0.1027,0.079,0.1044,0.0652,0.0432,0.03,0.0757,0.0557,0.1142,0.1108,0.0811,0.0966,0.1159,0.1004,0.0892,0.1183,0.1132,0.1115,0.0882,0.0895,0.1007,0.1044,0.0753,0.0929,0.1305,0.1068,0.1105,0.124,0.1044,0.1071,0.1271,0.124,0.1169,0.1298,0.1196,0.1169,0.1264,0.1166,0.0847,-0.1107,0.1075,0.096,0.0868,0.1288,0.0912,0.0929,0.1054,0.1152
8/1/2020,8.5303,0.1765,0.1738,0.1812,0.1834,0.1871,0.1841,0.1852,0.1788,0.178,0.1779,0.1765,0.174,0.174,0.174,0.1753,0.1742,0.1766,0.1783,0.1758,0.1766,0.1738,0.1773,0.1768,0.1755,0.1725,0.1741,0.1779,0.1722,0.1772,0.1746,0.1726,0.1722,0.1706,0.1718,0.1711,0.1756,0.1737,0.1788,0.1837,0.2242,0.1731,0.1815,0.1795,0.1727,0.1792,0.1797,0.1787,0.1784
7/31/2020,8.6181,0.1813,0.1813,0.1738,0.1859,0.195,0.1831,0.1911,0.1828,0.1859,0.1754,0.1806,0.1743,0.1769,0.1745,0.1762,0.18,0.1747,0.177,0.1754,0.1767,0.1743,0.1737,0.1769,0.1766,0.1736,0.1793,0.1741,0.1751,0.1748,0.1767,0.173,0.176,0.1727,0.1756,0.1762,0.1759,0.177,0.1735,0.1858,0.2315,0.1796,0.1821,0.1798,0.1796,0.182,0.1826,0.18,0.1782
7/30/2020,7.7389,0.1619,0.1622,0.1595,0.1597,0.159,0.1562,0.1576,0.1558,0.1593,0.1611,0.1627,0.1598,0.1637,0.1614,0.1628,0.1613,0.161,0.1608,0.163,0.1624,0.1633,0.1608,0.1595,0.1632,0.164,0.1629,0.1604,0.1635,0.1587,0.1617,0.1638,0.1634,0.1648,0.1632,0.1639,0.1631,0.1613,0.1633,0.1605,0.1457,0.1624,0.1627,0.1619,0.1613,0.1618,0.1597,0.1629,0.164
7/29/2020,7.6947,0.161,0.1594,0.159,0.1564,0.155,0.1579,0.1534,0.1565,0.1568,0.1591,0.1585,0.162,0.1633,0.1613,0.162,0.1599,0.1597,0.1598,0.1606,0.1601,0.1607,0.1632,0.1587,0.159,0.1617,0.1602,0.1598,0.1633,0.1578,0.1613,0.1634,0.1643,0.1644,0.1631,0.1633,0.1627,0.1607,0.1616,0.1621,0.1513,0.162,0.1595,0.1618,0.1607,0.1626,0.1605,0.1626,0.1607
7/28/2020,8.4862,0.1796,0.1786,0.1745,0.184,0.1816,0.1848,0.1779,0.1815,0.178,0.1799,0.179,0.1722,0.1744,0.1735,0.1751,0.1781,0.1754,0.1778,0.175,0.1774,0.1751,0.1728,0.1737,0.1752,0.1756,0.1773,0.1798,0.1728,0.1746,0.1764,0.1718,0.1725,0.1705,0.1723,0.174,0.1741,0.1771,0.1723,0.1794,0.2097,0.1771,0.1754,0.1764,0.1725,0.1766,0.1724,0.1737,0.1768
7/27/2020,9.9371,0.2178,0.1979,0.1893,0.2364,0.2511,0.2438,0.2095,0.2087,0.2031,0.2141,0.2358,0.2157,0.1942,0.1907,0.2068,0.2085,0.1982,0.1977,0.2097,0.2134,0.1891,0.1942,0.1961,0.2132,0.205,0.2015,0.2287,0.1899,0.2279,0.1922,0.1938,0.1938,0.1889,0.1909,0.1882,0.2006,0.2147,0.1922,0.1949,0.2624,0.193,0.2116,0.1928,0.212,0.2011,0.2135,0.2077,0.2048
7/26/2020,7.4307,0.1577,0.1514,0.1553,0.1438,0.1405,0.1531,0.1492,0.1517,0.1523,0.1567,0.1589,0.1519,0.1603,0.1573,0.1574,0.1566,0.1543,0.1547,0.1571,0.153,0.1556,0.1536,0.1563,0.1536,0.1597,0.1595,0.1553,0.159,0.1535,0.1547,0.1621,0.1616,0.159,0.1586,0.161,0.1576,0.1527,0.156,0.1543,0.1248,0.1557,0.1543,0.1536,0.1607,0.1593,0.1529,0.1548,0.1577
7/25/2020,8.7498,0.1868,0.1813,0.1784,0.1962,0.1898,0.1865,0.1895,0.1961,0.1847,0.1915,0.1933,0.1873,0.1754,0.1767,0.1805,0.1826,0.1782,0.1834,0.1794,0.1799,0.1818,0.1832,0.1792,0.1854,0.1764,0.1824,0.1745,0.1763,0.1868,0.1816,0.1748,0.1727,0.1753,0.175,0.1762,0.1762,0.1763,0.1787,0.1822,0.2191,0.1848,0.1881,0.1784,0.1781,0.179,0.1769,0.1759,0.177
7/24/2020,8.2662,0.1728,0.1737,0.1736,0.1761,0.1748,0.177,0.178,0.1727,0.1702,0.1747,0.1705,0.1726,0.172,0.1716,0.1706,0.1705,0.1703,0.1733,0.1726,0.1724,0.1699,0.1718,0.1726,0.1696,0.1708,0.1694,0.172,0.1703,0.1733,0.1716,0.1684,0.1693,0.1686,0.1699,0.1704,0.1708,0.1714,0.1726,0.1735,0.1899,0.1713,0.1716,0.1711,0.1731,0.1703,0.1718,0.1699,0.171
7/23/2020,7.7387,0.1627,0.1616,0.1614,0.159,0.1562,0.1578,0.157,0.1597,0.1619,0.1595,0.1606,0.163,0.1621,0.1613,0.1633,0.1634,0.1627,0.1604,0.1627,0.1602,0.1633,0.1603,0.1597,0.1613,0.1624,0.1623,0.1591,0.1639,0.1633,0.1622,0.1637,0.1632,0.1637,0.1647,0.163,0.1623,0.1618,0.1621,0.1598,0.1433,0.161,0.1629,0.1619,0.1607,0.1626,0.1626,0.1613,0.1638
7/22/2020,8.4862,0.1778,0.1793,0.1766,0.1811,0.1861,0.1834,0.1783,0.1759,0.1769,0.1797,0.1751,0.1729,0.1757,0.1736,0.1727,0.1773,0.1764,0.1757,0.1759,0.1773,0.1764,0.1764,0.1745,0.1778,0.1728,0.1738,0.1716,0.1728,0.1827,0.1742,0.1732,0.1705,0.1713,0.1709,0.1744,0.1739,0.1751,0.175,0.1832,0.2227,0.1726,0.175,0.176,0.1725,0.1774,0.1745,0.1726,0.1747
7/21/2020,7.4311,0.1548,0.1587,0.1539,0.1524,0.1417,0.1428,0.1559,0.1561,0.153,0.1578,0.1555,0.1569,0.1558,0.1572,0.1546,0.1549,0.154,0.154,0.1554,0.1577,0.1571,0.1541,0.1586,0.1515,0.1597,0.1552,0.1532,0.1607,0.1504,0.1549,0.1615,0.1604,0.1596,0.161,0.1576,0.158,0.1533,0.1573,0.1547,0.126,0.1536,0.1564,0.158,0.1559,0.1577,0.152,0.1537,0.1559
7/20/2020,9.8935,0.2174,0.2144,0.2136,0.2337,0.231,0.2384,0.2284,0.2255,0.1949,0.1994,0.2392,0.2095,0.1987,0.1962,0.1949,0.197,0.1936,0.2023,0.2055,0.1941,0.1947,0.206,0.2093,0.2104,0.1945,0.2017,0.2227,0.1856,0.2271,0.1962,0.1896,0.1835,0.1816,0.1824,0.1943,0.193,0.2102,0.192,0.2018,0.2855,0.1977,0.2127,0.1953,0.1907,0.2013,0.2079,0.1975,0.2006
7/19/2020,8.6182,0.1801,0.1758,0.1817,0.1872,0.1819,0.179,0.1772,0.1825,0.174,0.1777,0.1845,0.1825,0.1762,0.1769,0.1783,0.1798,0.1793,0.1795,0.1786,0.179,0.1758,0.1789,0.1747,0.1826,0.1733,0.1803,0.1805,0.1754,0.1749,0.1748,0.1722,0.1767,0.1724,0.1714,0.1746,0.1756,0.1808,0.1781,0.1915,0.2506,0.1829,0.177,0.1727,0.1766,0.1762,0.1759,0.1758,0.1743
7/18/2020,6.9471,0.1535,0.1454,0.1402,0.1278,0.114,0.1458,0.1346,0.1268,0.1381,0.1463,0.1275,0.1514,0.1477,0.1512,0.1421,0.146,0.1419,0.1514,0.1492,0.1408,0.1498,0.155,0.1377,0.1399,0.1534,0.1434,0.1537,0.1527,0.1346,0.1494,0.1513,0.1585,0.1575,0.1532,0.1573,0.1521,0.1474,0.1455,0.1501,0.1107,0.146,0.1516,0.1416,0.1411,0.1467,0.1526,0.1489,0.1437
7/17/2020,8.5737,0.1749,0.1804,0.1757,0.1803,0.1953,0.1813,0.1843,0.1777,0.1751,0.1812,0.1749,0.1754,0.1775,0.1763,0.1737,0.1752,0.1746,0.1798,0.1749,0.1797,0.1791,0.1798,0.1803,0.1754,0.1718,0.1742,0.1806,0.1744,0.1844,0.1772,0.1714,0.1711,0.173,0.1722,0.175,0.1769,0.1784,0.1746,0.1869,0.235,0.1759,0.181,0.173,0.172,0.1802,0.175,0.1787,0.178
7/16/2020,8.9699,0.1793,0.182,0.1787,0.2067,0.2132,0.1857,0.1869,0.1992,0.1825,0.1926,0.1867,0.1846,0.1801,0.1798,0.181,0.19,0.1901,0.1875,0.1888,0.1887,0.187,0.188,0.1926,0.1911,0.1768,0.1793,0.1877,0.1765,0.1917,0.1801,0.1804,0.174,0.1765,0.1758,0.181,0.182,0.1797,0.1801,0.1925,0.254,0.1839,0.19,0.1871,0.1851,0.1806,0.1839,0.1795,0.1889
7/15/2020,7.1672,0.152,0.155,0.1461,0.1451,0.1489,0.1367,0.1528,0.1369,0.1458,0.1502,0.1514,0.1503,0.1528,0.1553,0.1544,0.1561,0.1519,0.1482,0.1491,0.1486,0.1563,0.1505,0.1543,0.1454,0.1541,0.152,0.1411,0.1553,0.1413,0.1504,0.1585,0.1593,0.1538,0.1561,0.1593,0.1528,0.1566,0.1518,0.1425,0.0848,0.1523,0.1508,0.1473,0.1506,0.1494,0.1535,0.1497,0.1498
7/14/2020,11.212,0.2367,0.2473,0.212,0.2855,0.2759,0.272,0.2691,0.2277,0.2264,0.2476,0.2855,0.2399,0.2187,0.2312,0.2059,0.2184,0.2383,0.2357,0.2415,0.2142,0.2232,0.2149,0.2091,0.2473,0.2017,0.2309,0.2187,0.2126,0.2328,0.2299,0.194,0.2174,0.2168,0.1978,0.2068,0.2242,0.2341,0.2026,0.2536,0.4607,0.2457,0.2113,0.2113,0.2142,0.2267,0.2132,0.2091,0.2219
7/13/2020,8.9261,0.1873,0.1903,0.1857,0.1996,0.1993,0.2016,0.1964,0.1868,0.1925,0.1867,0.1877,0.1917,0.1779,0.1781,0.183,0.1872,0.1885,0.1788,0.1866,0.1824,0.1868,0.1855,0.1849,0.1801,0.1824,0.1842,0.1872,0.1798,0.1871,0.183,0.1737,0.1756,0.1814,0.1774,0.1803,0.1784,0.1883,0.1771,0.1872,0.2362,0.179,0.1762,0.1894,0.1892,0.1782,0.1793,0.1865,0.1836
7/12/2020,10.0252,0.2096,0.2185,0.1999,0.2173,0.2228,0.2173,0.2311,0.2222,0.2254,0.1924,0.2268,0.1954,0.2064,0.1912,0.1926,0.1991,0.211,0.2153,0.196,0.211,0.2068,0.1873,0.2041,0.2134,0.1914,0.2019,0.1881,0.1954,0.1989,0.1974,0.1853,0.1835,0.1902,0.1867,0.1952,0.2019,0.2003,0.2023,0.2415,0.4199,0.2031,0.1993,0.2167,0.2141,0.195,0.1964,0.195,0.2128
7/11/2020,10.5969,0.2015,0.2033,0.2054,0.2422,0.2409,0.2635,0.2651,0.2617,0.2578,0.2064,0.2228,0.2207,0.2012,0.2067,0.2272,0.2051,0.1996,0.2267,0.2129,0.2264,0.2241,0.2269,0.2129,0.2012,0.2082,0.2131,0.2378,0.1994,0.2365,0.2222,0.1877,0.1924,0.1955,0.1882,0.1955,0.2106,0.2085,0.2212,0.2163,0.3346,0.2376,0.2399,0.2295,0.2028,0.2064,0.2144,0.2207,0.2157
7/10/2020,8.0904,0.1687,0.1685,0.1689,0.1697,0.1702,0.1699,0.169,0.1694,0.1693,0.1682,0.1681,0.169,0.1681,0.1682,0.1687,0.1684,0.1688,0.168,0.1682,0.1686,0.1679,0.1687,0.1681,0.1686,0.1681,0.1682,0.1678,0.168,0.1692,0.1679,0.1675,0.1679,0.1675,0.1673,0.1676,0.1682,0.1689,0.1683,0.1687,0.1734,0.1678,0.1687,0.1685,0.1688,0.1679,0.1682,0.1688,0.168
7/9/2020,10.1129,0.1975,0.2214,0.2222,0.2212,0.267,0.2328,0.2039,0.2273,0.2189,0.2123,0.1979,0.2208,0.2072,0.1912,0.2013,0.207,0.2176,0.2159,0.1962,0.2024,0.2134,0.202,0.2104,0.2108,0.2011,0.1908,0.2277,0.1918,0.1943,0.2015,0.1893,0.1861,0.1897,0.1958,0.187,0.1939,0.2001,0.2136,0.2324,0.3891,0.2072,0.1992,0.2017,0.1916,0.1937,0.206,0.2064,0.2043
7/8/2020,8.0905,0.1684,0.1688,0.1686,0.1688,0.1706,0.1695,0.1701,0.1684,0.1677,0.1686,0.1689,0.169,0.1685,0.1683,0.1681,0.1686,0.1682,0.1679,0.1683,0.168,0.1686,0.168,0.1684,0.1678,0.1685,0.1685,0.1694,0.1676,0.168,0.1685,0.1681,0.1681,0.1674,0.1678,0.1678,0.1681,0.168,0.1685,0.1691,0.1749,0.1682,0.1679,0.1683,0.1685,0.1687,0.1681,0.1677,0.1687
7/7/2020,8.8817,0.1792,0.1865,0.1801,0.1954,0.1935,0.1999,0.1959,0.19,0.196,0.1968,0.178,0.1765,0.1809,0.1797,0.1856,0.1782,0.1809,0.1825,0.1799,0.1854,0.1805,0.1817,0.1825,0.178,0.1791,0.1859,0.1801,0.176,0.1877,0.1836,0.1744,0.1732,0.1746,0.1787,0.1797,0.1795,0.1885,0.1806,0.1994,0.2774,0.1772,0.1775,0.1821,0.1788,0.1787,0.1831,0.1847,0.1776
7/6/2020,7.1671,0.1518,0.1483,0.1447,0.1479,0.132,0.1433,0.1492,0.1369,0.1488,0.1473,0.137,0.1544,0.1503,0.1498,0.1523,0.1481,0.1478,0.1524,0.1478,0.1472,0.1541,0.1575,0.1442,0.1519,0.1503,0.1543,0.1523,0.1552,0.1533,0.1502,0.1589,0.1566,0.1596,0.1597,0.1585,0.1553,0.1575,0.1574,0.1394,0.0743,0.1534,0.1574,0.1563,0.1573,0.1462,0.1568,0.1508,0.1511
7/5/2020,9.1896,0.1908,0.1943,0.1871,0.2021,0.1999,0.1949,0.2088,0.1886,0.1862,0.2034,0.2119,0.1856,0.1897,0.1847,0.1863,0.1928,0.1857,0.1828,0.1893,0.188,0.1851,0.1852,0.1958,0.1796,0.1805,0.1857,0.2016,0.1799,0.1859,0.192,0.1783,0.1803,0.1844,0.1795,0.1857,0.1874,0.18,0.1836,0.205,0.2965,0.1864,0.1892,0.1881,0.1786,0.1952,0.198,0.1815,0.1877
7/4/2020,10.4205,0.2001,0.2173,0.2156,0.2424,0.263,0.2516,0.2168,0.2436,0.2458,0.2238,0.2248,0.2269,0.194,0.2161,0.2039,0.2107,0.211,0.2163,0.2216,0.202,0.1998,0.2148,0.1967,0.1991,0.2112,0.2073,0.2458,0.1974,0.2473,0.1986,0.1899,0.202,0.1984,0.1991,0.1911,0.2008,0.2265,0.2095,0.2313,0.3853,0.1938,0.2059,0.1918,0.1964,0.1986,0.202,0.2151,0.2177
7/3/2020,8.7943,0.1786,0.1846,0.1878,0.1859,0.1863,0.1837,0.1872,0.2002,0.1928,0.1913,0.1869,0.1849,0.1789,0.1788,0.1812,0.1847,0.1819,0.1814,0.1802,0.1786,0.1797,0.1859,0.1798,0.1798,0.1814,0.181,0.1887,0.1781,0.1926,0.1837,0.1751,0.1727,0.1791,0.1771,0.173,0.179,0.1862,0.1752,0.1864,0.2333,0.1805,0.1746,0.1787,0.1779,0.177,0.1796,0.1847,0.1776
7/2/2020,8.3105,0.1706,0.175,0.1726,0.175,0.1747,0.1729,0.1743,0.1785,0.1764,0.1722,0.1718,0.1712,0.1718,0.1716,0.1705,0.1718,0.1728,0.1734,0.1732,0.1715,0.1727,0.171,0.1729,0.1702,0.173,0.1717,0.1734,0.1699,0.1715,0.1728,0.1699,0.1704,0.1716,0.1708,0.1708,0.1716,0.1723,0.1703,0.1781,0.2052,0.1701,0.1732,0.1726,0.1703,0.174,0.1748,0.1732,0.1704
7/1/2020,10.9487,0.2041,0.2475,0.2135,0.2531,0.2363,0.2705,0.2935,0.2799,0.2634,0.2138,0.2109,0.2071,0.2156,0.1997,0.2056,0.2018,0.2256,0.2077,0.2094,0.2197,0.2071,0.22,0.2386,0.2463,0.2144,0.225,0.2227,0.2035,0.2053,0.2094,0.2,0.2015,0.1911,0.1991,0.2038,0.2147,0.2133,0.2365,0.2647,0.4983,0.2348,0.197,0.2304,0.233,0.2242,0.2138,0.2227,0.1988
6/30/2020,9.6296,0.2009,0.2061,0.1947,0.2138,0.2452,0.2154,0.2172,0.2077,0.2022,0.2028,0.2219,0.2105,0.1939,0.1892,0.2017,0.2061,0.2006,0.2061,0.195,0.1984,0.1973,0.1862,0.1934,0.1952,0.1828,0.2025,0.1896,0.1843,0.2041,0.194,0.1843,0.1861,0.1782,0.1836,0.1846,0.1882,0.195,0.1926,0.2082,0.3072,0.2035,0.2094,0.1846,0.1908,0.1882,0.1896,0.1966,0.2001
6/29/2020,8.9262,0.1891,0.1827,0.1781,0.2023,0.2081,0.1955,0.1892,0.199,0.1894,0.1907,0.185,0.1826,0.1789,0.1796,0.1849,0.1802,0.1875,0.1845,0.1873,0.1831,0.1866,0.1814,0.1902,0.1775,0.1856,0.1761,0.1967,0.1791,0.1867,0.1811,0.1734,0.1798,0.1779,0.174,0.1784,0.183,0.1772,0.1794,0.1918,0.2516,0.1918,0.1856,0.1789,0.177,0.1806,0.1831,0.1775,0.1865
6/28/2020,12.1357,0.2506,0.2287,0.2477,0.3077,0.3557,0.3131,0.251,0.3056,0.2452,0.2883,0.2932,0.2519,0.2295,0.2514,0.2535,0.2403,0.2295,0.2622,0.2246,0.237,0.2192,0.2262,0.2304,0.2204,0.2287,0.2473,0.2184,0.2229,0.2734,0.2514,0.2217,0.2213,0.2217,0.2266,0.2196,0.237,0.2312,0.2175,0.2779,0.543,0.2151,0.2109,0.2618,0.2316,0.2341,0.2717,0.2614,0.2266
6/27/2020,8.7059,0.182,0.1768,0.1748,0.1943,0.186,0.1859,0.1958,0.191,0.1794,0.1904,0.183,0.182,0.1809,0.182,0.1787,0.179,0.1751,0.1801,0.1799,0.177,0.1781,0.1776,0.1754,0.1806,0.1782,0.1811,0.1806,0.1762,0.1876,0.1775,0.1773,0.1761,0.174,0.1756,0.1777,0.1785,0.1837,0.1781,0.1813,0.2162,0.1838,0.1866,0.1821,0.1761,0.1782,0.1821,0.1772,0.1743
6/26/2020,8.2221,0.1725,0.1723,0.1695,0.1742,0.1776,0.1713,0.1729,0.1728,0.1704,0.1712,0.1714,0.1709,0.1699,0.1712,0.1713,0.1695,0.1697,0.1706,0.1715,0.1717,0.1713,0.1692,0.1717,0.1698,0.1707,0.1698,0.1722,0.1691,0.1721,0.171,0.1699,0.1698,0.1688,0.1688,0.1702,0.1701,0.1707,0.1706,0.1716,0.1835,0.1721,0.1714,0.1717,0.1702,0.1696,0.1726,0.1711,0.1701
6/25/2020,8.5305,0.1765,0.1792,0.1728,0.1792,0.1819,0.1819,0.1857,0.1811,0.1857,0.1842,0.1851,0.1797,0.1744,0.1764,0.1761,0.1793,0.1734,0.1792,0.1741,0.1753,0.1755,0.1724,0.1759,0.1761,0.1738,0.1724,0.1792,0.1731,0.1841,0.1779,0.1722,0.1736,0.1741,0.1733,0.1737,0.1758,0.1728,0.1777,0.1771,0.202,0.1811,0.1747,0.1778,0.1761,0.1738,0.1792,0.179,0.1749
6/24/2020,13.6744,0.2416,0.3125,0.2654,0.3534,0.4532,0.3885,0.3023,0.3783,0.2824,0.2461,0.2501,0.2779,0.258,0.2535,0.2665,0.2336,0.2626,0.2484,0.2637,0.2762,0.241,0.2989,0.2909,0.2404,0.2722,0.2716,0.2563,0.2331,0.3517,0.2541,0.258,0.2569,0.245,0.2194,0.2387,0.2444,0.2665,0.2841,0.2859,0.5701,0.2705,0.2898,0.2569,0.2943,0.2836,0.2932,0.2972,0.2955
6/23/2020,7.4311,0.1547,0.154,0.156,0.1432,0.1413,0.1525,0.154,0.1486,0.1596,0.1519,0.146,0.1593,0.1599,0.1557,0.1574,0.1588,0.1572,0.157,0.1565,0.1587,0.1582,0.1559,0.1555,0.1601,0.1593,0.16,0.1553,0.1589,0.156,0.1549,0.1586,0.1578,0.1584,0.1609,0.1598,0.1567,0.153,0.1576,0.1509,0.1132,0.157,0.1573,0.1544,0.1553,0.1567,0.1551,0.157,0.155
6/22/2020,8.6181,0.1791,0.182,0.1793,0.1867,0.1859,0.1879,0.1805,0.1791,0.1743,0.1779,0.1854,0.1824,0.1783,0.1765,0.18,0.1793,0.1755,0.1757,0.1781,0.179,0.1738,0.179,0.1759,0.1806,0.1769,0.1738,0.183,0.1738,0.1812,0.1785,0.1724,0.172,0.1722,0.1726,0.172,0.1762,0.1821,0.1809,0.1832,0.2228,0.1736,0.1837,0.1741,0.18,0.1811,0.1796,0.1796,0.1806
6/21/2020,9.2334,0.1886,0.1945,0.1822,0.2111,0.2254,0.2064,0.2169,0.1905,0.1933,0.2087,0.2063,0.181,0.1907,0.1842,0.1945,0.1905,0.1827,0.1813,0.1867,0.186,0.183,0.1945,0.1938,0.1999,0.1869,0.1834,0.1987,0.1816,0.1855,0.1833,0.1812,0.1839,0.1789,0.1765,0.1818,0.1834,0.1852,0.1853,0.1957,0.2648,0.1937,0.1955,0.1879,0.1781,0.1968,0.1904,0.1944,0.1878
6/20/2020,9.0576,0.1936,0.1928,0.1918,0.1966,0.1921,0.19,0.2059,0.2005,0.1812,0.1932,0.2065,0.1824,0.1815,0.1895,0.1867,0.1875,0.189,0.1872,0.1917,0.1864,0.1842,0.1833,0.1868,0.1937,0.1876,0.1811,0.1774,0.1797,0.1906,0.1871,0.1781,0.1796,0.1795,0.179,0.1838,0.1838,0.1826,0.1916,0.1874,0.237,0.1925,0.1919,0.1859,0.1799,0.1809,0.1932,0.1874,0.1859
6/19/2020,11.8717,0.217,0.2375,0.2708,0.2828,0.2971,0.2801,0.2395,0.2437,0.2913,0.2546,0.289,0.2209,0.2166,0.2255,0.2271,0.2151,0.2406,0.2232,0.2584,0.2484,0.2356,0.2584,0.2294,0.2158,0.2027,0.2162,0.2929,0.2062,0.2751,0.2302,0.2185,0.21,0.2004,0.2015,0.2023,0.2325,0.2584,0.2383,0.2802,0.551,0.2542,0.2476,0.2294,0.2615,0.2162,0.258,0.2518,0.2182
6/18/2020,12.1356,0.2403,0.251,0.2415,0.2614,0.3623,0.3267,0.261,0.2953,0.2585,0.2333,0.3089,0.2366,0.2159,0.2469,0.2461,0.22,0.2481,0.2225,0.2585,0.2655,0.2337,0.251,0.2481,0.2423,0.2213,0.2134,0.2452,0.2246,0.2225,0.2357,0.22,0.2295,0.2051,0.2055,0.2031,0.2262,0.2651,0.2386,0.3002,0.6184,0.2142,0.2481,0.2275,0.22,0.2444,0.2614,0.2287,0.2415
6/17/2020,13.7186,0.2639,0.2622,0.3148,0.3165,0.4194,0.3954,0.3765,0.3451,0.356,0.3262,0.3885,0.2856,0.2805,0.2707,0.2564,0.2473,0.2484,0.3073,0.2536,0.2462,0.2828,0.233,0.2484,0.3102,0.2736,0.2399,0.2627,0.2279,0.3262,0.2765,0.2519,0.249,0.2381,0.2456,0.2399,0.2416,0.2633,0.2627,0.2396,0.4134,0.2393,0.2971,0.2799,0.2925,0.2976,0.2593,0.3005,0.2656
6/16/2020,13.2787,0.2928,0.2638,0.2379,0.3097,0.2807,0.3319,0.277,0.3377,0.3081,0.3277,0.2601,0.2986,0.2696,0.2738,0.2495,0.259,0.2342,0.2881,0.2443,0.2474,0.2406,0.2738,0.2934,0.2195,0.2601,0.2807,0.2638,0.2247,0.3145,0.2464,0.2253,0.2379,0.2274,0.2263,0.2115,0.2395,0.2918,0.2379,0.3239,0.6988,0.3034,0.2738,0.2638,0.2274,0.2728,0.2781,0.2474,0.2823
6/15/2020,14.1586,0.2572,0.2566,0.256,0.3847,0.3095,0.3114,0.3114,0.3046,0.3563,0.2794,0.4013,0.3114,0.256,0.2689,0.256,0.2886,0.28,0.2603,0.2929,0.3102,0.2436,0.2621,0.2812,0.2726,0.2418,0.2406,0.272,0.2393,0.3373,0.2523,0.2621,0.2578,0.2326,0.243,0.2634,0.2757,0.2473,0.2615,0.3868,0.9115,0.251,0.3157,0.2831,0.2917,0.2535,0.256,0.2972,0.2732
6/14/2020,9.3654,0.1922,0.1979,0.1985,0.2132,0.2213,0.2116,0.2135,0.1925,0.1891,0.2116,0.2078,0.1925,0.1938,0.1835,0.193,0.1967,0.1983,0.1986,0.1949,0.1968,0.1929,0.1856,0.1847,0.1966,0.1841,0.1816,0.1841,0.1843,0.2041,0.1899,0.1848,0.1794,0.1852,0.1792,0.187,0.1885,0.1908,0.1817,0.2018,0.2856,0.1923,0.1854,0.182,0.1937,0.1936,0.2023,0.1862,0.1807
6/13/2020,10.4207,0.2332,0.2047,0.2117,0.2664,0.2277,0.2572,0.2509,0.2429,0.2153,0.2487,0.2608,0.2136,0.1986,0.2042,0.2001,0.219,0.2192,0.2165,0.2173,0.2253,0.2078,0.1904,0.2129,0.2228,0.194,0.218,0.2386,0.1911,0.2497,0.2177,0.1979,0.2061,0.1851,0.1843,0.2023,0.2071,0.2047,0.2177,0.1888,0.2416,0.202,0.2323,0.2093,0.1991,0.2168,0.2044,0.2238,0.2211
6/12/2020,14.3778,0.3019,0.2751,0.3044,0.4243,0.3944,0.4192,0.3695,0.3108,0.3089,0.3612,0.365,0.2821,0.2732,0.2451,0.2489,0.2655,0.2898,0.3197,0.2987,0.2674,0.2974,0.3159,0.3114,0.2579,0.2687,0.2917,0.337,0.2387,0.3236,0.2681,0.2534,0.2215,0.233,0.2655,0.2585,0.2687,0.2649,0.3,0.2906,0.5861,0.2458,0.2598,0.2579,0.2674,0.3044,0.3114,0.3038,0.2496
6/11/2020,16.1809,0.3295,0.354,0.3098,0.3663,0.4734,0.318,0.4972,0.4677,0.4432,0.2992,0.345,0.2657,0.3041,0.2607,0.3565,0.2845,0.3156,0.3458,0.336,0.318,0.282,0.3008,0.2886,0.2984,0.3172,0.2837,0.3614,0.2755,0.3802,0.3344,0.2215,0.2583,0.2329,0.2517,0.2697,0.2812,0.3008,0.2992,0.4266,1.0463,0.3303,0.2976,0.2959,0.3049,0.2738,0.39,0.3172,0.2706
6/10/2020,17.0163,0.3109,0.3181,0.3172,0.4723,0.5075,0.3524,0.4489,0.4741,0.3722,0.3515,0.4173,0.3434,0.3452,0.338,0.3551,0.3668,0.329,0.3921,0.3533,0.3488,0.2974,0.3091,0.3749,0.2649,0.3217,0.3236,0.384,0.2686,0.4624,0.3272,0.2947,0.3154,0.237,0.31,0.2622,0.2893,0.329,0.2713,0.3686,0.8501,0.2794,0.3533,0.3488,0.2749,0.3308,0.3668,0.3795,0.3073
6/9/2020,14.4223,0.324,0.3009,0.238,0.3683,0.3298,0.3112,0.439,0.3523,0.3998,0.3169,0.3176,0.2823,0.2527,0.2579,0.2964,0.2656,0.2945,0.2546,0.2636,0.2823,0.2636,0.2405,0.342,0.2502,0.2502,0.2906,0.29,0.236,0.3067,0.2823,0.2418,0.2617,0.2296,0.218,0.2469,0.2591,0.2669,0.2746,0.3876,0.9142,0.2784,0.288,0.2816,0.2335,0.2546,0.3266,0.2662,0.2932
6/8/2020,13.0587,0.2901,0.2719,0.2608,0.3139,0.3453,0.3483,0.3549,0.3341,0.3139,0.2517,0.282,0.284,0.242,0.2319,0.2754,0.2795,0.2648,0.2496,0.2845,0.284,0.2471,0.2193,0.2835,0.2911,0.2198,0.2673,0.2987,0.2193,0.2385,0.2481,0.2314,0.2431,0.2051,0.2365,0.2112,0.2329,0.2228,0.2754,0.2556,0.4677,0.2896,0.2598,0.2845,0.2557,0.2759,0.2623,0.2709,0.283
6/7/2020,10.4204,0.2318,0.2238,0.233,0.2318,0.2901,0.2521,0.2482,0.2434,0.2262,0.2066,0.2044,0.1972,0.2073,0.2035,0.2047,0.2098,0.1989,0.2257,0.2088,0.2233,0.1998,0.2039,0.2027,0.2182,0.2061,0.2049,0.1938,0.1916,0.2119,0.2015,0.1843,0.1979,0.1921,0.1909,0.2059,0.1993,0.1967,0.2129,0.2423,0.4225,0.2136,0.2078,0.2148,0.1911,0.2088,0.2037,0.2223,0.2085
6/6/2020,10.7287,0.2229,0.2251,0.2109,0.2515,0.2283,0.2289,0.2231,0.2384,0.2223,0.2283,0.2313,0.2332,0.2139,0.2158,0.2215,0.2,0.2324,0.2346,0.2286,0.2128,0.212,0.2182,0.2057,0.2174,0.1972,0.2092,0.2502,0.2016,0.23,0.2081,0.2079,0.1888,0.2008,0.1956,0.191,0.2128,0.2245,0.2141,0.2452,0.4323,0.1989,0.2114,0.2174,0.2292,0.2346,0.2278,0.2256,0.2174
6/5/2020,10.4651,0.2251,0.2027,0.23,0.2426,0.2911,0.2325,0.2098,0.2414,0.199,0.2061,0.211,0.1958,0.195,0.21,0.2068,0.2234,0.2133,0.2113,0.2216,0.2261,0.2019,0.1962,0.2202,0.198,0.1918,0.2012,0.2416,0.1923,0.2224,0.2061,0.1982,0.1913,0.1874,0.1985,0.1866,0.1992,0.2007,0.1999,0.266,0.5029,0.2091,0.2209,0.1994,0.1958,0.2056,0.2216,0.2145,0.2012
6/4/2020,10.421,0.2069,0.219,0.2187,0.2354,0.2267,0.2587,0.2085,0.2458,0.2013,0.2393,0.2001,0.234,0.1984,0.2136,0.2144,0.2153,0.1962,0.219,0.2134,0.2001,0.2112,0.2139,0.2134,0.2262,0.2037,0.2078,0.2383,0.1989,0.2093,0.2151,0.1829,0.2023,0.1957,0.1964,0.1935,0.2069,0.2015,0.2214,0.2417,0.4206,0.2165,0.1899,0.2223,0.2042,0.2066,0.2037,0.2069,0.2054
6/3/2020,10.2887,0.2005,0.212,0.2076,0.2516,0.2546,0.2122,0.2108,0.2447,0.212,0.2189,0.2257,0.1955,0.1989,0.1985,0.2092,0.1967,0.2163,0.201,0.2076,0.2184,0.2156,0.2218,0.1955,0.2177,0.2031,0.1909,0.2312,0.1944,0.2376,0.2076,0.1939,0.1873,0.1891,0.1838,0.1983,0.2024,0.1928,0.1941,0.2424,0.4229,0.1964,0.2104,0.2163,0.2028,0.2154,0.2145,0.2147,0.2031
6/2/2020,10.2011,0.2065,0.2157,0.1959,0.251,0.2584,0.2127,0.2202,0.2558,0.2466,0.2373,0.1975,0.2246,0.1975,0.2047,0.2023,0.1973,0.2131,0.2098,0.2144,0.199,0.2067,0.1986,0.2151,0.2153,0.1944,0.2129,0.2129,0.1953,0.2001,0.2034,0.1889,0.188,0.2014,0.192,0.1944,0.2019,0.2168,0.2129,0.2184,0.3417,0.2171,0.2131,0.1973,0.2008,0.1981,0.1955,0.2017,0.2061
6/1/2020,11.0368,0.2338,0.2359,0.2417,0.2757,0.2981,0.2735,0.2256,0.2933,0.2705,0.2578,0.2198,0.2231,0.2107,0.2174,0.2052,0.2183,0.235,0.2095,0.2216,0.2119,0.2183,0.2034,0.2159,0.2295,0.2107,0.2156,0.2004,0.2031,0.2405,0.2289,0.1913,0.2077,0.1894,0.201,0.1922,0.2156,0.2238,0.2244,0.2449,0.4313,0.235,0.2383,0.2368,0.2031,0.2067,0.2371,0.2101,0.2034
5/31/2020,10.8166,0.2019,0.232,0.2374,0.272,0.2568,0.2224,0.234,0.263,0.2292,0.2089,0.2667,0.2171,0.2055,0.2013,0.2191,0.214,0.2103,0.2362,0.2109,0.2137,0.2089,0.2002,0.2314,0.2222,0.201,0.2007,0.2382,0.2047,0.2481,0.2199,0.2064,0.1954,0.1993,0.1948,0.2103,0.2117,0.2216,0.2278,0.235,0.3978,0.2292,0.2357,0.2222,0.1979,0.2278,0.2407,0.2193,0.216
5/30/2020,11.4763,0.215,0.2153,0.2289,0.3099,0.2849,0.2529,0.3137,0.2772,0.2821,0.271,0.2838,0.2647,0.2056,0.2181,0.2192,0.2122,0.2372,0.2345,0.2369,0.2209,0.2185,0.2,0.2299,0.2501,0.215,0.2258,0.2292,0.2073,0.257,0.2126,0.1997,0.2059,0.2101,0.2073,0.2032,0.2272,0.2324,0.2077,0.2571,0.4728,0.2317,0.2418,0.2487,0.2146,0.2174,0.2091,0.2205,0.2397
5/29/2020,10.157,0.2018,0.1979,0.2079,0.2363,0.2758,0.2473,0.2297,0.2223,0.1966,0.2187,0.2402,0.2012,0.1915,0.2124,0.2061,0.2128,0.2096,0.2044,0.2158,0.2033,0.2083,0.1995,0.207,0.2152,0.2083,0.2038,0.2249,0.1928,0.1971,0.2025,0.1932,0.1945,0.1867,0.1887,0.2012,0.2023,0.2193,0.2059,0.2155,0.3318,0.1941,0.2133,0.2089,0.1867,0.2089,0.2212,0.1941,0.1997
5/28/2020,10.025,0.196,0.2084,0.1966,0.2321,0.2418,0.2205,0.2321,0.2448,0.2191,0.2296,0.2122,0.1985,0.1924,0.2096,0.1904,0.2132,0.1908,0.2116,0.2106,0.2019,0.1966,0.1979,0.2149,0.2189,0.1863,0.1989,0.193,0.1881,0.2185,0.2051,0.1977,0.1837,0.181,0.1964,0.191,0.1987,0.191,0.2139,0.2214,0.3519,0.212,0.2159,0.1887,0.1944,0.1934,0.2118,0.2013,0.2104
5/27/2020,12.4434,0.2529,0.248,0.2631,0.3213,0.3089,0.2742,0.3324,0.2844,0.2969,0.2506,0.3177,0.252,0.2329,0.2555,0.2569,0.2591,0.2435,0.24,0.2662,0.2666,0.2622,0.2373,0.2591,0.2835,0.2271,0.2173,0.2613,0.2249,0.2578,0.2267,0.232,0.2129,0.2107,0.2107,0.2324,0.2333,0.2262,0.2742,0.2529,0.4585,0.2444,0.2751,0.2293,0.2751,0.2484,0.2444,0.2586,0.244
5/26/2020,10.7725,0.2385,0.2232,0.2196,0.2371,0.2371,0.2407,0.2246,0.2318,0.2601,0.2163,0.2568,0.2207,0.2227,0.2063,0.201,0.2338,0.2135,0.2191,0.2088,0.2083,0.2243,0.1994,0.2432,0.2354,0.2188,0.2049,0.2002,0.1986,0.2473,0.2116,0.1963,0.2083,0.2085,0.1983,0.19,0.2035,0.1974,0.2074,0.2471,0.4389,0.2346,0.2196,0.2293,0.2135,0.2238,0.231,0.213,0.2083
5/25/2020,15.5657,0.3392,0.346,0.29,0.4458,0.4383,0.3134,0.3149,0.4746,0.4337,0.4012,0.3097,0.3384,0.2945,0.2975,0.2801,0.2749,0.3323,0.2771,0.3059,0.3233,0.2938,0.3301,0.2605,0.2582,0.2923,0.3074,0.2779,0.2537,0.2726,0.2749,0.2295,0.2673,0.2711,0.2703,0.2325,0.2726,0.2612,0.2764,0.3793,0.8861,0.2975,0.3883,0.349,0.2991,0.3301,0.3013,0.2907,0.3112
5/24/2020,8.882,0.1784,0.1852,0.188,0.1949,0.1892,0.187,0.2045,0.1914,0.1921,0.1968,0.2001,0.178,0.1811,0.1811,0.1795,0.1841,0.1823,0.184,0.1866,0.1869,0.1809,0.1786,0.1791,0.1769,0.1844,0.178,0.1871,0.1779,0.1915,0.1802,0.1799,0.1763,0.1753,0.1802,0.1797,0.182,0.1772,0.1836,0.1861,0.2323,0.1768,0.1901,0.183,0.1777,0.1877,0.1877,0.1841,0.1765
5/23/2020,12.0477,0.2715,0.2646,0.2395,0.2832,0.3282,0.2642,0.3002,0.327,0.2978,0.2274,0.3112,0.246,0.2286,0.2464,0.2521,0.2598,0.2148,0.2638,0.2363,0.2606,0.2335,0.2553,0.2282,0.2209,0.2383,0.2557,0.2658,0.2217,0.2448,0.2258,0.2015,0.2128,0.2039,0.2128,0.227,0.2233,0.2254,0.2569,0.2534,0.46,0.2262,0.2189,0.2622,0.2387,0.2209,0.2322,0.229,0.2294
5/22/2020,11.784,0.245,0.2499,0.2272,0.2685,0.2749,0.2749,0.3059,0.3218,0.2302,0.2416,0.2336,0.2348,0.2344,0.2102,0.2246,0.2382,0.2128,0.2537,0.2212,0.2257,0.2291,0.2488,0.2276,0.2204,0.2227,0.2503,0.2469,0.217,0.2344,0.242,0.2151,0.2246,0.2159,0.223,0.2053,0.2302,0.2499,0.237,0.2706,0.5183,0.2473,0.2446,0.2382,0.2499,0.2499,0.2249,0.2567,0.2143
5/21/2020,7.9584,0.1659,0.1656,0.1661,0.1657,0.1653,0.1651,0.1652,0.1658,0.1653,0.1658,0.1654,0.1661,0.166,0.166,0.166,0.1657,0.1657,0.1659,0.166,0.1661,0.1658,0.1658,0.1655,0.166,0.1663,0.1658,0.1661,0.1661,0.1654,0.1658,0.166,0.1664,0.1661,0.1662,0.1663,0.166,0.1659,0.1659,0.1655,0.1626,0.1658,0.1662,0.1661,0.1662,0.1659,0.1661,0.1658,0.1661
5/20/2020,14.6423,0.265,0.2955,0.2895,0.3719,0.4822,0.4131,0.3859,0.4131,0.3008,0.3805,0.2836,0.342,0.3008,0.3035,0.3108,0.3088,0.3135,0.3148,0.2736,0.3148,0.3115,0.2836,0.2703,0.3447,0.2829,0.2643,0.3593,0.2444,0.269,0.3022,0.2477,0.2178,0.2171,0.2318,0.2264,0.2636,0.3294,0.2935,0.2492,0.4461,0.3055,0.2849,0.3042,0.2783,0.2862,0.2816,0.2856,0.2975
5/19/2020,11.2564,0.2289,0.2279,0.2044,0.2718,0.3086,0.2523,0.2845,0.2845,0.2582,0.2347,0.2722,0.238,0.2188,0.208,0.2289,0.2442,0.2136,0.2422,0.2132,0.2175,0.208,0.2139,0.2054,0.2227,0.2041,0.2197,0.2344,0.2057,0.2718,0.2204,0.196,0.2022,0.211,0.1976,0.2126,0.2178,0.2302,0.2259,0.2427,0.4238,0.2311,0.2357,0.2442,0.1996,0.2272,0.2513,0.21,0.239
5/18/2020,16.0931,0.3261,0.386,0.3479,0.3884,0.3698,0.3649,0.4556,0.4119,0.4499,0.3771,0.2937,0.2751,0.314,0.28,0.2703,0.3148,0.2743,0.3366,0.3528,0.3277,0.3148,0.3423,0.2856,0.3229,0.2565,0.3123,0.2962,0.2654,0.3156,0.3051,0.2508,0.2581,0.2889,0.2622,0.2638,0.3051,0.3358,0.335,0.4011,0.96,0.2905,0.3706,0.3366,0.2832,0.3601,0.2565,0.3075,0.2937
5/17/2020,17.1923,0.3882,0.3781,0.2678,0.3965,0.6024,0.47,0.3717,0.379,0.3928,0.4057,0.5224,0.2715,0.3496,0.2816,0.3625,0.3404,0.2806,0.3229,0.368,0.391,0.3036,0.2871,0.4075,0.3992,0.3321,0.333,0.4709,0.2733,0.4323,0.3055,0.2439,0.2402,0.2797,0.2659,0.2586,0.2834,0.3588,0.288,0.3927,0.9316,0.3496,0.3864,0.3615,0.2935,0.2926,0.2917,0.2944,0.2926
5/16/2020,22.0288,0.5553,0.4893,0.4767,0.6254,0.8134,0.429,0.5384,0.4837,0.544,0.4486,0.5202,0.5244,0.436,0.3911,0.3883,0.5076,0.4641,0.4711,0.3771,0.4613,0.4529,0.3575,0.5006,0.4753,0.3027,0.4557,0.6338,0.3182,0.4009,0.4627,0.3547,0.3041,0.2859,0.3687,0.321,0.3855,0.3589,0.3168,0.5187,1.3578,0.3322,0.3504,0.3687,0.3883,0.4893,0.4823,0.4318,0.3084
5/15/2020,20.9298,0.3684,0.3903,0.4925,0.464,0.5274,0.5028,0.5998,0.4977,0.5106,0.4809,0.605,0.4395,0.4291,0.4382,0.3606,0.4459,0.4472,0.4266,0.4615,0.3593,0.3813,0.4201,0.4563,0.3981,0.4227,0.4072,0.4964,0.3425,0.4705,0.4266,0.2753,0.3244,0.2934,0.3684,0.3593,0.3632,0.4796,0.4046,0.3961,0.9431,0.4977,0.4847,0.3283,0.4136,0.3283,0.4524,0.4524,0.296
5/14/2020,19.6543,0.3135,0.3706,0.3811,0.4708,0.5664,0.3998,0.5373,0.6293,0.3275,0.3403,0.5466,0.4627,0.3834,0.2972,0.3415,0.3461,0.3776,0.3298,0.4161,0.4184,0.3928,0.3764,0.3671,0.4487,0.3357,0.3019,0.3753,0.3228,0.3998,0.3601,0.2401,0.2914,0.2692,0.2541,0.2785,0.324,0.3823,0.2937,0.6694,1.8678,0.3228,0.472,0.4266,0.3158,0.3764,0.3112,0.324,0.2984
5/13/2020,19.5226,0.3199,0.3234,0.328,0.5573,0.4858,0.5435,0.3925,0.6299,0.3844,0.5423,0.5365,0.4858,0.4006,0.381,0.4052,0.313,0.3038,0.4409,0.3994,0.4282,0.3533,0.3234,0.3222,0.3245,0.3741,0.3775,0.3718,0.3211,0.54,0.4052,0.2681,0.3211,0.2715,0.3407,0.3337,0.3142,0.3925,0.3764,0.4387,1.0872,0.4651,0.4778,0.3683,0.3268,0.3291,0.4755,0.3176,0.3038
5/12/2020,22.2484,0.4787,0.4816,0.3676,0.6711,0.7851,0.634,0.7722,0.5371,0.5528,0.5101,0.359,0.5044,0.359,0.379,0.4687,0.4944,0.3875,0.3946,0.4673,0.4003,0.426,0.3505,0.3832,0.463,0.3733,0.3989,0.4388,0.3448,0.3576,0.3547,0.3234,0.3889,0.3177,0.3377,0.359,0.3832,0.4231,0.3206,0.5872,1.5899,0.3619,0.4046,0.3177,0.4801,0.4602,0.3661,0.4502,0.4816
5/11/2020,17.2802,0.3356,0.3198,0.394,0.498,0.626,0.3625,0.5147,0.3662,0.4905,0.4469,0.3718,0.4172,0.2836,0.3606,0.3653,0.2938,0.3207,0.3662,0.3374,0.3792,0.3541,0.2938,0.2762,0.3411,0.3226,0.3263,0.4581,0.2632,0.4581,0.3049,0.3068,0.252,0.2873,0.2697,0.2725,0.2864,0.3532,0.3912,0.2842,0.5642,0.2817,0.4061,0.3736,0.3866,0.3049,0.3068,0.3588,0.3458
5/10/2020,15.7398,0.3498,0.3018,0.3707,0.4512,0.5348,0.4128,0.4709,0.3811,0.4299,0.4275,0.3532,0.3548,0.2789,0.3269,0.2828,0.3006,0.3525,0.33,0.3548,0.3223,0.2952,0.2402,0.3517,0.3633,0.2983,0.3323,0.3974,0.2596,0.4268,0.2882,0.2356,0.241,0.2867,0.2441,0.2309,0.2874,0.354,0.3416,0.1626,0.1529,0.3509,0.3517,0.2851,0.3463,0.2658,0.3563,0.3455,0.2611
5/9/2020,14.2457,0.2885,0.2847,0.2747,0.4065,0.3947,0.3334,0.3528,0.359,0.3003,0.306,0.2778,0.2766,0.2878,0.2947,0.2435,0.2797,0.3047,0.2872,0.2903,0.2585,0.2897,0.266,0.2778,0.2685,0.2797,0.2572,0.3491,0.2354,0.2853,0.2497,0.2185,0.2241,0.2516,0.2604,0.266,0.2697,0.2778,0.2479,0.3091,0.6488,0.2878,0.3384,0.3222,0.3166,0.2491,0.2978,0.291,0.3091
5/8/2020,12.7071,0.2622,0.241,0.2377,0.354,0.355,0.298,0.3022,0.2862,0.2636,0.25,0.266,0.2575,0.2349,0.2585,0.2665,0.2646,0.2486,0.2274,0.2377,0.2425,0.2599,0.2745,0.2909,0.2312,0.2133,0.257,0.2495,0.233,0.2895,0.2387,0.2246,0.2194,0.2043,0.2119,0.2175,0.2279,0.2297,0.2236,0.3207,0.6881,0.2909,0.2307,0.2603,0.282,0.2396,0.2453,0.2749,0.2241
5/7/2020,13.5423,0.2637,0.2853,0.2287,0.3468,0.441,0.3596,0.2714,0.3479,0.2409,0.3507,0.2919,0.2714,0.2598,0.2847,0.2731,0.2526,0.2598,0.2731,0.2631,0.2919,0.2376,0.2858,0.2764,0.2581,0.2736,0.2836,0.2454,0.2276,0.2642,0.2742,0.2199,0.2343,0.252,0.2332,0.2348,0.257,0.2509,0.2465,0.3606,0.823,0.2548,0.2409,0.2271,0.2642,0.247,0.2337,0.2398,0.2387
5/6/2020,12.4875,0.2479,0.2533,0.273,0.3453,0.3933,0.2591,0.2609,0.3417,0.2685,0.2667,0.2353,0.2865,0.2272,0.2407,0.2272,0.2259,0.2335,0.269,0.229,0.2748,0.2358,0.2174,0.2425,0.2367,0.2551,0.2412,0.282,0.2205,0.2735,0.2367,0.2035,0.2111,0.2115,0.2326,0.2174,0.2281,0.2237,0.2326,0.2859,0.5702,0.2676,0.2901,0.2771,0.2156,0.2735,0.2582,0.2277,0.2609
5/5/2020,14.7742,0.3462,0.2879,0.3557,0.4403,0.4451,0.3218,0.357,0.4363,0.3678,0.3103,0.3739,0.3435,0.2784,0.3001,0.271,0.2642,0.3015,0.3286,0.2906,0.3259,0.2784,0.2676,0.3204,0.2906,0.292,0.2791,0.2886,0.2385,0.3584,0.3103,0.2744,0.2574,0.2662,0.2358,0.2473,0.2866,0.292,0.2561,0.2554,0.4668,0.2439,0.3279,0.2717,0.29,0.3089,0.2561,0.3265,0.2412
5/4/2020,13.0589,0.2334,0.2613,0.2542,0.3746,0.3711,0.369,0.322,0.3184,0.2254,0.3245,0.24,0.242,0.2512,0.2653,0.2385,0.24,0.2795,0.2785,0.2451,0.2436,0.2592,0.2754,0.2673,0.2345,0.2694,0.2547,0.326,0.2238,0.2952,0.2648,0.2208,0.24,0.2112,0.2269,0.2284,0.2552,0.2501,0.2517,0.2925,0.5923,0.2233,0.2977,0.2643,0.2334,0.2739,0.24,0.2764,0.2329
5/3/2020,13.3669,0.2756,0.2831,0.2606,0.2912,0.3073,0.3685,0.3679,0.3454,0.2853,0.2788,0.2955,0.2906,0.2536,0.2778,0.2778,0.2697,0.2348,0.2359,0.2617,0.2885,0.2456,0.2751,0.3105,0.2343,0.2676,0.2246,0.2826,0.2413,0.2525,0.2778,0.2257,0.2117,0.2214,0.2069,0.223,0.2509,0.2515,0.2391,0.3123,0.6596,0.3062,0.3067,0.2364,0.2751,0.281,0.266,0.2729,0.259
5/2/2020,11.6958,0.221,0.2225,0.2339,0.2639,0.3193,0.2883,0.2605,0.3119,0.2073,0.2262,0.2994,0.2173,0.2302,0.2391,0.2206,0.2358,0.2203,0.2594,0.2491,0.2195,0.2143,0.2029,0.228,0.2605,0.2391,0.2432,0.2609,0.2058,0.2724,0.228,0.1955,0.2228,0.1933,0.1944,0.2199,0.2199,0.2121,0.2062,0.2897,0.5829,0.2084,0.2184,0.2084,0.2458,0.2513,0.2506,0.2454,0.2302
5/1/2020,14.1139,0.2908,0.2498,0.2669,0.3226,0.3128,0.3275,0.4021,0.3501,0.2908,0.3097,0.3837,0.2547,0.2388,0.2565,0.2798,0.251,0.2614,0.2462,0.3122,0.2559,0.292,0.2731,0.311,0.2517,0.2504,0.262,0.355,0.2315,0.3281,0.2498,0.2498,0.2394,0.2492,0.262,0.2174,0.2706,0.2834,0.2541,0.3531,0.7977,0.3152,0.2834,0.2706,0.2296,0.3097,0.3171,0.2957,0.248
4/30/2020,17.7637,0.4069,0.3727,0.3678,0.444,0.5709,0.4098,0.4801,0.3981,0.4322,0.4381,0.3551,0.3336,0.276,0.3346,0.361,0.3082,0.3053,0.2838,0.3619,0.3942,0.3112,0.275,0.2799,0.3453,0.3307,0.2829,0.2809,0.3053,0.3864,0.3453,0.2682,0.2438,0.2428,0.2731,0.2584,0.2955,0.3112,0.3112,0.5602,1.4984,0.3883,0.4127,0.2887,0.2829,0.3893,0.3678,0.3219,0.2721
4/29/2020,20.5341,0.3597,0.3647,0.3685,0.5464,0.6116,0.6592,0.6517,0.5026,0.4562,0.4011,0.4011,0.4687,0.4199,0.4011,0.3459,0.3271,0.3534,0.4023,0.4424,0.4186,0.3509,0.3083,0.396,0.4788,0.3196,0.3835,0.3183,0.3083,0.4637,0.3873,0.2607,0.2619,0.3258,0.2983,0.272,0.3584,0.3584,0.4437,0.671,1.8733,0.3359,0.3384,0.2958,0.4048,0.3384,0.4086,0.3622,0.3096
4/28/2020,21.5012,0.4988,0.4097,0.353,0.5933,0.5042,0.596,0.4434,0.5055,0.5812,0.3611,0.488,0.5353,0.4367,0.38,0.4259,0.4893,0.3449,0.5001,0.4137,0.4124,0.353,0.3597,0.4421,0.3908,0.3314,0.3071,0.4664,0.3071,0.3678,0.4016,0.2585,0.3503,0.3071,0.3638,0.3746,0.4043,0.4704,0.3827,0.6779,1.8966,0.4799,0.3732,0.326,0.3813,0.4313,0.3327,0.357,0.3341
4/27/2020,16.3568,0.292,0.3739,0.3179,0.4449,0.5227,0.4951,0.4199,0.3681,0.4316,0.4332,0.48,0.3221,0.3338,0.3263,0.2728,0.2661,0.3037,0.3397,0.3338,0.2845,0.302,0.2962,0.3898,0.2669,0.3196,0.3271,0.3096,0.2628,0.3781,0.2795,0.2603,0.2929,0.2402,0.2778,0.2419,0.2937,0.3154,0.3096,0.3413,0.7575,0.3263,0.3087,0.2778,0.2929,0.3714,0.3146,0.3112,0.3296
4/26/2020,15.9172,0.3583,0.325,0.2728,0.458,0.557,0.3915,0.3274,0.3741,0.4509,0.2704,0.3092,0.3171,0.325,0.2965,0.2973,0.3353,0.2838,0.3361,0.344,0.2902,0.2609,0.291,0.3883,0.3488,0.3163,0.2617,0.3226,0.253,0.3329,0.2918,0.268,0.2569,0.249,0.2458,0.268,0.2688,0.2648,0.3385,0.3789,0.8847,0.3733,0.3147,0.2894,0.253,0.3329,0.3551,0.264,0.3242
4/25/2020,17.3244,0.3401,0.3308,0.3224,0.5359,0.383,0.3569,0.3392,0.3849,0.3839,0.4576,0.396,0.3345,0.3065,0.2879,0.3615,0.3559,0.3047,0.3867,0.3252,0.3429,0.2776,0.3709,0.3177,0.3634,0.3224,0.3019,0.4138,0.2907,0.4138,0.3214,0.2627,0.2413,0.3047,0.2823,0.2814,0.3177,0.3625,0.3214,0.4395,1.0901,0.3438,0.3606,0.3103,0.3653,0.3643,0.3513,0.3186,0.3765
4/24/2020,17.9398,0.2989,0.433,0.3168,0.4509,0.4321,0.3615,0.4201,0.3635,0.4738,0.5036,0.3724,0.3764,0.3555,0.3704,0.3078,0.3635,0.3426,0.3615,0.3834,0.3814,0.3048,0.3237,0.4301,0.3764,0.281,0.3396,0.4827,0.2671,0.3187,0.3436,0.2641,0.3078,0.272,0.3038,0.3237,0.3287,0.4012,0.28,0.4607,1.1618,0.4122,0.3565,0.2631,0.28,0.3625,0.3446,0.3993,0.281
4/23/2020,21.4569,0.5233,0.4102,0.491,0.5892,0.7897,0.5489,0.4089,0.6713,0.4708,0.4156,0.6242,0.3833,0.3322,0.3954,0.4735,0.4896,0.3443,0.3927,0.4264,0.495,0.4533,0.3753,0.3335,0.3403,0.3349,0.343,0.5367,0.3537,0.3483,0.4547,0.3308,0.2864,0.2757,0.2743,0.312,0.3766,0.4183,0.3389,0.5795,1.5638,0.4008,0.4049,0.4721,0.3712,0.4506,0.3753,0.3631,0.3134
4/22/2020,24.0957,0.4741,0.4612,0.5095,0.7203,0.561,0.7686,0.4677,0.8234,0.5143,0.6898,0.6946,0.4854,0.4516,0.3437,0.5433,0.3743,0.3695,0.4741,0.524,0.5513,0.363,0.4499,0.5787,0.4693,0.4017,0.4532,0.5224,0.3791,0.6705,0.4451,0.2745,0.3614,0.4081,0.3228,0.297,0.3711,0.5063,0.4998,0.5371,1.4203,0.4516,0.5562,0.4242,0.5208,0.4274,0.4001,0.3759,0.4065
4/21/2020,23.348,0.5258,0.5212,0.5857,0.7453,0.5151,0.6286,0.4982,0.4828,0.4782,0.4353,0.4583,0.5304,0.3907,0.4982,0.5028,0.469,0.4598,0.4828,0.4675,0.4629,0.4307,0.4813,0.5964,0.4491,0.3109,0.4337,0.5043,0.3708,0.4107,0.3769,0.2956,0.3907,0.3324,0.291,0.4107,0.3954,0.3647,0.5135,0.6218,1.7068,0.3877,0.5473,0.3508,0.3601,0.5273,0.5227,0.5013,0.3248
4/20/2020,21.765,0.3773,0.38,0.3635,0.5879,0.837,0.5383,0.5039,0.4626,0.5149,0.5961,0.3635,0.3263,0.369,0.3484,0.3938,0.4076,0.4557,0.4103,0.4186,0.431,0.3897,0.4351,0.4626,0.4186,0.2947,0.3084,0.3855,0.3511,0.6361,0.3883,0.2809,0.3814,0.3236,0.3718,0.3525,0.3979,0.4103,0.3387,0.6555,1.821,0.3566,0.5369,0.3002,0.3924,0.3608,0.4241,0.4475,0.4571
4/19/2020,17.6757,0.4047,0.367,0.4047,0.5643,0.5305,0.4376,0.3563,0.4482,0.2828,0.2992,0.4773,0.3147,0.3582,0.335,0.336,0.3979,0.3273,0.3612,0.3263,0.3989,0.3254,0.2654,0.3882,0.3147,0.3331,0.3118,0.4521,0.2818,0.336,0.3147,0.2576,0.2905,0.276,0.3079,0.2886,0.3118,0.3524,0.275,0.4397,1.0906,0.2983,0.2837,0.3931,0.2876,0.3911,0.3486,0.3737,0.3582
4/18/2020,16.3129,0.3421,0.3512,0.3213,0.3637,0.4194,0.3986,0.3246,0.421,0.3296,0.3446,0.4111,0.2614,0.3205,0.293,0.2905,0.3371,0.298,0.3096,0.3055,0.3205,0.3105,0.2648,0.372,0.2697,0.318,0.2814,0.4393,0.2548,0.3096,0.3304,0.2382,0.234,0.2548,0.2697,0.2756,0.303,0.283,0.2814,0.453,1.1356,0.2997,0.3196,0.3404,0.3595,0.3471,0.2963,0.3545,0.3537
4/17/2020,16.7523,0.3934,0.3067,0.3846,0.4695,0.4362,0.4345,0.5071,0.5028,0.3198,0.3198,0.3671,0.2953,0.2743,0.3207,0.2953,0.3653,0.2866,0.2997,0.3583,0.3426,0.3566,0.3111,0.3233,0.3785,0.34,0.3242,0.3907,0.2892,0.3408,0.3347,0.3032,0.2621,0.2708,0.2341,0.2516,0.305,0.3478,0.3216,0.328,0.7126,0.3566,0.3907,0.3207,0.3487,0.3864,0.3277,0.3338,0.2822
4/16/2020,18.1157,0.3619,0.3993,0.37,0.5328,0.6209,0.5369,0.543,0.4904,0.4459,0.4671,0.4115,0.3042,0.285,0.3498,0.3852,0.37,0.3457,0.3862,0.367,0.3326,0.3649,0.3508,0.3973,0.3831,0.3639,0.287,0.4105,0.3093,0.3447,0.368,0.2779,0.3032,0.3164,0.2435,0.2779,0.3477,0.3771,0.3872,0.2735,0.5282,0.3548,0.4428,0.2881,0.3012,0.3791,0.3487,0.3892,0.3943
4/15/2020,16.357,0.3213,0.3371,0.3731,0.3898,0.3873,0.5085,0.4892,0.455,0.4048,0.3104,0.4416,0.3747,0.2887,0.302,0.3263,0.2644,0.3096,0.3689,0.353,0.3271,0.3221,0.3163,0.2728,0.2486,0.2661,0.3079,0.4224,0.2628,0.4449,0.3355,0.2461,0.2603,0.282,0.292,0.2594,0.2862,0.3438,0.3037,0.3407,0.7556,0.3338,0.2837,0.3096,0.3096,0.3071,0.3204,0.272,0.3188
4/14/2020,17.5004,0.351,0.3253,0.3073,0.4042,0.4688,0.3519,0.4906,0.3481,0.3709,0.4859,0.4441,0.3177,0.3576,0.2769,0.2911,0.3548,0.3329,0.4032,0.351,0.3443,0.351,0.3396,0.3586,0.293,0.3453,0.3586,0.3842,0.2769,0.4346,0.3529,0.2598,0.3092,0.2854,0.2512,0.2883,0.2911,0.2835,0.3567,0.4531,1.1361,0.3586,0.3177,0.4023,0.3538,0.3681,0.3101,0.312,0.2911
4/13/2020,14.114,0.2669,0.2731,0.3042,0.3727,0.3476,0.3776,0.3727,0.3067,0.325,0.3177,0.4057,0.2449,0.2877,0.2853,0.2486,0.2553,0.2975,0.3189,0.2914,0.289,0.2584,0.2529,0.2853,0.3146,0.251,0.2419,0.2486,0.2541,0.262,0.2859,0.2565,0.229,0.2535,0.2437,0.2651,0.2688,0.2761,0.3085,0.3357,0.7387,0.2981,0.3006,0.229,0.2388,0.2694,0.2523,0.2474,0.2596
4/12/2020,17.0604,0.3198,0.3941,0.3044,0.4666,0.4312,0.5101,0.4928,0.4167,0.3606,0.3769,0.4937,0.3461,0.3171,0.3279,0.3615,0.3678,0.3026,0.3143,0.3751,0.3424,0.3587,0.3769,0.3986,0.2636,0.2953,0.3488,0.2826,0.27,0.2845,0.3298,0.3044,0.289,0.2727,0.3035,0.2989,0.289,0.2917,0.2826,0.3407,0.7555,0.3288,0.4149,0.3397,0.3578,0.3941,0.2745,0.3714,0.3207
4/11/2020,15.829,0.364,0.3491,0.2857,0.4556,0.4352,0.3248,0.3099,0.3906,0.3499,0.3099,0.4329,0.3483,0.2716,0.2739,0.3326,0.2888,0.2841,0.3593,0.3279,0.3475,0.3389,0.2473,0.3741,0.2559,0.3178,0.2935,0.3115,0.2622,0.3929,0.2998,0.2512,0.2316,0.2528,0.2778,0.2888,0.3021,0.324,0.3232,0.3449,0.7698,0.3342,0.3514,0.2802,0.3405,0.3264,0.2692,0.3084,0.317
4/10/2020,16.2244,0.3772,0.3435,0.3657,0.4915,0.5557,0.4422,0.4151,0.3912,0.3871,0.4085,0.3764,0.341,0.3287,0.2571,0.2752,0.304,0.2909,0.3583,0.3032,0.3591,0.3525,0.2966,0.281,0.2761,0.3196,0.253,0.3122,0.2563,0.3377,0.3016,0.2497,0.2867,0.2407,0.2284,0.2604,0.3065,0.3525,0.3057,0.3991,0.9533,0.3106,0.3229,0.2645,0.2637,0.2999,0.267,0.2687,0.2859
4/9/2020,19.2588,0.4177,0.3277,0.4459,0.59,0.7296,0.6362,0.5044,0.6373,0.4448,0.3907,0.4493,0.4031,0.3581,0.2905,0.3401,0.375,0.331,0.4177,0.3952,0.3581,0.3783,0.3569,0.384,0.3581,0.3142,0.2815,0.483,0.3108,0.3817,0.3412,0.259,0.2567,0.3265,0.2793,0.2804,0.3502,0.3119,0.3265,0.4535,1.1374,0.3401,0.4008,0.3119,0.4256,0.3085,0.447,0.3063,0.3051
4/8/2020,18.731,0.3137,0.3856,0.3523,0.5594,0.6109,0.4081,0.4897,0.4757,0.2847,0.5058,0.5026,0.2944,0.3233,0.3405,0.3266,0.2954,0.4178,0.3577,0.4113,0.3706,0.4049,0.2965,0.3266,0.4414,0.3276,0.318,0.5004,0.3094,0.4639,0.3791,0.2879,0.2622,0.2514,0.3298,0.3373,0.3566,0.3641,0.3083,0.4048,0.9726,0.3094,0.3652,0.4006,0.4081,0.4049,0.4586,0.407,0.3083
4/7/2020,22.4686,0.511,0.511,0.3504,0.6673,0.4705,0.4864,0.4112,0.5269,0.566,0.4503,0.5226,0.4908,0.3765,0.3794,0.4517,0.3634,0.456,0.4763,0.443,0.3808,0.4937,0.3822,0.4271,0.5327,0.2983,0.349,0.4416,0.3736,0.5183,0.362,0.2839,0.281,0.362,0.3345,0.3765,0.3591,0.4777,0.5052,0.7861,2.2629,0.3316,0.3157,0.3504,0.3924,0.4777,0.4314,0.3548,0.3157
4/6/2020,15.7413,0.2719,0.3556,0.2588,0.4546,0.4392,0.385,0.2921,0.3083,0.2805,0.3261,0.3912,0.3463,0.2642,0.2719,0.323,0.2673,0.2967,0.3424,0.3377,0.3068,0.2774,0.354,0.3563,0.3579,0.2356,0.3199,0.395,0.2743,0.2944,0.2727,0.2596,0.2851,0.2882,0.2294,0.265,0.2936,0.3238,0.2619,0.4282,1.0516,0.3107,0.2696,0.2805,0.3122,0.3447,0.3199,0.2588,0.3014
4/5/2020,14.2904,0.2925,0.2881,0.3396,0.3535,0.4183,0.3164,0.3258,0.3271,0.3063,0.3554,0.4132,0.251,0.2856,0.251,0.3044,0.2466,0.2717,0.2554,0.2698,0.2572,0.2579,0.312,0.2994,0.2692,0.2767,0.2396,0.3566,0.2396,0.2491,0.2975,0.234,0.2686,0.2126,0.234,0.2214,0.2541,0.2818,0.2711,0.3638,0.8338,0.3088,0.2258,0.2975,0.2572,0.2648,0.2805,0.2535,0.3006
4/4/2020,17.412,0.3304,0.4236,0.2871,0.5036,0.4001,0.3662,0.5639,0.482,0.2853,0.3389,0.3737,0.4095,0.338,0.3229,0.2815,0.3342,0.3342,0.3869,0.3483,0.3191,0.2956,0.3455,0.29,0.2693,0.3013,0.2966,0.4114,0.2787,0.3257,0.3201,0.2824,0.273,0.2815,0.2994,0.3078,0.3126,0.3502,0.3436,0.5233,1.3734,0.3144,0.2551,0.2824,0.3078,0.3813,0.3182,0.3342,0.3078
4/3/2020,20.9297,0.4356,0.3425,0.5067,0.5959,0.4459,0.6334,0.6709,0.5054,0.3529,0.5752,0.6476,0.3076,0.3089,0.4395,0.371,0.4434,0.4718,0.4304,0.4033,0.4266,0.3335,0.305,0.3748,0.3167,0.3192,0.3606,0.5727,0.3167,0.5998,0.4072,0.3774,0.2662,0.2611,0.2947,0.3218,0.3567,0.3412,0.4356,0.5451,1.4471,0.3205,0.3684,0.3154,0.3412,0.4809,0.4731,0.3373,0.4253
4/2/2020,19.0828,0.4493,0.4149,0.3229,0.416,0.6177,0.4094,0.6033,0.5501,0.4216,0.5379,0.4094,0.4726,0.2908,0.3063,0.3883,0.3606,0.4182,0.4227,0.3329,0.3728,0.395,0.3218,0.3783,0.2764,0.3418,0.2853,0.3163,0.3008,0.4781,0.3407,0.2908,0.3185,0.2686,0.313,0.3329,0.3396,0.2908,0.4138,0.4887,1.2566,0.3019,0.3096,0.4171,0.4072,0.3872,0.3218,0.3008,0.3717
4/1/2020,19.5223,0.3568,0.351,0.4593,0.5665,0.4317,0.457,0.5492,0.5988,0.5607,0.3591,0.5077,0.4674,0.3971,0.3303,0.3234,0.4409,0.4282,0.4501,0.3741,0.3844,0.4121,0.2911,0.4663,0.3107,0.3752,0.3637,0.4674,0.2911,0.4743,0.3683,0.336,0.3499,0.2681,0.2577,0.275,0.3464,0.4167,0.3372,0.4066,0.9787,0.457,0.3752,0.3384,0.3291,0.3522,0.3867,0.3891,0.3084
3/31/2020,23.5681,0.5792,0.4235,0.4095,0.7038,0.8781,0.7131,0.71,0.6057,0.4842,0.5185,0.6929,0.5123,0.394,0.3628,0.3535,0.3862,0.5356,0.5232,0.4967,0.422,0.5029,0.4422,0.5076,0.4983,0.3364,0.4111,0.5356,0.3582,0.4858,0.3784,0.3675,0.4049,0.3862,0.3566,0.4049,0.3753,0.5029,0.4002,0.4774,1.2181,0.3535,0.3348,0.3753,0.4266,0.4516,0.5636,0.5263,0.4811
3/30/2020,22.3805,0.5449,0.5147,0.4155,0.5377,0.6743,0.6671,0.7146,0.7635,0.6872,0.4902,0.7218,0.4385,0.3565,0.4111,0.3608,0.5032,0.4974,0.506,0.4802,0.3824,0.3622,0.4111,0.4198,0.5406,0.3119,0.4298,0.506,0.3737,0.5765,0.4341,0.2961,0.3378,0.3435,0.3392,0.2961,0.4097,0.368,0.4457,0.3471,0.7772,0.4902,0.4126,0.483,0.3133,0.4226,0.3464,0.4917,0.427
3/29/2020,16.9283,0.3354,0.3158,0.2961,0.4952,0.4167,0.5336,0.5033,0.5024,0.2711,0.3961,0.3515,0.3086,0.3488,0.3265,0.2765,0.372,0.3024,0.3042,0.2926,0.3479,0.2961,0.2801,0.3515,0.314,0.2479,0.364,0.4408,0.2577,0.4559,0.314,0.2443,0.2372,0.2604,0.2872,0.2988,0.3167,0.2836,0.2801,0.4414,1.0964,0.2729,0.3211,0.3309,0.2818,0.3381,0.3979,0.297,0.3238
3/28/2020,19.2144,0.4392,0.4616,0.3427,0.4941,0.4055,0.4605,0.3596,0.4627,0.4044,0.4369,0.4897,0.299,0.299,0.3809,0.382,0.3024,0.3932,0.3169,0.3786,0.4235,0.3551,0.3797,0.4145,0.2878,0.3719,0.3921,0.3035,0.3158,0.3461,0.3685,0.2429,0.3091,0.2698,0.2485,0.3169,0.3169,0.4033,0.3943,0.6056,1.6522,0.3966,0.4594,0.3259,0.3326,0.3708,0.3719,0.3663,0.364
3/27/2020,20.9297,0.4434,0.4925,0.5041,0.5688,0.7679,0.5171,0.5778,0.4615,0.6063,0.4459,0.5558,0.3826,0.3529,0.3942,0.4046,0.4809,0.4628,0.4692,0.4744,0.3839,0.3244,0.3257,0.3968,0.4007,0.3541,0.3722,0.4964,0.3205,0.358,0.3645,0.3477,0.3658,0.2753,0.3722,0.3076,0.38,0.3955,0.4653,0.4687,1.1887,0.4007,0.3218,0.4369,0.3774,0.3697,0.327,0.3179,0.3516
3/26/2020,20.6657,0.3896,0.425,0.4428,0.5998,0.4846,0.4605,0.5061,0.5378,0.6112,0.5644,0.3681,0.4326,0.3351,0.4187,0.4162,0.3605,0.3769,0.4377,0.4415,0.3465,0.4073,0.3123,0.4808,0.4516,0.3807,0.3605,0.3339,0.2946,0.4744,0.4136,0.3719,0.2667,0.2921,0.3313,0.2807,0.3402,0.3757,0.4529,0.5847,1.5814,0.4516,0.3136,0.3478,0.4516,0.4124,0.3123,0.3212,0.3123
3/25/2020,18.8187,0.3895,0.4274,0.4371,0.5096,0.5551,0.5583,0.4339,0.475,0.3582,0.528,0.4718,0.3787,0.3181,0.3949,0.2965,0.4068,0.3787,0.3311,0.3365,0.3787,0.3398,0.2694,0.3452,0.3549,0.3679,0.3657,0.4036,0.3116,0.3787,0.3647,0.3084,0.3041,0.2738,0.2932,0.3365,0.3495,0.4036,0.3365,0.4463,1.1129,0.3939,0.2792,0.4188,0.2932,0.3841,0.3333,0.3484,0.3376
3/24/2020,16.5324,0.3271,0.316,0.3894,0.4056,0.3885,0.4602,0.5267,0.4235,0.444,0.3279,0.3569,0.2682,0.3134,0.3459,0.3535,0.3177,0.3151,0.3518,0.3296,0.3271,0.2998,0.3245,0.3552,0.2981,0.2878,0.31,0.4252,0.2836,0.4397,0.2989,0.2247,0.3083,0.2887,0.2298,0.2614,0.2989,0.3382,0.3655,0.3325,0.7278,0.3348,0.3979,0.2656,0.2767,0.368,0.3552,0.2955,0.252
3/23/2020,18.2915,0.426,0.4373,0.3684,0.4301,0.4641,0.5732,0.568,0.3859,0.4476,0.3118,0.355,0.3457,0.3087,0.3581,0.3622,0.2871,0.3468,0.4198,0.3118,0.4054,0.319,0.3756,0.3529,0.3313,0.3066,0.3879,0.3118,0.2758,0.4651,0.3159,0.2727,0.2747,0.248,0.319,0.249,0.3509,0.355,0.391,0.4535,1.1374,0.4137,0.4137,0.3303,0.318,0.425,0.2891,0.3622,0.3334
3/22/2020,19.0828,0.4581,0.3795,0.3218,0.6255,0.702,0.5612,0.4548,0.4969,0.5479,0.3418,0.5712,0.4559,0.3684,0.2952,0.4105,0.4205,0.3185,0.3595,0.3506,0.3861,0.3085,0.3828,0.4515,0.4327,0.3141,0.3141,0.487,0.2886,0.5058,0.3883,0.2675,0.3462,0.2509,0.2841,0.3174,0.3584,0.3839,0.3052,0.3247,0.7013,0.3252,0.3783,0.3761,0.4182,0.3695,0.3274,0.2952,0.354
3/21/2020,18.4233,0.3241,0.4168,0.4283,0.4742,0.5794,0.4241,0.5544,0.5846,0.3428,0.3803,0.4074,0.3751,0.3689,0.2928,0.3428,0.3668,0.347,0.2917,0.3345,0.3658,0.3116,0.323,0.3668,0.4033,0.3491,0.3585,0.4773,0.298,0.3491,0.3126,0.2678,0.297,0.3053,0.2886,0.3261,0.3022,0.3397,0.2959,0.476,1.2134,0.3647,0.3449,0.3449,0.3387,0.323,0.3532,0.3303,0.3605
3/20/2020,20.7094,0.3586,0.3738,0.417,0.6751,0.5772,0.5327,0.3929,0.4234,0.5683,0.5289,0.642,0.4603,0.3179,0.3255,0.3433,0.4704,0.3268,0.4742,0.4196,0.4704,0.3637,0.4577,0.4399,0.309,0.295,0.4361,0.3344,0.3039,0.4984,0.3382,0.3052,0.3789,0.3154,0.3535,0.2874,0.356,0.3573,0.3675,0.4905,1.2625,0.5009,0.4209,0.384,0.3688,0.3891,0.5086,0.3344,0.4539
3/19/2020,21.8971,0.4835,0.5391,0.4474,0.7337,0.799,0.4613,0.4251,0.521,0.5405,0.5961,0.7128,0.3765,0.3974,0.4168,0.3404,0.4905,0.371,0.4627,0.3904,0.4752,0.4154,0.4557,0.5266,0.478,0.3807,0.446,0.4307,0.3376,0.5586,0.3626,0.3654,0.3598,0.2681,0.289,0.3515,0.3515,0.3862,0.3209,0.4535,1.1375,0.3584,0.2973,0.503,0.3223,0.4488,0.5405,0.3876,0.3835
3/18/2020,23.7876,0.5093,0.4745,0.4793,0.7666,0.6229,0.495,0.4193,0.4635,0.4824,0.5961,0.5582,0.5898,0.3609,0.4998,0.4635,0.4903,0.4966,0.3956,0.5124,0.5203,0.3656,0.3687,0.6103,0.4666,0.4303,0.4793,0.6277,0.3293,0.5187,0.4935,0.2945,0.3719,0.3482,0.2961,0.3435,0.413,0.4808,0.5377,0.6042,1.6473,0.5614,0.4998,0.4666,0.4066,0.4808,0.4098,0.3498,0.3893
3/17/2020,26.0739,0.5842,0.4179,0.5318,0.8336,0.595,0.7541,0.5751,0.6727,0.5589,0.492,0.6348,0.4775,0.4414,0.3836,0.5643,0.5245,0.3908,0.5083,0.548,0.5571,0.3727,0.5625,0.5986,0.3763,0.4866,0.3998,0.454,0.4125,0.6727,0.4468,0.3836,0.4287,0.3257,0.4215,0.351,0.3998,0.483,0.5607,0.7929,2.2859,0.4215,0.3655,0.3655,0.5516,0.4992,0.4793,0.5878,0.5426
3/16/2020,24.6231,0.4426,0.5756,0.4925,0.6554,0.9064,0.7319,0.8781,0.5158,0.3628,0.7102,0.5457,0.4426,0.3562,0.3562,0.4177,0.4276,0.5274,0.4326,0.5008,0.416,0.4343,0.5573,0.3944,0.5723,0.3661,0.4027,0.4875,0.3861,0.7368,0.4842,0.3479,0.3578,0.421,0.4276,0.3745,0.4094,0.4127,0.5174,0.5496,1.4626,0.5058,0.6271,0.3329,0.431,0.4825,0.564,0.4642,0.4193
3/15/2020,21.1054,0.514,0.3619,0.3855,0.6214,0.8115,0.5166,0.5978,0.6542,0.3279,0.5061,0.3999,0.3698,0.434,0.3895,0.3947,0.4471,0.4419,0.4262,0.3803,0.3711,0.3475,0.3174,0.3881,0.4471,0.3973,0.438,0.3252,0.3239,0.5507,0.4183,0.261,0.3383,0.3213,0.3305,0.3632,0.3855,0.3593,0.358,0.5305,1.3978,0.4288,0.4773,0.3069,0.3764,0.4314,0.4052,0.3724,0.3567
3/14/2020,21.501,0.5366,0.4218,0.4988,0.5407,0.6041,0.6271,0.5569,0.519,0.4394,0.4934,0.4853,0.3516,0.4313,0.3786,0.326,0.3408,0.3489,0.3665,0.3881,0.492,0.4245,0.3152,0.5366,0.3287,0.3084,0.4461,0.5717,0.3084,0.4853,0.4151,0.2936,0.3624,0.3476,0.3557,0.3827,0.3543,0.3867,0.4205,0.5421,1.4371,0.5001,0.3368,0.384,0.4299,0.3962,0.4691,0.4245,0.3908
3/13/2020,23.656,0.5502,0.5534,0.3999,0.7115,0.7788,0.6035,0.6943,0.6254,0.7224,0.6755,0.4453,0.4626,0.4078,0.3796,0.4579,0.3968,0.3968,0.3921,0.4516,0.4297,0.508,0.3812,0.4438,0.4641,0.4093,0.4156,0.4641,0.3373,0.4422,0.3843,0.3279,0.3639,0.317,0.3029,0.4031,0.3937,0.4986,0.533,0.5938,1.612,0.4187,0.4062,0.4782,0.4422,0.5221,0.3608,0.4453,0.4516
3/12/2020,22.6882,0.4076,0.4986,0.5765,0.5353,0.6881,0.6484,0.4355,0.7498,0.6352,0.3943,0.691,0.4222,0.4487,0.4678,0.4781,0.4105,0.4516,0.4178,0.4972,0.4781,0.3488,0.409,0.4883,0.3841,0.3606,0.3532,0.4927,0.3415,0.5236,0.4046,0.3459,0.3326,0.3973,0.3708,0.3429,0.4076,0.503,0.5001,0.4501,1.1259,0.55,0.3752,0.3209,0.4105,0.5118,0.4546,0.3576,0.4927
3/11/2020,25.9423,0.6206,0.6009,0.4125,0.8108,0.635,0.7426,0.4753,0.8449,0.7713,0.547,0.5775,0.6314,0.5255,0.5004,0.5435,0.5686,0.4214,0.4717,0.5722,0.4968,0.4286,0.5632,0.3945,0.5578,0.5381,0.4914,0.5327,0.4232,0.4412,0.4842,0.3712,0.3999,0.3802,0.3138,0.4125,0.4035,0.504,0.4017,0.535,1.4131,0.5991,0.6493,0.4502,0.5596,0.4179,0.3963,0.5614,0.5488
3/10/2020,29.5039,0.7279,0.5043,0.586,0.9494,1.2462,0.8161,1.0741,0.5666,0.8118,0.801,0.8032,0.6785,0.5989,0.6161,0.6204,0.6376,0.6484,0.4785,0.6075,0.5838,0.6118,0.4355,0.5301,0.3882,0.5903,0.4075,0.6527,0.4462,0.7193,0.4677,0.4462,0.3753,0.5086,0.5021,0.4226,0.4527,0.5451,0.6182,0.4806,1.229,0.6204,0.4333,0.5795,0.6096,0.5086,0.4763,0.4548,0.6354
3/9/2020,25.371,0.4811,0.495,0.5471,0.7295,0.6357,0.8042,0.6114,0.8181,0.5853,0.4568,0.7451,0.5367,0.4029,0.3855,0.429,0.4585,0.3716,0.561,0.4602,0.462,0.4984,0.3352,0.6391,0.5106,0.3786,0.4724,0.6687,0.3873,0.4081,0.4151,0.4463,0.3247,0.4012,0.3716,0.3456,0.4168,0.5193,0.4203,0.681,1.9071,0.6009,0.455,0.528,0.3456,0.4707,0.5019,0.5228,0.422
3/8/2020,20.0503,0.4029,0.48,0.3269,0.4764,0.5113,0.492,0.5752,0.5583,0.4619,0.3366,0.5812,0.4727,0.4077,0.3836,0.3498,0.3848,0.3884,0.4559,0.4498,0.4378,0.3956,0.3812,0.4848,0.3149,0.2836,0.398,0.5101,0.3197,0.4968,0.3775,0.3125,0.2908,0.3293,0.3438,0.2968,0.3281,0.398,0.3052,0.3965,0.9443,0.392,0.4812,0.3101,0.3474,0.4643,0.4836,0.3643,0.3667
3/7/2020,22.2489,0.3604,0.4374,0.4616,0.6725,0.748,0.4858,0.4089,0.493,0.6568,0.3847,0.6939,0.5628,0.3747,0.4687,0.4645,0.3761,0.3391,0.3448,0.4402,0.4901,0.3348,0.4445,0.3676,0.4659,0.3092,0.3505,0.5628,0.3533,0.4873,0.4659,0.2807,0.312,0.3462,0.2835,0.3206,0.3733,0.4887,0.4146,0.6266,1.723,0.4773,0.3918,0.3134,0.3419,0.3733,0.5257,0.463,0.3875
3/6/2020,24.4471,0.4512,0.4874,0.3525,0.7555,0.966,0.5351,0.8607,0.7555,0.4973,0.6831,0.5301,0.4183,0.3838,0.3887,0.545,0.4183,0.5581,0.5746,0.415,0.3936,0.4775,0.4134,0.614,0.591,0.3607,0.3591,0.5614,0.3887,0.5778,0.4134,0.3575,0.3048,0.4019,0.3509,0.3114,0.3821,0.5269,0.4331,0.4814,1.2318,0.4232,0.4693,0.5055,0.4775,0.5252,0.5186,0.5318,0.4874
3/5/2020,22.952,0.4388,0.4926,0.518,0.6407,0.6137,0.6496,0.4403,0.7199,0.4896,0.5823,0.6945,0.5644,0.3536,0.4567,0.4119,0.4657,0.3999,0.4074,0.4358,0.376,0.4822,0.53,0.3431,0.3476,0.3311,0.4612,0.4837,0.3296,0.6451,0.4642,0.2758,0.2788,0.3536,0.3521,0.3012,0.3715,0.3521,0.4627,0.6145,1.6821,0.3865,0.3296,0.4194,0.4941,0.3984,0.4164,0.3954,0.4986
3/4/2020,26.7338,0.6313,0.5132,0.4683,0.6013,0.6875,0.5601,0.9666,0.547,0.532,0.7062,0.843,0.6762,0.5376,0.3971,0.5095,0.5264,0.472,0.4926,0.59,0.6032,0.5694,0.3727,0.6743,0.3859,0.5245,0.3577,0.5151,0.4308,0.4514,0.5395,0.3971,0.4608,0.3577,0.4514,0.339,0.4439,0.3709,0.4589,0.653,1.8123,0.6181,0.5882,0.4252,0.3915,0.6238,0.6294,0.5488,0.4814
3/3/2020,32.3616,0.7733,0.5881,0.6198,0.9487,1.2167,0.8585,0.8293,0.9316,0.6904,0.9609,0.5175,0.783,0.6588,0.4736,0.5175,0.7416,0.6856,0.5491,0.5272,0.7221,0.4663,0.4468,0.5418,0.4152,0.5418,0.4346,0.6027,0.4907,0.9097,0.6198,0.4639,0.3421,0.5126,0.5491,0.5565,0.515,0.688,0.6271,0.7457,2.1261,0.6466,0.8147,0.6198,0.6515,0.5321,0.6929,0.7343,0.4809
3/2/2020,29.5916,0.7496,0.5834,0.4063,0.7345,1.0066,0.6395,0.9116,0.7065,0.7756,0.7259,0.9051,0.456,0.5424,0.6223,0.5121,0.5251,0.5251,0.6698,0.6395,0.6719,0.4452,0.3847,0.5359,0.6762,0.456,0.6007,0.6935,0.4279,0.6136,0.5359,0.5057,0.3718,0.32,0.4063,0.4344,0.4452,0.5834,0.6611,0.7271,2.0633,0.6719,0.5272,0.4042,0.6071,0.5488,0.6071,0.5618,0.4668
3/1/2020,22.1607,0.389,0.532,0.3451,0.7345,0.8124,0.5433,0.5646,0.5009,0.5405,0.4612,0.6552,0.3239,0.4329,0.3281,0.457,0.3564,0.4442,0.4173,0.3862,0.4711,0.3451,0.423,0.4371,0.4796,0.3125,0.406,0.4499,0.3394,0.4272,0.4584,0.2984,0.2729,0.3465,0.2955,0.3663,0.3479,0.3862,0.4782,0.6121,1.674,0.464,0.3281,0.423,0.4201,0.4697,0.4768,0.3508,0.3762
2/29/2020,21.5454,0.462,0.4769,0.4443,0.657,0.5798,0.699,0.5256,0.6489,0.4037,0.5879,0.4024,0.401,0.3942,0.4118,0.4647,0.443,0.4782,0.4674,0.3888,0.4538,0.3956,0.3333,0.4281,0.4362,0.3888,0.4376,0.5852,0.3251,0.42,0.4145,0.3807,0.2791,0.3265,0.2967,0.3035,0.3658,0.4525,0.3888,0.4052,0.9738,0.4823,0.4999,0.4349,0.3346,0.401,0.4796,0.4362,0.3495
2/28/2020,22.5125,0.4671,0.3742,0.3829,0.5454,0.7327,0.5571,0.5121,0.6078,0.6644,0.4903,0.7051,0.4772,0.351,0.38,0.3844,0.4613,0.3713,0.4888,0.4903,0.4221,0.4743,0.4105,0.5106,0.4888,0.4482,0.4801,0.4453,0.3669,0.6311,0.4381,0.2726,0.2886,0.2828,0.319,0.3263,0.3713,0.4119,0.4642,0.4672,1.1838,0.364,0.5237,0.4976,0.4163,0.3698,0.4366,0.4598,0.4976
2/27/2020,29.1079,0.5825,0.4601,0.707,0.7134,0.859,0.6585,1.068,0.8041,0.5508,0.6796,0.992,0.5508,0.458,0.4179,0.6353,0.5339,0.6437,0.65,0.6099,0.4917,0.4558,0.6057,0.4136,0.5994,0.5466,0.5719,0.5741,0.3841,0.6859,0.4453,0.3292,0.4031,0.496,0.4938,0.4748,0.5445,0.6353,0.6247,0.5278,1.3887,0.6796,0.6775,0.6289,0.5149,0.5719,0.7091,0.4981,0.5614
2/26/2020,29.4154,0.4386,0.4515,0.7363,0.8177,1.0104,0.6485,0.9269,0.8541,0.8177,0.8413,0.9847,0.6571,0.565,0.4879,0.4386,0.5907,0.4386,0.5222,0.5564,0.4622,0.6228,0.4215,0.5479,0.4815,0.5329,0.4622,0.8477,0.4536,0.7149,0.58,0.368,0.4172,0.505,0.3723,0.3401,0.5179,0.6014,0.5157,0.5741,1.5453,0.55,0.7021,0.6228,0.6849,0.6999,0.4601,0.5307,0.4965
2/25/2020,25.6344,0.4224,0.4012,0.5123,0.8861,0.5511,0.4929,0.4894,0.5458,0.7116,0.7151,0.7257,0.604,0.4629,0.4876,0.5617,0.5899,0.41,0.4523,0.4894,0.4418,0.4224,0.4347,0.5723,0.3518,0.4717,0.4118,0.6305,0.4083,0.544,0.4594,0.3518,0.3571,0.3483,0.4047,0.3783,0.4347,0.544,0.4717,0.6944,1.9526,0.5634,0.5864,0.4841,0.3324,0.5634,0.6534,0.3783,0.4753
2/24/2020,25.2828,0.6056,0.5521,0.6471,0.7595,0.756,0.7474,0.9012,0.5175,0.4916,0.7474,0.4622,0.4881,0.5089,0.4017,0.3931,0.4985,0.4069,0.4242,0.438,0.5417,0.4138,0.3412,0.4605,0.3516,0.3447,0.5227,0.4259,0.3879,0.4933,0.4518,0.3395,0.3602,0.3671,0.298,0.3101,0.4242,0.4985,0.5054,0.7765,2.2304,0.521,0.4639,0.4121,0.4138,0.4726,0.4657,0.3948,0.5469
2/23/2020,25.8978,0.4817,0.5139,0.5246,0.6911,0.9148,0.845,0.7877,0.6821,0.5211,0.6839,0.4727,0.5228,0.4566,0.3832,0.4566,0.4727,0.5658,0.453,0.4584,0.5765,0.4584,0.5891,0.4942,0.4119,0.4853,0.4495,0.4351,0.3635,0.5998,0.5103,0.4262,0.3331,0.3492,0.36,0.4512,0.4835,0.3832,0.5032,0.559,1.4943,0.6463,0.6338,0.6034,0.5604,0.5658,0.4065,0.4244,0.453
2/22/2020,30.119,0.6931,0.5847,0.5405,0.9364,1.0603,0.8435,0.7639,0.6046,0.4896,0.6068,0.8435,0.4122,0.6046,0.5338,0.5471,0.6953,0.5936,0.452,0.5383,0.4719,0.5515,0.4122,0.4785,0.7506,0.5073,0.6002,0.8811,0.4542,0.7373,0.5206,0.3392,0.3989,0.337,0.3724,0.4609,0.494,0.5914,0.4874,0.9739,2.8985,0.4962,0.4144,0.5847,0.4985,0.6046,0.5958,0.4299,0.4321
2/21/2020,29.504,0.4935,0.5838,0.6161,0.6656,0.8806,0.6075,0.6161,0.6075,0.7709,0.8634,0.8397,0.543,0.4591,0.5666,0.5021,0.4247,0.5107,0.7043,0.5387,0.6484,0.4398,0.4935,0.5666,0.672,0.4226,0.4613,0.4828,0.4226,0.6914,0.5279,0.5172,0.4828,0.4871,0.4441,0.4806,0.4527,0.4269,0.4054,0.9216,2.7212,0.6311,0.7086,0.5709,0.4806,0.4892,0.5537,0.657,0.4505
2/20/2020,28.4045,0.538,0.5503,0.5074,0.8563,0.787,0.9094,0.8217,0.7441,0.4707,0.5727,0.434,0.6768,0.485,0.4605,0.4748,0.4564,0.4176,0.6707,0.5074,0.5441,0.4462,0.6074,0.6584,0.3789,0.385,0.4544,0.3911,0.3728,0.4972,0.5339,0.4482,0.5074,0.3789,0.4748,0.4931,0.4646,0.6156,0.5135,0.8369,2.4347,0.7196,0.5605,0.4789,0.4829,0.5584,0.5401,0.6564,0.6298
2/19/2020,34.7364,0.8137,0.8003,0.4875,1.2495,1.3511,1.1078,1.1399,0.7549,0.8939,1.0035,1.0944,0.5891,0.541,0.6426,0.7575,0.6907,0.4902,0.7014,0.8083,0.7495,0.6319,0.6345,0.5918,0.5356,0.6051,0.5677,0.672,0.4394,0.7468,0.6105,0.4955,0.5517,0.4902,0.4955,0.5811,0.5811,0.7763,0.7736,0.3948,0.9385,0.7067,0.9313,0.7923,0.7281,0.6292,0.795,0.6105,0.7629
2/18/2020,36.2315,0.8273,0.8414,0.5817,1.1463,0.8612,0.9713,0.8781,1.2903,0.4659,1.0277,0.6071,0.96,0.5139,0.6099,0.8216,0.6805,0.7539,0.6776,0.7454,0.7285,0.4857,0.8357,0.8414,0.8922,0.6353,0.7511,0.6071,0.5083,0.8696,0.7285,0.5873,0.6268,0.5393,0.5196,0.5647,0.5619,0.6297,0.7567,0.723,2.0495,0.7793,0.5167,0.6692,0.7002,0.5958,0.6381,0.8132,0.816
2/17/2020,29.5918,0.659,0.6028,0.4042,0.6611,0.8533,0.6849,0.9548,0.8166,0.8058,0.7626,0.6115,0.646,0.5812,0.4927,0.592,0.4819,0.5769,0.659,0.6309,0.6762,0.6028,0.4819,0.7173,0.4862,0.3934,0.4646,0.3869,0.3934,0.7108,0.6093,0.5121,0.5013,0.361,0.3912,0.3588,0.5165,0.6892,0.5963,0.6434,1.78,0.5272,0.687,0.564,0.6611,0.4884,0.7173,0.633,0.564
2/16/2020,21.545,0.4606,0.4945,0.3333,0.7003,0.8534,0.5012,0.6475,0.4443,0.5283,0.3698,0.3956,0.5012,0.34,0.4051,0.3373,0.3549,0.4159,0.401,0.4904,0.4078,0.4457,0.462,0.466,0.4281,0.4091,0.3834,0.6123,0.3102,0.5283,0.3834,0.2967,0.2723,0.3753,0.34,0.3008,0.4051,0.4592,0.3184,0.5297,1.3952,0.3441,0.3875,0.5012,0.3482,0.4322,0.3346,0.3265,0.3671
2/15/2020,20.314,0.3883,0.5041,0.5041,0.4819,0.706,0.6654,0.4511,0.5164,0.4757,0.4807,0.5127,0.4967,0.328,0.3538,0.3095,0.3428,0.424,0.3243,0.424,0.3391,0.3723,0.2947,0.4056,0.4979,0.3157,0.4388,0.4807,0.3428,0.4376,0.3809,0.3157,0.2947,0.2578,0.2664,0.3329,0.3378,0.3625,0.376,0.4453,1.1096,0.3095,0.4782,0.3304,0.3698,0.456,0.4868,0.3896,0.3994
2/14/2020,18.0275,0.3712,0.4344,0.4374,0.3963,0.4334,0.4194,0.4906,0.4515,0.4003,0.4254,0.5517,0.4264,0.3361,0.279,0.3893,0.3652,0.3291,0.3221,0.3081,0.3953,0.3933,0.3151,0.3321,0.288,0.2579,0.3652,0.4354,0.281,0.4946,0.3241,0.293,0.2569,0.2409,0.2649,0.3201,0.295,0.3732,0.3371,0.3846,0.9043,0.288,0.4143,0.3762,0.3793,0.3492,0.3762,0.3762,0.3492
2/13/2020,29.1519,0.5728,0.4818,0.6087,0.8668,0.8837,0.9641,1.0043,0.7928,0.8816,0.4332,0.9768,0.4374,0.577,0.5643,0.5474,0.6807,0.5072,0.6616,0.6109,0.5707,0.4141,0.4924,0.6722,0.3782,0.4861,0.5749,0.7653,0.4141,0.5876,0.5516,0.3528,0.4163,0.3443,0.4649,0.5093,0.5114,0.6426,0.3993,0.6617,1.8418,0.4586,0.5284,0.4882,0.4691,0.6701,0.4459,0.5749,0.412
2/12/2020,28.7122,0.728,0.496,0.5353,0.6741,0.9454,0.7155,0.5851,0.9123,0.8481,0.6078,0.8564,0.4318,0.4774,0.5333,0.4898,0.4173,0.5208,0.5747,0.6182,0.5581,0.438,0.3655,0.525,0.641,0.4815,0.4235,0.5312,0.4463,0.6368,0.5561,0.4504,0.4918,0.4339,0.4173,0.5022,0.5291,0.6161,0.5022,0.6911,1.9413,0.5975,0.6161,0.6058,0.4794,0.5747,0.5996,0.5788,0.5146
2/11/2020,28.5806,0.5412,0.6565,0.7285,0.8787,0.7285,0.9837,0.8541,1.0084,0.852,0.745,0.7244,0.6009,0.4692,0.533,0.6174,0.5495,0.5639,0.5536,0.5453,0.5742,0.4507,0.6688,0.5598,0.533,0.4774,0.5186,0.8067,0.3848,0.6915,0.5865,0.4466,0.4507,0.3601,0.3457,0.4754,0.4754,0.5145,0.64,0.3897,0.9212,0.5042,0.496,0.4116,0.6585,0.6009,0.5268,0.5042,0.4733
2/10/2020,20.6219,0.3509,0.4633,0.4797,0.5516,0.5744,0.4166,0.4368,0.6539,0.5718,0.3762,0.6425,0.4027,0.3888,0.3371,0.3686,0.4633,0.385,0.4847,0.4671,0.4368,0.4191,0.2967,0.491,0.3951,0.4128,0.303,0.4784,0.3472,0.3636,0.4115,0.2626,0.2689,0.2639,0.3068,0.308,0.361,0.4355,0.3888,0.4007,0.9588,0.4885,0.534,0.3939,0.4683,0.4115,0.4683,0.3156,0.4166
2/9/2020,23.0841,0.4065,0.5724,0.5483,0.7006,0.6991,0.7565,0.7625,0.4683,0.4699,0.6328,0.5453,0.5242,0.4291,0.494,0.3944,0.4005,0.497,0.5211,0.5046,0.4367,0.4849,0.491,0.4231,0.5121,0.319,0.3899,0.6509,0.3477,0.4759,0.4261,0.3884,0.3854,0.3839,0.2783,0.2934,0.3944,0.3537,0.4337,0.499,1.2914,0.3507,0.3145,0.3899,0.3341,0.5166,0.3401,0.4638,0.3884
2/8/2020,30.8229,0.7646,0.703,0.6117,0.8719,1.1937,0.8559,0.735,0.776,0.6551,0.8514,0.5227,0.6391,0.5364,0.525,0.6208,0.5706,0.5227,0.6003,0.4885,0.5866,0.5159,0.5022,0.5775,0.5524,0.6071,0.5227,0.7213,0.4337,0.8171,0.4862,0.3127,0.5295,0.4793,0.3538,0.5295,0.525,0.4177,0.6049,0.8648,2.5291,0.6528,0.4383,0.4725,0.6437,0.5295,0.4451,0.63,0.4976
2/7/2020,27.833,0.4979,0.5098,0.5177,0.718,1.1603,0.597,0.8826,0.6427,0.5673,0.7458,0.601,0.5554,0.4721,0.4622,0.5832,0.5217,0.5792,0.5336,0.5137,0.4761,0.5137,0.365,0.4642,0.5058,0.484,0.4681,0.4602,0.3908,0.5177,0.5514,0.4443,0.365,0.365,0.3749,0.3928,0.484,0.4066,0.4285,0.8851,2.5977,0.5157,0.5891,0.5435,0.4225,0.6228,0.6962,0.4622,0.3789
2/6/2020,30.6028,0.5419,0.5622,0.6255,0.8628,0.9668,0.6142,0.5464,1.0753,0.8312,0.8199,0.621,0.6391,0.4989,0.5509,0.5215,0.5984,0.578,0.6255,0.5102,0.7069,0.5441,0.6549,0.7069,0.5713,0.3791,0.5283,0.7702,0.395,0.9284,0.4854,0.4492,0.4356,0.3882,0.4221,0.4808,0.5645,0.7159,0.6029,0.7034,1.9829,0.4356,0.6413,0.5306,0.7046,0.5102,0.7159,0.569,0.4899
2/5/2020,33.901,0.5293,0.6458,0.765,1.0991,1.2105,0.8194,0.6614,0.9774,0.4412,0.6458,0.7494,0.6899,0.5293,0.5552,0.5604,0.6614,0.5111,0.7184,0.5629,0.5396,0.6666,0.6147,0.5526,0.6899,0.6251,0.4775,0.8815,0.5086,0.967,0.6173,0.3532,0.5552,0.4283,0.3946,0.4645,0.5189,0.5914,0.7443,1.0854,3.2755,0.809,0.493,0.4671,0.6588,0.7468,0.822,0.5396,0.4801
2/4/2020,24.8869,0.3761,0.5432,0.3626,0.8067,0.7915,0.5314,0.7358,0.5956,0.4808,0.5939,0.4436,0.4149,0.4183,0.4048,0.3896,0.5466,0.4284,0.5145,0.5483,0.5416,0.4723,0.349,0.4554,0.3659,0.4993,0.3507,0.4757,0.3727,0.425,0.4622,0.3811,0.3558,0.4352,0.3828,0.42,0.4352,0.5618,0.4909,0.7707,2.2105,0.55,0.4267,0.5652,0.3322,0.4774,0.5095,0.5449,0.3406
2/3/2020,18.4675,0.4535,0.331,0.4189,0.4263,0.5749,0.5288,0.4744,0.5069,0.3917,0.4231,0.3226,0.3404,0.2944,0.3153,0.3415,0.2944,0.3478,0.3153,0.3844,0.3237,0.354,0.3603,0.3132,0.3258,0.3478,0.287,0.3038,0.3174,0.5037,0.3446,0.331,0.3362,0.2755,0.3132,0.2923,0.3048,0.2808,0.4032,0.4971,1.2849,0.3321,0.4587,0.4158,0.2755,0.3593,0.3436,0.3614,0.3352
2/2/2020,19.7422,0.4414,0.3745,0.4003,0.6493,0.5823,0.4074,0.5753,0.6141,0.371,0.398,0.4731,0.3428,0.3851,0.344,0.3675,0.4203,0.3933,0.4015,0.3358,0.4403,0.4144,0.4015,0.4884,0.29,0.3134,0.4238,0.5506,0.2864,0.4414,0.3369,0.2829,0.2947,0.25,0.2723,0.3569,0.3757,0.3757,0.4309,0.4857,1.2462,0.3475,0.3299,0.3029,0.3134,0.4074,0.3193,0.3545,0.3322
2/1/2020,21.7215,0.3848,0.3752,0.4479,0.7265,0.7224,0.5948,0.4397,0.6524,0.6442,0.5591,0.4672,0.3396,0.3958,0.3889,0.3533,0.4823,0.3835,0.378,0.3793,0.4576,0.463,0.4356,0.3656,0.3835,0.3615,0.3245,0.6126,0.3066,0.5303,0.3986,0.3766,0.3492,0.3643,0.3533,0.2847,0.3752,0.4521,0.3162,0.5044,1.3095,0.5385,0.4754,0.3052,0.3341,0.3903,0.5193,0.3862,0.3327
1/31/2020,20.094,0.3807,0.4025,0.4545,0.4315,0.7073,0.5065,0.6021,0.6432,0.5875,0.446,0.5646,0.3565,0.4049,0.4146,0.3892,0.4291,0.3674,0.3674,0.4049,0.4001,0.3287,0.3094,0.4219,0.4763,0.2828,0.3989,0.3844,0.2876,0.5561,0.342,0.2924,0.2586,0.2876,0.3094,0.2852,0.3299,0.3493,0.4376,0.4122,0.9975,0.3493,0.4726,0.3553,0.3033,0.3916,0.4219,0.3517,0.44
1/30/2020,26.6013,0.6782,0.6652,0.535,0.6131,0.7284,0.7619,0.894,0.6205,0.8326,0.5071,0.6317,0.6224,0.5368,0.5647,0.4792,0.5015,0.4122,0.4048,0.4308,0.5517,0.468,0.574,0.5536,0.522,0.3917,0.5331,0.4159,0.3824,0.7824,0.5517,0.2987,0.3397,0.3713,0.388,0.3285,0.4736,0.4178,0.6019,0.5855,1.5839,0.4996,0.5294,0.5554,0.4364,0.5201,0.5331,0.4252,0.5666
1/29/2020,31.3503,0.5006,0.5776,0.4842,1.0306,0.8882,0.6407,1.1754,1.0657,0.6617,0.9489,0.7388,0.657,0.4912,0.4492,0.4445,0.7084,0.7014,0.5987,0.6313,0.7131,0.4469,0.4819,0.5356,0.622,0.629,0.5519,0.5356,0.4118,0.7925,0.4772,0.5449,0.3628,0.4375,0.4632,0.5052,0.5309,0.6921,0.5893,0.8298,2.4107,0.608,0.5613,0.4539,0.587,0.5916,0.6921,0.4866,0.4118
1/28/2020,31.0865,0.4737,0.7531,0.7484,0.9355,0.9562,0.9608,0.8824,0.6607,0.9424,0.5822,0.6515,0.6561,0.4206,0.633,0.5961,0.663,0.5684,0.6954,0.506,0.693,0.6792,0.5799,0.5361,0.6376,0.5153,0.5822,0.6769,0.4391,0.8708,0.5453,0.3814,0.5245,0.5337,0.5245,0.3537,0.506,0.5268,0.4945,0.7528,2.1501,0.7369,0.3975,0.3998,0.7046,0.483,0.573,0.5845,0.4183
1/27/2020,35.0879,0.8493,0.8655,0.8791,1.2502,1.5509,1.1147,0.7761,0.8953,0.7924,0.8222,0.7193,0.4728,0.4917,0.5811,0.6217,0.7653,0.5107,0.7843,0.5459,0.7057,0.7599,0.4348,0.8547,0.7924,0.6272,0.4836,1.0037,0.489,0.8872,0.6786,0.5324,0.3698,0.5053,0.4592,0.5188,0.6515,0.4863,0.7924,0.5936,1.6115,0.8195,0.8466,0.5838,0.5134,0.6001,0.7003,0.7545,0.7436
1/26/2020,31.5705,0.5579,0.6216,0.6781,0.9374,0.8125,0.664,0.7512,1.0341,0.7253,0.6263,0.6805,0.7017,0.5037,0.5886,0.6334,0.6758,0.4778,0.697,0.7182,0.5862,0.6781,0.6994,0.7182,0.5249,0.5744,0.5108,0.7889,0.4024,0.8054,0.499,0.5155,0.4613,0.5344,0.5273,0.5108,0.5509,0.6805,0.4613,0.7495,2.1389,0.5179,0.4896,0.5414,0.6263,0.7324,0.7253,0.5226,0.4118
1/25/2020,30.1192,0.6245,0.6312,0.6599,0.6599,0.9829,1.0802,0.6577,0.8634,0.932,0.7639,0.7617,0.6776,0.4918,0.5582,0.6444,0.6644,0.702,0.7086,0.6356,0.629,0.5294,0.6644,0.7661,0.5162,0.5604,0.5847,0.8723,0.4321,0.5604,0.5781,0.3879,0.4741,0.3635,0.4719,0.4033,0.5228,0.5316,0.5206,0.3977,0.9486,0.4697,0.3901,0.6599,0.6223,0.5604,0.7727,0.6798,0.5493
1/24/2020,32.4936,0.5292,0.5071,0.5659,0.8427,1.1072,0.8011,1.0313,0.6761,0.5757,0.9995,0.8623,0.4949,0.6663,0.6761,0.4777,0.6663,0.6296,0.6222,0.5145,0.7349,0.6737,0.5512,0.7913,0.6076,0.5365,0.5929,0.926,0.5071,0.5855,0.5806,0.4875,0.5267,0.4434,0.4141,0.4704,0.5047,0.7766,0.6002,0.8477,2.4714,0.7129,0.6737,0.4263,0.5439,0.632,0.4434,0.5047,0.681
1/23/2020,35.5714,0.889,0.9028,0.481,0.8973,1.3605,0.7346,1.06,1.0848,1.0876,0.9083,0.6354,0.4837,0.6326,0.5113,0.7346,0.7622,0.7512,0.6519,0.6767,0.7622,0.7595,0.4341,0.5334,0.4727,0.6216,0.6685,0.5444,0.5637,0.8422,0.6023,0.5003,0.6023,0.3955,0.5196,0.5554,0.5582,0.7705,0.5251,0.9472,2.8078,0.7677,0.5968,0.4396,0.7815,0.8256,0.5334,0.787,0.6078
1/22/2020,39.2653,0.6919,0.6732,0.7795,1.2891,1.7706,1.214,1.4673,1.3547,0.9202,1.1171,0.9608,0.7982,0.5794,0.8107,0.7263,0.6138,0.8076,0.57,0.8858,0.7763,0.6294,0.9264,0.9702,0.5387,0.7482,0.7732,0.5731,0.5887,1.0546,0.7201,0.5106,0.5794,0.4449,0.62,0.6513,0.5669,0.5856,0.5575,0.6117,1.6726,0.5137,1.0202,0.7857,0.8264,0.7232,0.9827,0.5544,0.7294
1/21/2020,4.6607,0.1112,0.1159,0.1182,0.0301,0.0047,0.0748,0.0702,0.0675,0.1146,0.0575,0.0959,0.1256,0.1199,0.1299,0.1059,0.1092,0.1229,0.1036,0.0882,0.1102,0.0945,0.1313,0.0839,0.1306,0.1169,0.0962,0.1226,0.1213,0.1142,0.1009,0.1339,0.1256,0.1149,0.14,0.1386,0.1079,0.0865,0.0925,0.0678,-0.1679,0.1032,0.0778,0.1216,0.1263,0.0969,0.0915,0.1056,0.1096
1/20/2020,4.5726,0.0899,0.1067,0.0916,0.0878,0.0697,0.0645,0.0604,0.0292,0.1204,0.1057,0.046,0.1118,0.1163,0.119,0.1043,0.1098,0.0837,0.1033,0.1012,0.0875,0.1077,0.1074,0.1142,0.1135,0.1228,0.1074,0.0813,0.1228,0.0878,0.0947,0.1255,0.1173,0.1358,0.1197,0.1345,0.1194,0.0872,0.1255,0.0596,-0.1955,0.1218,0.1314,0.1235,0.1029,0.0947,0.1286,0.0841,0.0882
1/19/2020,30.2072,0.7441,0.5597,0.4598,1.0327,1.1393,1.0128,0.7974,0.8262,0.9062,0.5397,0.7974,0.5042,0.4976,0.4909,0.6041,0.4865,0.5975,0.5686,0.5886,0.6375,0.4953,0.6175,0.7285,0.6197,0.482,0.633,0.6974,0.3954,0.7951,0.5175,0.4887,0.4554,0.3865,0.3688,0.351,0.4531,0.5531,0.5575,0.5699,1.5311,0.7218,0.764,0.6175,0.6774,0.5997,0.4332,0.4398,0.4665
1/18/2020,27.9646,0.4981,0.4601,0.6798,0.9074,0.6618,0.8055,0.7736,0.6937,0.8395,0.4262,0.7237,0.6957,0.4102,0.532,0.6119,0.4601,0.5779,0.5919,0.4821,0.542,0.5081,0.3643,0.4681,0.6199,0.4202,0.5161,0.6498,0.4502,0.5859,0.5799,0.4801,0.4981,0.4062,0.3543,0.4881,0.52,0.6658,0.532,0.6093,1.6646,0.4182,0.4542,0.6159,0.4003,0.5759,0.6818,0.4981,0.566
1/17/2020,23.8753,0.3794,0.4905,0.5286,0.8017,0.8731,0.662,0.7477,0.7048,0.4953,0.5763,0.4112,0.4302,0.4286,0.4762,0.4715,0.5159,0.4302,0.4588,0.4143,0.4381,0.4191,0.3476,0.3715,0.5636,0.4127,0.4254,0.4381,0.373,0.6461,0.5064,0.3064,0.4096,0.4,0.3937,0.3,0.3842,0.5128,0.5302,0.5451,1.4472,0.4667,0.3826,0.327,0.3778,0.4778,0.5048,0.4,0.4715
1/16/2020,23.0401,0.484,0.4028,0.5306,0.6329,0.5397,0.7427,0.6916,0.7728,0.3411,0.6675,0.4208,0.4434,0.3908,0.3893,0.4991,0.3667,0.4976,0.475,0.5066,0.4073,0.3727,0.3667,0.5592,0.4675,0.4494,0.3216,0.5051,0.3336,0.5697,0.4223,0.3953,0.3411,0.3276,0.3938,0.3817,0.4359,0.4254,0.3381,0.4974,1.2858,0.4329,0.3772,0.484,0.496,0.4524,0.4479,0.4765,0.481
1/15/2020,23.8312,0.5245,0.4611,0.3693,0.8173,0.8189,0.6479,0.5165,0.716,0.7319,0.4247,0.5213,0.3598,0.4295,0.4295,0.5229,0.4564,0.507,0.4437,0.5371,0.4295,0.4991,0.545,0.6084,0.5371,0.3931,0.3408,0.6669,0.3804,0.4216,0.4247,0.363,0.3297,0.2965,0.287,0.3962,0.3677,0.4231,0.4342,0.4306,1.06,0.5751,0.602,0.5181,0.4326,0.4295,0.5656,0.3551,0.4833
1/14/2020,28.5804,0.4836,0.496,0.6894,0.6318,1.1833,0.8191,0.8438,0.6112,0.4877,0.7265,0.7758,0.3951,0.4424,0.4589,0.4342,0.4754,0.5783,0.4116,0.6297,0.6071,0.568,0.6503,0.5947,0.6997,0.3704,0.4466,0.5927,0.461,0.8355,0.4589,0.4342,0.3313,0.461,0.4424,0.3869,0.5124,0.6462,0.6359,0.7122,2.0126,0.4877,0.5474,0.4754,0.3869,0.461,0.6976,0.6338,0.4568
1/13/2020,31.4384,0.5089,0.7175,0.6378,0.9448,1.1698,0.9706,1.1042,0.7128,0.7737,0.5722,1.069,0.6589,0.5159,0.4948,0.7081,0.544,0.5886,0.5346,0.7386,0.5042,0.6847,0.455,0.6073,0.7972,0.605,0.619,0.7198,0.4643,0.8159,0.5417,0.3401,0.5018,0.4643,0.4386,0.4596,0.469,0.6495,0.469,0.6772,1.8945,0.6612,0.4104,0.5276,0.537,0.5511,0.7362,0.4479,0.4245
1/12/2020,29.6796,0.442,0.7498,0.6241,0.9428,1.1076,0.7455,1.0143,1.0143,0.7845,0.8778,0.9363,0.4442,0.5569,0.5959,0.6545,0.6393,0.468,0.4658,0.6805,0.5504,0.4463,0.5656,0.7694,0.4528,0.3705,0.5374,0.5721,0.455,0.4723,0.5526,0.3401,0.4767,0.4398,0.4268,0.4377,0.5135,0.5504,0.6566,0.5643,1.5121,0.5699,0.6219,0.377,0.5526,0.5092,0.4312,0.6566,0.5547
1/11/2020,28.4923,0.5622,0.6749,0.6769,1.0089,0.8798,0.7159,0.7302,0.765,0.7527,0.7015,0.7466,0.3982,0.3962,0.5724,0.5437,0.4269,0.5499,0.6277,0.6073,0.5007,0.4536,0.5253,0.4618,0.6667,0.4454,0.472,0.7568,0.4105,0.847,0.4597,0.4597,0.4167,0.4638,0.4413,0.3429,0.4843,0.6605,0.5765,0.5135,1.3404,0.5396,0.4208,0.5786,0.6441,0.6359,0.6605,0.4515,0.5253
1/10/2020,24.3591,0.6198,0.4709,0.4693,0.6574,0.5773,0.8358,0.8783,0.785,0.4006,0.3859,0.754,0.363,0.4677,0.3777,0.4333,0.4022,0.4808,0.5364,0.4464,0.4251,0.4611,0.3679,0.6035,0.4022,0.3728,0.3695,0.6591,0.3548,0.5593,0.502,0.2894,0.3286,0.4104,0.4055,0.3646,0.4513,0.4677,0.3892,0.5812,1.5696,0.5609,0.4153,0.4693,0.5446,0.399,0.363,0.4644,0.466
1/9/2020,23.9635,0.5067,0.4955,0.5067,0.6408,0.5466,0.6328,0.7302,0.6615,0.478,0.3742,0.3981,0.3566,0.387,0.4748,0.4141,0.4652,0.5019,0.5402,0.3886,0.4476,0.5003,0.3774,0.5099,0.3439,0.3199,0.3566,0.6887,0.3806,0.3806,0.4109,0.2768,0.3933,0.3167,0.3247,0.2944,0.3742,0.5258,0.5386,0.8381,2.4389,0.3678,0.4317,0.5099,0.3423,0.4029,0.4827,0.3981,0.4907
1/8/2020,23.3479,0.5749,0.4337,0.4736,0.6593,0.6317,0.7422,0.6486,0.4706,0.6471,0.6517,0.6056,0.5534,0.426,0.4322,0.5074,0.3693,0.4813,0.4445,0.4675,0.4445,0.3815,0.4844,0.4122,0.3278,0.3155,0.4997,0.5197,0.3785,0.6102,0.426,0.3171,0.3186,0.3723,0.3647,0.3601,0.4291,0.3708,0.426,0.5224,1.3703,0.4966,0.4353,0.4675,0.4567,0.5473,0.3723,0.3739,0.3263
1/7/2020,25.9424,0.5973,0.5004,0.6368,0.7857,0.9992,0.5524,0.4591,0.9041,0.6529,0.5596,0.6601,0.4681,0.4412,0.4663,0.4179,0.4125,0.4842,0.4161,0.4645,0.574,0.5309,0.4232,0.617,0.3927,0.4735,0.3712,0.4053,0.3479,0.4107,0.4878,0.4197,0.3891,0.3784,0.4161,0.3766,0.486,0.5291,0.5829,0.7241,2.053,0.5793,0.4053,0.5273,0.3712,0.4968,0.382,0.443,0.4699
1/6/2020,27.3934,0.5914,0.506,0.4091,0.7233,1.0103,0.8765,1.0064,0.795,0.6961,0.8144,0.8144,0.6903,0.5681,0.4867,0.5487,0.5196,0.4925,0.475,0.4692,0.444,0.605,0.6224,0.57,0.3606,0.4808,0.444,0.4692,0.4459,0.4207,0.4537,0.4013,0.4324,0.4304,0.3625,0.4168,0.4149,0.6069,0.541,0.4684,1.1876,0.6961,0.5953,0.3994,0.4731,0.5371,0.6515,0.57,0.3994
1/5/2020,25.9862,0.4365,0.6055,0.5048,0.9005,0.6307,0.5552,0.7476,0.7962,0.485,0.4275,0.6181,0.485,0.4976,0.494,0.4526,0.4113,0.4275,0.4185,0.4455,0.566,0.4455,0.4077,0.6379,0.503,0.3339,0.4976,0.512,0.4095,0.4113,0.4616,0.3483,0.467,0.3303,0.4401,0.4239,0.3951,0.458,0.5174,0.7435,2.1187,0.6361,0.4994,0.449,0.4365,0.5696,0.5138,0.5875,0.5264
1/4/2020,24.8425,0.5473,0.6231,0.5119,0.5928,0.9701,0.8016,0.832,0.8151,0.5237,0.7326,0.6214,0.4614,0.4951,0.4042,0.4277,0.4277,0.4816,0.4884,0.4682,0.4395,0.4395,0.4934,0.3839,0.5978,0.3671,0.3452,0.4244,0.3351,0.6501,0.5119,0.3924,0.3519,0.362,0.3839,0.3907,0.4597,0.3536,0.4648,0.5428,1.4395,0.4799,0.458,0.3839,0.5153,0.4025,0.4412,0.4395,0.3671
1/3/2020,26.5133,0.6628,0.4536,0.4499,0.6054,1.1072,0.6869,0.9165,0.5295,0.5795,0.6073,0.6295,0.6739,0.511,0.3759,0.5629,0.4036,0.5184,0.5462,0.4592,0.4536,0.5536,0.3463,0.4666,0.4573,0.3333,0.5036,0.6776,0.4333,0.4962,0.4518,0.4129,0.4425,0.3666,0.4499,0.3685,0.4425,0.3777,0.611,0.6595,1.8344,0.4314,0.6554,0.5684,0.3703,0.6091,0.474,0.5258,0.461
1/2/2020,26.3819,0.6262,0.5472,0.5582,0.7126,0.7126,0.5729,0.5803,0.8652,0.7016,0.617,0.6501,0.4718,0.4332,0.4424,0.595,0.4828,0.6023,0.4718,0.5141,0.5251,0.3836,0.4093,0.5417,0.4442,0.3781,0.3744,0.3505,0.4203,0.5049,0.5214,0.3836,0.4387,0.3339,0.3946,0.4369,0.4185,0.5325,0.4626,0.7566,2.163,0.4939,0.3523,0.4222,0.5968,0.5656,0.6409,0.5986,0.3799
1/1/2020,23.6558,0.4406,0.3874,0.4735,0.6614,0.7553,0.5393,0.4375,0.7553,0.5267,0.4782,0.5064,0.5909,0.4203,0.4266,0.4986,0.5346,0.4078,0.4015,0.4829,0.4485,0.4281,0.3311,0.4062,0.4594,0.3467,0.3937,0.6082,0.3248,0.6802,0.3827,0.3749,0.3968,0.3498,0.4125,0.2982,0.3921,0.4328,0.4359,0.6706,1.8718,0.3812,0.3561,0.3686,0.4203,0.4344,0.5862,0.4704,0.4688
