date,,1,2,3,4,5,6,7,8,9,10,11,12,13,14,15,16,17,18,19,20,21,22,23,24,25,26,27,28,29,30,31,32,33,34,35,36,37,38,39,40,41,42,43,44,45,46,47,48
,,0:00,0:30,1:00,1:30,2:00,2:30,3:00,3:30,4:00,4:30,5:00,5:30,6:00,6:30,7:00,7:30,8:00,8:30,9:00,9:30,10:00,10:30,11:00,11:30,12:00,12:30,13:00,13:30,14:00,14:30,15:00,15:30,16:00,16:30,17:00,17:30,18:00,18:30,19:00,19:30,20:00,20:30,21:00,21:30,22:00,22:30,23:00,23:30
12/14/2022,16.3609,0.3506,0.3297,0.3631,0.5128,0.5103,0.4978,0.3565,0.4284,0.4401,0.3799,0.4777,0.3631,0.3322,0.2812,0.2971,0.308,0.3004,0.3489,0.3121,0.2896,0.2687,0.3631,0.3548,0.3531,0.3397,0.2871,0.4167,0.2511,0.4242,0.3414,0.2528,0.2862,0.2954,0.2319,0.262,0.313,0.3372,0.3523,0.2264,0.5015,0.3339,0.3924,0.2595,0.3029,0.2812,0.272,0.3147,0.2662
12/13/2022,23.7415,0.4437,0.428,0.4783,0.6027,0.6515,0.7538,0.6672,0.5901,0.7082,0.4783,0.5933,0.3808,0.4453,0.4421,0.4909,0.4044,0.524,0.45,0.5413,0.5035,0.3634,0.3808,0.5854,0.3367,0.3855,0.4437,0.5775,0.3257,0.6484,0.4185,0.3493,0.332,0.3477,0.3933,0.3556,0.4154,0.365,0.4799,0.4439,1.7202,0.4894,0.5885,0.5539,0.3477,0.4233,0.3414,0.3823,0.3697
12/12/2022,31.813,0.8144,0.7548,0.6334,0.7287,0.8096,0.7715,0.662,0.8596,0.5191,0.8049,0.5834,0.7763,0.5405,0.4929,0.5643,0.4715,0.5858,0.5191,0.6834,0.531,0.6358,0.5358,0.6001,0.7358,0.4762,0.4572,0.4572,0.5096,0.8287,0.5024,0.4334,0.4762,0.5167,0.5024,0.3834,0.5262,0.4691,0.7072,0.7473,3.4199,0.6429,0.6501,0.7072,0.7167,0.6596,0.4405,0.5477,0.4215
12/11/2022,3.8902,0.1083,0.1017,0.0853,0.0327,0.0475,0.0195,0.0684,0.0553,0.0931,0.0516,0.0524,0.052,0.1083,0.0943,0.1005,0.073,0.0701,0.1083,0.0952,0.089,0.1165,0.0878,0.0976,0.0812,0.1046,0.11,0.0569,0.1075,0.0643,0.11,0.1297,0.1001,0.126,0.1289,0.1161,0.1116,0.0668,0.1063,0.0874,-0.2773,0.1178,0.0869,0.1009,0.128,0.089,0.0795,0.068,0.0816
12/10/2022,19.633,0.326,0.4598,0.3865,0.6064,0.4203,0.5226,0.4447,0.4028,0.3365,0.5098,0.5855,0.2993,0.2946,0.3365,0.3644,0.3749,0.4214,0.3656,0.3842,0.4342,0.3249,0.3365,0.4575,0.4761,0.3144,0.3912,0.5064,0.3226,0.468,0.3377,0.29,0.2679,0.2621,0.29,0.3214,0.3528,0.326,0.2935,0.4189,1.5802,0.4284,0.3342,0.3574,0.2865,0.4098,0.3551,0.4424,0.4051
12/9/2022,19.5606,0.3655,0.362,0.4279,0.5701,0.6823,0.4904,0.5551,0.4487,0.4291,0.4187,0.3956,0.3609,0.3424,0.3262,0.3447,0.3447,0.4268,0.3724,0.3967,0.3412,0.369,0.3875,0.4904,0.4025,0.4037,0.3482,0.5412,0.3077,0.4222,0.3528,0.2938,0.3123,0.2881,0.2927,0.3019,0.3216,0.4117,0.4291,0.3195,1.0231,0.3609,0.4499,0.4406,0.3239,0.4383,0.4106,0.3297,0.3863
12/8/2022,26.1047,0.565,0.5758,0.5795,0.7496,0.6899,0.536,0.8963,0.6175,0.6682,0.3984,0.5487,0.6283,0.4545,0.46,0.4563,0.402,0.4962,0.46,0.4817,0.6066,0.5143,0.431,0.5559,0.6501,0.4274,0.4907,0.708,0.4002,0.7478,0.5052,0.3206,0.3242,0.4473,0.3495,0.3169,0.4419,0.507,0.4219,0.4589,1.8044,0.5233,0.5795,0.5179,0.5704,0.4817,0.4618,0.3857,0.4907
12/7/2022,19.5241,0.419,0.3407,0.4317,0.5458,0.502,0.5101,0.4559,0.4271,0.3822,0.4767,0.4559,0.3269,0.3199,0.3188,0.4041,0.3061,0.396,0.3407,0.3937,0.3315,0.3372,0.4121,0.366,0.3303,0.3614,0.3718,0.2934,0.313,0.4882,0.3545,0.2393,0.2623,0.3441,0.313,0.2704,0.343,0.4455,0.3511,0.4712,1.8731,0.4156,0.313,0.3776,0.3165,0.3142,0.3983,0.4075,0.3557
12/6/2022,19.3789,0.4318,0.4215,0.4602,0.4193,0.6355,0.3931,0.5285,0.4921,0.524,0.4398,0.4159,0.4398,0.3521,0.3464,0.3146,0.3715,0.3999,0.3772,0.3396,0.4159,0.3066,0.3408,0.4864,0.4238,0.2691,0.3624,0.3317,0.3146,0.4693,0.3385,0.2566,0.2509,0.2793,0.3157,0.2702,0.3658,0.2998,0.3294,0.4014,1.4817,0.4409,0.351,0.376,0.3362,0.3408,0.3009,0.425,0.3954
12/5/2022,21.0512,0.3298,0.4486,0.4747,0.6822,0.4799,0.4146,0.553,0.4773,0.5386,0.3859,0.5386,0.5021,0.382,0.3246,0.4486,0.3285,0.3768,0.3742,0.4016,0.4107,0.3637,0.335,0.4407,0.305,0.3951,0.4055,0.5295,0.3076,0.5399,0.3546,0.335,0.3663,0.2972,0.3624,0.3011,0.382,0.3703,0.3781,0.461,1.8157,0.399,0.2985,0.4721,0.3455,0.4303,0.4303,0.4146,0.3429
12/4/2022,20.3965,0.4518,0.339,0.5026,0.4865,0.6836,0.6563,0.5175,0.5088,0.3786,0.5894,0.4158,0.3129,0.3278,0.3365,0.3303,0.4245,0.4196,0.3377,0.3737,0.3737,0.3266,0.3923,0.334,0.3725,0.3613,0.3129,0.4084,0.303,0.5088,0.3563,0.3638,0.3415,0.2683,0.2708,0.3489,0.3737,0.3129,0.391,0.3903,1.4195,0.4853,0.4902,0.3886,0.4481,0.4258,0.4059,0.4382,0.391
12/3/2022,29.3404,0.5956,0.459,0.4035,0.7749,0.809,0.5636,0.9541,0.9093,0.7002,0.841,0.6596,0.4804,0.5124,0.5145,0.5316,0.4932,0.5017,0.5551,0.6532,0.4633,0.6063,0.3907,0.7002,0.5615,0.5124,0.6319,0.7941,0.4718,0.6618,0.5551,0.4633,0.4462,0.3971,0.3673,0.3609,0.5465,0.4099,0.4228,0.5787,2.4755,0.7194,0.7599,0.4996,0.3886,0.5465,0.5359,0.6148,0.5465
12/2/2022,25.5957,0.5045,0.545,0.5907,0.6242,1.0007,0.6259,0.647,0.8001,0.3901,0.7596,0.735,0.6083,0.4482,0.5379,0.3796,0.4588,0.5819,0.4359,0.4588,0.5063,0.5467,0.4957,0.6541,0.552,0.3725,0.3831,0.7456,0.406,0.4992,0.4728,0.406,0.4588,0.318,0.369,0.42,0.4042,0.4218,0.5696,0.3836,1.3821,0.4588,0.5274,0.3409,0.4024,0.5203,0.5397,0.5608,0.3461
12/1/2022,30.3223,0.506,0.6645,0.4122,0.814,0.7962,0.852,1.0305,0.5774,0.6979,0.5238,0.9747,0.6868,0.4301,0.4881,0.66,0.6086,0.4323,0.7069,0.5729,0.5796,0.5729,0.6332,0.6488,0.6801,0.5461,0.6511,0.6868,0.4211,0.8654,0.4836,0.3854,0.4591,0.3341,0.468,0.5171,0.5417,0.4926,0.5261,0.6085,2.6423,0.6109,0.3832,0.7158,0.4167,0.6243,0.5261,0.4702,0.3966
11/30/2022,22.9051,0.4514,0.502,0.3366,0.7539,0.5631,0.7897,0.4692,0.5587,0.4871,0.356,0.4007,0.5766,0.4469,0.3515,0.4618,0.4245,0.3739,0.4841,0.4588,0.5184,0.4409,0.4782,0.5617,0.4245,0.3753,0.3947,0.4335,0.3545,0.3902,0.3739,0.4066,0.3545,0.2755,0.3917,0.3589,0.3634,0.4007,0.4141,0.475,1.8944,0.4961,0.5602,0.4215,0.4648,0.4707,0.3425,0.5065,0.3157
11/29/2022,19.1967,0.4242,0.3189,0.4488,0.4611,0.6817,0.3783,0.3716,0.4589,0.4466,0.4701,0.3816,0.4018,0.3828,0.3089,0.3783,0.3984,0.3257,0.3234,0.4007,0.3559,0.3413,0.3189,0.3503,0.3122,0.3167,0.3783,0.4197,0.3279,0.4723,0.3783,0.2999,0.3425,0.3167,0.2562,0.3402,0.3369,0.3581,0.3436,0.421,1.5918,0.357,0.273,0.3794,0.3727,0.4007,0.3145,0.4108,0.3481
11/28/2022,20.6511,0.3299,0.4893,0.3754,0.5019,0.5209,0.4678,0.4197,0.5247,0.4969,0.3944,0.5285,0.3741,0.4235,0.3564,0.4361,0.4336,0.4652,0.3526,0.3931,0.3855,0.3767,0.4311,0.4905,0.4387,0.3235,0.3172,0.4387,0.3324,0.4931,0.4108,0.2616,0.3463,0.3413,0.2628,0.3476,0.3299,0.4602,0.3463,0.4096,1.5279,0.4602,0.5348,0.3703,0.407,0.3779,0.3552,0.3779,0.4121
11/27/2022,28.1411,0.5594,0.6561,0.648,0.64,1.0126,0.5997,0.8696,0.8635,0.8958,0.7628,0.8454,0.5232,0.5473,0.4124,0.4386,0.6098,0.6521,0.497,0.5232,0.5896,0.4648,0.6138,0.7024,0.4728,0.4225,0.5796,0.7487,0.3943,0.5594,0.5111,0.3016,0.4164,0.3862,0.36,0.4728,0.4748,0.4748,0.6239,0.4171,1.5698,0.4869,0.3943,0.6239,0.5332,0.648,0.4929,0.4225,0.4265
11/26/2022,18.7969,0.4474,0.3545,0.3502,0.5424,0.4333,0.591,0.4657,0.4409,0.5068,0.3912,0.4074,0.3956,0.2984,0.3815,0.3319,0.3945,0.3059,0.3535,0.3189,0.3221,0.3858,0.3146,0.4269,0.428,0.3319,0.3675,0.524,0.2833,0.4755,0.3535,0.2682,0.2487,0.2898,0.2595,0.3027,0.3178,0.361,0.3589,0.3349,1.1094,0.347,0.2951,0.4333,0.3459,0.4161,0.4528,0.3804,0.3513
11/25/2022,16.2884,0.3009,0.3366,0.3904,0.4402,0.5297,0.3308,0.5065,0.3598,0.4178,0.3805,0.2976,0.2694,0.2935,0.2794,0.3341,0.3366,0.2786,0.2719,0.359,0.2984,0.2694,0.2529,0.3573,0.3374,0.3043,0.3465,0.2935,0.2603,0.4236,0.2943,0.2396,0.2802,0.2321,0.252,0.2413,0.3026,0.2844,0.3167,0.3211,1.0317,0.3043,0.3938,0.3142,0.2471,0.3581,0.3813,0.2943,0.3424
11/24/2022,17.9607,0.4037,0.3898,0.329,0.3958,0.4784,0.5053,0.341,0.4575,0.332,0.3071,0.3021,0.3031,0.3649,0.2952,0.3738,0.3978,0.2932,0.2902,0.3161,0.3738,0.3729,0.2981,0.3619,0.344,0.3031,0.3778,0.2673,0.2822,0.5073,0.2981,0.2424,0.2902,0.2394,0.2812,0.3181,0.3201,0.4067,0.3868,0.4202,1.5875,0.34,0.4446,0.3031,0.3808,0.2932,0.4237,0.338,0.2822
11/23/2022,15.4882,0.3344,0.2775,0.3576,0.3456,0.3793,0.437,0.3022,0.3614,0.3591,0.4175,0.3314,0.3561,0.2865,0.3,0.294,0.3097,0.2752,0.3217,0.2797,0.3262,0.2842,0.3059,0.288,0.3097,0.279,0.303,0.285,0.273,0.2805,0.303,0.2198,0.2812,0.243,0.2543,0.2475,0.291,0.3434,0.303,0.3301,1.0823,0.2558,0.2842,0.2902,0.2805,0.3389,0.3232,0.2752,0.2812
11/22/2022,23.6688,0.3688,0.4346,0.3782,0.7495,0.5991,0.7793,0.5474,0.6258,0.5035,0.6775,0.7119,0.3657,0.3954,0.4456,0.5317,0.4534,0.4064,0.5506,0.5396,0.4189,0.4221,0.4691,0.4362,0.4628,0.3077,0.3422,0.4393,0.3234,0.6947,0.4894,0.3014,0.4268,0.3343,0.3453,0.3547,0.4048,0.56,0.3986,0.4685,1.8579,0.3782,0.6101,0.3672,0.3265,0.3688,0.4064,0.386,0.5035
11/21/2022,20.942,0.4501,0.4604,0.4579,0.6611,0.4643,0.6843,0.4889,0.6339,0.3453,0.4915,0.4889,0.3673,0.3699,0.4333,0.3271,0.3466,0.4449,0.4203,0.4695,0.3854,0.3233,0.4799,0.5032,0.3737,0.3983,0.3271,0.5938,0.3504,0.3737,0.3996,0.2767,0.2702,0.3026,0.3388,0.3711,0.3686,0.4333,0.3802,0.4177,1.5735,0.3362,0.3271,0.3763,0.2896,0.3608,0.4695,0.3427,0.3932
11/20/2022,14.7249,0.2494,0.2985,0.3422,0.4014,0.3166,0.402,0.3422,0.4249,0.4007,0.3536,0.2655,0.3234,0.2648,0.3072,0.2891,0.2951,0.2501,0.2796,0.316,0.2917,0.2655,0.2568,0.2965,0.2427,0.2393,0.2877,0.324,0.242,0.3032,0.3032,0.2292,0.2487,0.2527,0.2427,0.2541,0.2689,0.2675,0.2494,0.3243,1.05,0.244,0.363,0.2534,0.2292,0.2521,0.2541,0.281,0.2857
11/19/2022,8.5443,0.1755,0.176,0.1744,0.1787,0.1869,0.1799,0.1765,0.1832,0.185,0.1821,0.1759,0.182,0.1736,0.1742,0.1784,0.1737,0.1788,0.1769,0.1745,0.1756,0.1743,0.1779,0.1779,0.1741,0.1744,0.1781,0.181,0.1743,0.1817,0.1753,0.1727,0.1734,0.1713,0.1722,0.1755,0.1764,0.1803,0.1777,0.1782,0.2315,0.173,0.1769,0.1746,0.176,0.1745,0.1764,0.1752,0.1777
11/18/2022,14.9794,0.3579,0.2741,0.3551,0.3781,0.3656,0.3439,0.3265,0.3042,0.3698,0.3418,0.3621,0.3237,0.249,0.3,0.2735,0.2623,0.2721,0.263,0.2972,0.3342,0.2986,0.2483,0.3223,0.3446,0.2427,0.3111,0.3314,0.2567,0.3495,0.3097,0.2574,0.2358,0.2386,0.2267,0.2532,0.2574,0.2902,0.2693,0.3023,0.9265,0.3523,0.2455,0.2972,0.2386,0.3265,0.2539,0.3125,0.3265
11/17/2022,14.9431,0.2889,0.3389,0.2444,0.4187,0.4902,0.4097,0.3979,0.4361,0.3937,0.284,0.3729,0.2562,0.2562,0.2909,0.325,0.2646,0.2535,0.2493,0.2916,0.3041,0.2771,0.2666,0.3326,0.2916,0.2666,0.2708,0.2875,0.2646,0.3215,0.3097,0.2153,0.2541,0.2222,0.2368,0.2305,0.2743,0.2569,0.2993,0.2885,0.8495,0.2778,0.3618,0.2694,0.2646,0.3375,0.3382,0.2687,0.2423
11/16/2022,12.0348,0.2256,0.2728,0.2401,0.3167,0.3494,0.3228,0.3313,0.2578,0.3071,0.2599,0.3083,0.2728,0.2361,0.2292,0.2453,0.2526,0.2429,0.2357,0.255,0.228,0.2219,0.2587,0.247,0.2264,0.224,0.2151,0.2445,0.2167,0.2623,0.2409,0.2312,0.2143,0.2236,0.205,0.205,0.2272,0.2155,0.2474,0.2204,0.4679,0.2268,0.2336,0.2159,0.2635,0.2357,0.2211,0.2151,0.2187
11/15/2022,16.7243,0.2879,0.3141,0.2993,0.3795,0.3551,0.424,0.5366,0.3883,0.4057,0.4153,0.506,0.2635,0.2967,0.2984,0.2714,0.3542,0.3604,0.3699,0.3089,0.3586,0.3097,0.3167,0.2967,0.3987,0.2844,0.3481,0.294,0.2775,0.3089,0.3429,0.2495,0.2382,0.2792,0.2871,0.2452,0.3185,0.3647,0.3699,0.3435,1.1572,0.2714,0.3036,0.3429,0.3665,0.356,0.2932,0.3063,0.26
11/14/2022,20.2146,0.4061,0.472,0.3108,0.5905,0.549,0.6052,0.6223,0.6675,0.4122,0.5722,0.5441,0.4867,0.3291,0.4317,0.4122,0.4085,0.4012,0.4696,0.4586,0.3401,0.3352,0.4256,0.4916,0.3352,0.3157,0.3438,0.3951,0.3279,0.5514,0.334,0.2961,0.345,0.2998,0.3511,0.3413,0.356,0.3035,0.4024,0.2542,0.6569,0.4464,0.5001,0.4268,0.4232,0.3755,0.3426,0.3132,0.4354
11/13/2022,9.7071,0.2061,0.1907,0.1911,0.2201,0.2129,0.2266,0.2367,0.224,0.2022,0.2254,0.2041,0.188,0.1885,0.1981,0.1868,0.2013,0.1945,0.1945,0.1923,0.1976,0.1916,0.1918,0.1924,0.1851,0.2005,0.1936,0.1877,0.1904,0.2039,0.193,0.1899,0.1895,0.1875,0.1808,0.1861,0.189,0.195,0.1873,0.2092,0.4052,0.1924,0.2107,0.1904,0.1873,0.2059,0.1897,0.2059,0.1938
11/12/2022,7.5986,0.1598,0.16,0.161,0.1562,0.1561,0.1505,0.1585,0.1552,0.1588,0.1558,0.1586,0.1609,0.1616,0.1581,0.1586,0.1612,0.1579,0.1588,0.1593,0.1602,0.1581,0.1622,0.1581,0.1586,0.1591,0.16,0.1587,0.1625,0.16,0.16,0.1606,0.1623,0.1604,0.1616,0.1631,0.1608,0.1568,0.1579,0.1581,0.1185,0.157,0.16,0.1594,0.1629,0.159,0.1557,0.1608,0.1593
11/11/2022,13.6338,0.2855,0.2968,0.2906,0.3802,0.2923,0.3239,0.2579,0.3222,0.2754,0.2698,0.3284,0.2901,0.2517,0.2816,0.2895,0.303,0.2602,0.2512,0.2619,0.2546,0.2489,0.281,0.2382,0.316,0.2675,0.2382,0.2303,0.232,0.2861,0.2455,0.2224,0.2472,0.2117,0.2112,0.2185,0.2602,0.2906,0.232,0.2943,0.8819,0.3188,0.2348,0.3019,0.2985,0.2388,0.3086,0.2348,0.2771
11/10/2022,12.2527,0.2611,0.2441,0.2381,0.273,0.2764,0.2555,0.3491,0.3044,0.2781,0.2275,0.3172,0.2147,0.2147,0.2313,0.2428,0.2521,0.2381,0.267,0.2628,0.2317,0.2496,0.2513,0.2177,0.2496,0.2368,0.2288,0.2271,0.2232,0.2254,0.233,0.2241,0.1994,0.2173,0.2207,0.2037,0.2407,0.2377,0.2228,0.2805,0.8043,0.2611,0.2117,0.2526,0.2245,0.2313,0.2219,0.2466,0.2296
11/9/2022,10.5437,0.203,0.2201,0.2137,0.2318,0.2361,0.2483,0.2196,0.2544,0.2437,0.2333,0.2008,0.229,0.2028,0.2053,0.2084,0.2079,0.2097,0.2114,0.2038,0.2193,0.2107,0.1916,0.1969,0.1977,0.1913,0.198,0.2234,0.1941,0.2348,0.2041,0.2066,0.1967,0.1852,0.2061,0.1901,0.2033,0.2183,0.2155,0.2355,0.5524,0.2155,0.2336,0.1931,0.214,0.214,0.2058,0.2094,0.2036
11/8/2022,11.6343,0.2568,0.2299,0.2237,0.307,0.2455,0.2343,0.2375,0.3186,0.2975,0.2463,0.2444,0.2394,0.2165,0.227,0.2125,0.2219,0.2096,0.2212,0.2292,0.2372,0.2408,0.2194,0.2513,0.2161,0.2212,0.2194,0.2197,0.2106,0.2201,0.223,0.1986,0.1957,0.2048,0.1976,0.2059,0.2197,0.2394,0.2226,0.2505,0.6367,0.2506,0.271,0.2553,0.2513,0.2513,0.2248,0.2117,0.2492
11/7/2022,8.6535,0.182,0.1782,0.1756,0.1835,0.1891,0.1921,0.1861,0.1881,0.1838,0.1846,0.1885,0.184,0.1748,0.1743,0.1814,0.1793,0.1776,0.1754,0.1784,0.1769,0.1746,0.1821,0.1784,0.178,0.1774,0.1761,0.1793,0.1745,0.1788,0.1797,0.1722,0.1771,0.1721,0.172,0.1739,0.1761,0.1811,0.1791,0.1758,0.2177,0.1773,0.1854,0.1814,0.1794,0.1792,0.1818,0.1808,0.1785
11/6/2022,13.7797,0.2672,0.2956,0.31,0.3609,0.4192,0.3846,0.2851,0.3302,0.2794,0.2684,0.2603,0.2482,0.2383,0.284,0.2967,0.2655,0.2586,0.2788,0.2713,0.2701,0.2823,0.2782,0.2551,0.3008,0.2268,0.269,0.3337,0.2482,0.3453,0.2776,0.2031,0.2534,0.2204,0.2487,0.2487,0.2568,0.31,0.2326,0.2629,0.7061,0.2869,0.2285,0.2643,0.2528,0.2678,0.2672,0.2921,0.288
11/5/2022,18.9422,0.38,0.4566,0.4501,0.6186,0.438,0.5639,0.3822,0.4512,0.4523,0.345,0.3483,0.287,0.3352,0.3538,0.403,0.3494,0.3045,0.3779,0.38,0.4041,0.4129,0.4085,0.3089,0.3396,0.3002,0.4041,0.4402,0.2794,0.5256,0.3549,0.3428,0.2706,0.3264,0.298,0.298,0.3242,0.3275,0.38,0.3977,1.461,0.3122,0.3975,0.4151,0.2859,0.3078,0.2936,0.3396,0.3089
11/4/2022,13.5253,0.2645,0.2689,0.286,0.3241,0.3816,0.3164,0.4076,0.2899,0.3495,0.2622,0.3451,0.2556,0.2379,0.2479,0.2888,0.2324,0.2827,0.2993,0.2584,0.2462,0.2518,0.2197,0.3169,0.2258,0.2518,0.2313,0.2401,0.2263,0.3324,0.2744,0.233,0.2258,0.2308,0.2501,0.2153,0.2611,0.2435,0.2319,0.2778,0.7893,0.2407,0.2518,0.254,0.2888,0.2993,0.2683,0.2678,0.2805
11/3/2022,12.798,0.2799,0.2386,0.2679,0.2972,0.3739,0.3308,0.2952,0.289,0.2434,0.2521,0.3159,0.2554,0.23,0.2444,0.2665,0.2693,0.2391,0.2281,0.2717,0.2521,0.2588,0.219,0.2271,0.2358,0.2564,0.2636,0.2588,0.217,0.3068,0.2612,0.2329,0.2257,0.229,0.2094,0.2132,0.2281,0.2348,0.2214,0.277,0.7851,0.2305,0.2358,0.2617,0.2698,0.2271,0.2607,0.2386,0.2722
11/2/2022,12.3619,0.2212,0.2635,0.2277,0.2814,0.3538,0.274,0.2631,0.2574,0.3154,0.2351,0.2391,0.2378,0.2522,0.2465,0.2395,0.2522,0.2652,0.2744,0.2417,0.2578,0.2408,0.2251,0.2709,0.236,0.216,0.2194,0.226,0.2255,0.2404,0.257,0.2173,0.2269,0.2064,0.229,0.205,0.2378,0.2543,0.2596,0.265,0.7174,0.2447,0.27,0.2142,0.2522,0.2639,0.2609,0.2234,0.2578
11/1/2022,7.9624,0.1662,0.1658,0.1661,0.1657,0.1653,0.1659,0.1657,0.1657,0.1658,0.1655,0.1656,0.1661,0.1661,0.1659,0.1661,0.1658,0.1661,0.1661,0.166,0.1658,0.166,0.1658,0.1658,0.166,0.1659,0.1662,0.1655,0.1662,0.1658,0.1661,0.1663,0.1661,0.1662,0.1663,0.1663,0.1662,0.1659,0.166,0.1658,0.162,0.1661,0.1661,0.1663,0.1659,0.1662,0.1662,0.1661,0.1658
10/31/2022,3.3085,0.0419,0.1019,0.1108,0.055,-0.0276,0.0109,0.0147,0.0489,0.0015,0.0156,0.0888,0.0358,0.1043,0.1085,0.0592,0.0597,0.1066,0.0696,0.0625,0.0916,0.093,0.1033,0.109,0.0738,0.1061,0.1122,0.0944,0.0996,0.0747,0.0963,0.1348,0.1141,0.1155,0.1137,0.109,0.0954,0.085,0.0569,0.0735,-0.3556,0.0939,0.0456,0.1019,0.0644,0.0639,0.0677,0.0972,0.109
10/30/2022,3.5633,0.0531,0.1059,0.1134,0.0491,-0.0494,0.0202,0.0722,-0.0152,0.0593,0.0535,-0.0024,0.1032,0.0921,0.1068,0.1152,0.0819,0.0855,0.058,0.0611,0.0762,0.0824,0.0611,0.0793,0.0726,0.1072,0.0983,0.0659,0.1085,0.0411,0.105,0.113,0.1219,0.1263,0.1258,0.1045,0.1028,0.0713,0.0895,0.1063,-0.1718,0.0557,0.1179,0.1174,0.0664,0.0571,0.105,0.1014,0.0917
10/29/2022,10.1441,0.1986,0.2235,0.2239,0.225,0.2389,0.2181,0.2321,0.2248,0.2104,0.2357,0.2258,0.193,0.2033,0.1909,0.192,0.2162,0.1956,0.1978,0.2138,0.2059,0.1988,0.1965,0.201,0.2149,0.1855,0.2027,0.2044,0.1881,0.2179,0.2085,0.1817,0.1827,0.1862,0.193,0.1948,0.204,0.216,0.2121,0.2258,0.4977,0.1993,0.2059,0.1937,0.1937,0.1937,0.1984,0.1924,0.1894
10/28/2022,12.9071,0.3021,0.2408,0.2373,0.3065,0.3237,0.3257,0.3026,0.2913,0.2584,0.3193,0.2432,0.2628,0.2359,0.2398,0.2457,0.2525,0.255,0.279,0.2628,0.2442,0.2658,0.2844,0.2251,0.2692,0.2162,0.2432,0.2427,0.2344,0.257,0.2687,0.2295,0.2403,0.2373,0.2413,0.2211,0.2408,0.2633,0.2501,0.2728,0.7613,0.2584,0.2413,0.227,0.2604,0.28,0.2256,0.2722,0.2491
10/27/2022,12.6158,0.2271,0.2308,0.2221,0.2835,0.3864,0.2802,0.2996,0.2867,0.2461,0.2668,0.3365,0.2871,0.2382,0.2262,0.2742,0.2715,0.2433,0.2645,0.2391,0.2553,0.2641,0.2294,0.2811,0.2114,0.2405,0.259,0.2604,0.2184,0.3181,0.2645,0.235,0.2396,0.2101,0.2331,0.2262,0.2368,0.2304,0.2687,0.2386,0.5697,0.2424,0.2128,0.2613,0.2253,0.265,0.2825,0.2571,0.2691
10/26/2022,12.9798,0.2598,0.3006,0.2364,0.3668,0.3524,0.3454,0.3449,0.3569,0.2882,0.2523,0.2991,0.2772,0.2359,0.2563,0.2284,0.2473,0.2548,0.2404,0.2548,0.2369,0.2648,0.2623,0.2673,0.2707,0.2349,0.2309,0.3285,0.2209,0.323,0.2359,0.2384,0.2443,0.218,0.2414,0.21,0.2314,0.2354,0.2678,0.2569,0.672,0.2419,0.2374,0.2195,0.2175,0.2379,0.2628,0.2284,0.2448
10/25/2022,13.7433,0.2815,0.2557,0.3189,0.3258,0.2907,0.3263,0.4171,0.3166,0.3269,0.3602,0.2982,0.2499,0.2586,0.2741,0.2861,0.2988,0.2379,0.3039,0.293,0.2936,0.2597,0.2614,0.3034,0.2419,0.2729,0.289,0.3459,0.2298,0.2764,0.2614,0.2252,0.2161,0.2138,0.2522,0.2476,0.2637,0.2298,0.2511,0.2534,0.6525,0.2712,0.3286,0.2959,0.2534,0.2511,0.2741,0.2609,0.2471
10/24/2022,11.6706,0.2327,0.2302,0.2617,0.2621,0.257,0.2761,0.2735,0.2779,0.2159,0.2258,0.2999,0.2067,0.2305,0.232,0.2188,0.2199,0.2386,0.2371,0.2225,0.2217,0.2111,0.2544,0.2404,0.2379,0.2349,0.2162,0.2768,0.2048,0.2151,0.2294,0.2067,0.2045,0.2067,0.2074,0.2056,0.2313,0.2349,0.2353,0.2593,0.6859,0.225,0.2184,0.232,0.2467,0.2463,0.2423,0.2173,0.2034
10/23/2022,9.0532,0.195,0.1911,0.1835,0.2003,0.1932,0.2081,0.1839,0.2026,0.196,0.1823,0.2037,0.1918,0.1826,0.183,0.1871,0.1799,0.1867,0.1925,0.1847,0.1922,0.1899,0.1893,0.185,0.1948,0.1868,0.1897,0.1927,0.1795,0.1983,0.1828,0.1745,0.1774,0.1745,0.1761,0.1836,0.1827,0.1909,0.179,0.1778,0.2293,0.1811,0.1878,0.1915,0.187,0.1893,0.1865,0.1851,0.1901
10/22/2022,5.6358,0.1376,0.1227,0.1206,0.069,0.0754,0.0813,0.0953,0.0908,0.1194,0.1298,0.0936,0.1255,0.1248,0.1201,0.1196,0.1161,0.1097,0.1187,0.1284,0.1146,0.1206,0.1383,0.1336,0.1045,0.1459,0.1345,0.1132,0.139,0.0981,0.1241,0.1307,0.1447,0.1355,0.144,0.1435,0.1331,0.1165,0.1234,0.1326,-0.0239,0.1125,0.122,0.1331,0.1246,0.1333,0.112,0.1201,0.1333
10/21/2022,6.4351,0.1394,0.128,0.1294,0.1119,0.1194,0.1266,0.1113,0.1308,0.1185,0.1311,0.1083,0.1343,0.1351,0.1383,0.1468,0.1346,0.1462,0.1324,0.1308,0.1438,0.133,0.1415,0.1451,0.1343,0.1404,0.1419,0.1509,0.1485,0.1459,0.1408,0.1506,0.1477,0.1516,0.1444,0.1452,0.143,0.1434,0.1338,0.1368,-0.0008,0.1246,0.1382,0.143,0.1415,0.1399,0.1354,0.1471,0.1504
10/20/2022,11.7067,0.2497,0.2597,0.2297,0.2497,0.2445,0.2901,0.299,0.2579,0.2712,0.2427,0.2252,0.223,0.2378,0.2137,0.213,0.2334,0.2382,0.236,0.2352,0.2289,0.2438,0.2197,0.21,0.2304,0.2434,0.2215,0.2108,0.2167,0.2553,0.2278,0.223,0.2149,0.2,0.1937,0.2126,0.2167,0.2315,0.2264,0.2596,0.6873,0.2556,0.21,0.2345,0.2434,0.2404,0.2256,0.2516,0.2219
10/19/2022,11.2347,0.2259,0.2165,0.2074,0.2773,0.2805,0.2815,0.2621,0.2909,0.265,0.2407,0.2789,0.2521,0.2194,0.2058,0.2294,0.2061,0.2178,0.2123,0.221,0.2265,0.2246,0.2074,0.2466,0.209,0.2045,0.2343,0.2003,0.2055,0.2191,0.2275,0.189,0.1955,0.1993,0.2084,0.1951,0.2119,0.2032,0.2242,0.2363,0.5567,0.2369,0.2504,0.2346,0.2107,0.2317,0.2139,0.2362,0.2048
10/18/2022,10.1802,0.2039,0.2116,0.2151,0.2266,0.2757,0.253,0.2033,0.2231,0.2336,0.2039,0.2039,0.193,0.197,0.2029,0.2131,0.2162,0.2087,0.2196,0.2031,0.2044,0.2005,0.2135,0.2094,0.2033,0.2079,0.2035,0.2155,0.1889,0.2305,0.2094,0.2002,0.1937,0.1946,0.2007,0.1922,0.1957,0.2181,0.1902,0.1928,0.313,0.2083,0.2177,0.214,0.2105,0.2166,0.219,0.2044,0.2044
10/17/2022,7.3805,0.1498,0.155,0.158,0.1453,0.1355,0.1445,0.1547,0.1515,0.1579,0.1541,0.154,0.159,0.1572,0.1584,0.1571,0.1519,0.1542,0.1593,0.1535,0.152,0.1529,0.1544,0.1579,0.1532,0.1605,0.1586,0.1584,0.1582,0.1584,0.1551,0.1574,0.1588,0.1587,0.157,0.1608,0.1572,0.158,0.1569,0.1526,0.0879,0.1503,0.1543,0.1574,0.1527,0.1586,0.1551,0.1568,0.1595
10/16/2022,9.853,0.2093,0.2132,0.218,0.2373,0.2608,0.233,0.2206,0.2404,0.2271,0.2135,0.2317,0.2119,0.1961,0.1987,0.2093,0.1978,0.1978,0.1889,0.2008,0.2037,0.1906,0.195,0.2026,0.1937,0.1958,0.1865,0.2006,0.1906,0.2139,0.1995,0.1793,0.1954,0.1882,0.1852,0.1826,0.1972,0.2115,0.1954,0.1758,0.2179,0.2108,0.2204,0.19,0.2085,0.2078,0.2002,0.2022,0.2059
10/15/2022,8.6894,0.1837,0.1832,0.1794,0.1871,0.189,0.1874,0.1784,0.1927,0.188,0.1897,0.1922,0.1789,0.1802,0.1745,0.1765,0.1834,0.1785,0.1823,0.178,0.1806,0.1794,0.1734,0.1776,0.1787,0.1797,0.1794,0.1775,0.1738,0.1783,0.1796,0.1776,0.1749,0.1749,0.1725,0.176,0.1774,0.1793,0.1806,0.1784,0.2325,0.178,0.1845,0.1746,0.1802,0.1781,0.1776,0.1757,0.1755
10/14/2022,7.2714,0.151,0.1469,0.1559,0.1461,0.1437,0.1514,0.1423,0.1424,0.1463,0.1562,0.1552,0.1514,0.1554,0.1546,0.1547,0.1572,0.1551,0.1504,0.1554,0.156,0.1573,0.1563,0.149,0.1568,0.1526,0.1578,0.152,0.1571,0.1467,0.1552,0.1584,0.1589,0.1593,0.1589,0.1572,0.1559,0.1558,0.1547,0.1474,0.0586,0.1531,0.1546,0.1522,0.1523,0.1573,0.155,0.155,0.1584
10/13/2022,9.1987,0.1818,0.1914,0.1984,0.1977,0.2108,0.1957,0.2071,0.1944,0.1923,0.194,0.185,0.1928,0.1864,0.1832,0.189,0.1842,0.1951,0.1842,0.1863,0.1878,0.1846,0.1918,0.1824,0.1957,0.1782,0.1825,0.1796,0.1808,0.2062,0.1886,0.181,0.1862,0.1752,0.1836,0.1798,0.187,0.1849,0.184,0.1943,0.3215,0.1873,0.1941,0.1953,0.1891,0.19,0.1843,0.1832,0.1899
10/12/2022,7.3806,0.1554,0.1558,0.1574,0.1418,0.137,0.1498,0.1456,0.1407,0.1506,0.1545,0.1585,0.1505,0.1574,0.1599,0.1551,0.1548,0.1541,0.1573,0.1531,0.1538,0.1538,0.1584,0.1586,0.1564,0.1565,0.1571,0.1527,0.1587,0.1506,0.1534,0.1608,0.1584,0.1581,0.1621,0.1617,0.1557,0.1538,0.1576,0.1581,0.1186,0.1507,0.1506,0.1584,0.1553,0.1582,0.1498,0.1562,0.1572
10/11/2022,9.344,0.1903,0.191,0.1879,0.2199,0.2068,0.2001,0.2224,0.1946,0.2145,0.212,0.2054,0.1876,0.188,0.1948,0.1981,0.1864,0.1942,0.1909,0.1953,0.1996,0.1894,0.1907,0.203,0.1996,0.1798,0.1863,0.2086,0.1813,0.1987,0.191,0.1847,0.1812,0.1856,0.1786,0.1839,0.1845,0.1903,0.1956,0.1809,0.2466,0.1882,0.1867,0.1984,0.187,0.1883,0.2015,0.1921,0.1817
10/10/2022,7.8895,0.1653,0.1645,0.1644,0.1635,0.1623,0.163,0.163,0.1624,0.1655,0.1649,0.1646,0.1638,0.1652,0.1643,0.1649,0.1652,0.1654,0.1651,0.1642,0.1647,0.1643,0.164,0.1651,0.1652,0.1647,0.1654,0.1636,0.1655,0.1649,0.1649,0.1654,0.1658,0.1654,0.165,0.1657,0.1647,0.1643,0.1644,0.1643,0.1536,0.1646,0.1637,0.1649,0.1651,0.1646,0.1642,0.1649,0.1651
10/9/2022,7.4897,0.1565,0.1578,0.1583,0.1462,0.1472,0.1475,0.1576,0.1543,0.1514,0.1563,0.1547,0.1595,0.1568,0.1581,0.1561,0.1604,0.1589,0.1568,0.1569,0.157,0.1588,0.1555,0.155,0.1529,0.1592,0.1568,0.1546,0.161,0.1533,0.1569,0.1616,0.1624,0.1587,0.1614,0.1584,0.1584,0.1599,0.1591,0.16,0.1291,0.1532,0.1578,0.1595,0.1566,0.1575,0.1533,0.1544,0.1561
10/8/2022,14.9067,0.3559,0.3338,0.2447,0.4284,0.5189,0.4395,0.4547,0.3421,0.2841,0.2682,0.2841,0.302,0.2585,0.2841,0.3228,0.3324,0.3,0.2502,0.2772,0.2792,0.2461,0.3214,0.262,0.32,0.2751,0.3152,0.3386,0.2447,0.3518,0.282,0.2129,0.2516,0.2198,0.2613,0.2558,0.262,0.3352,0.3324,0.2739,0.7674,0.3,0.2647,0.2703,0.2634,0.2703,0.3331,0.264,0.2509
10/7/2022,7.8898,0.165,0.1637,0.1643,0.163,0.1621,0.1642,0.1623,0.1637,0.1646,0.1649,0.1625,0.1641,0.1649,0.1654,0.1648,0.1647,0.164,0.1646,0.165,0.1649,0.1647,0.1645,0.1644,0.1641,0.1648,0.1653,0.1633,0.1652,0.1644,0.1647,0.1649,0.1658,0.1656,0.1658,0.1657,0.1648,0.1639,0.1648,0.1649,0.1568,0.1647,0.1649,0.1655,0.1643,0.1645,0.1643,0.165,0.1655
10/6/2022,9.3076,0.198,0.2005,0.1882,0.2063,0.2132,0.1939,0.1928,0.2016,0.2122,0.2021,0.1909,0.186,0.1842,0.1814,0.1868,0.1871,0.1927,0.196,0.1856,0.1855,0.1958,0.1835,0.2034,0.1816,0.1822,0.1833,0.1902,0.1826,0.1924,0.191,0.1804,0.1846,0.1851,0.1791,0.1868,0.1852,0.1979,0.1867,0.1932,0.3151,0.1854,0.2041,0.1915,0.1867,0.1927,0.2014,0.1973,0.1834
10/5/2022,14.143,0.2465,0.2828,0.2815,0.3577,0.3436,0.4191,0.3503,0.3338,0.3553,0.3516,0.319,0.3399,0.2779,0.2521,0.2822,0.303,0.2545,0.2502,0.2865,0.2932,0.2545,0.2551,0.3116,0.2631,0.2637,0.292,0.2944,0.2478,0.3141,0.2858,0.2404,0.2582,0.2127,0.2256,0.2361,0.2723,0.2441,0.2521,0.2703,0.7474,0.2428,0.2527,0.2828,0.3024,0.2987,0.3166,0.2385,0.2865
10/4/2022,7.9973,0.1666,0.1666,0.1666,0.1666,0.1666,0.1666,0.1666,0.1666,0.1666,0.1666,0.1666,0.1666,0.1666,0.1666,0.1666,0.1666,0.1666,0.1666,0.1666,0.1666,0.1666,0.1666,0.1666,0.1666,0.1666,0.1666,0.1666,0.1666,0.1666,0.1666,0.1667,0.1667,0.1666,0.1666,0.1666,0.1666,0.1667,0.1666,0.1666,0.1665,0.1666,0.1667,0.1667,0.1667,0.1666,0.1666,0.1666,0.1666
10/3/2022,8.3261,0.1742,0.1748,0.1744,0.1781,0.176,0.1786,0.1766,0.1784,0.1722,0.1719,0.1731,0.1706,0.1704,0.1728,0.1715,0.1745,0.1732,0.174,0.1716,0.1722,0.1715,0.173,0.1733,0.1719,0.1718,0.1702,0.1713,0.1708,0.1758,0.1736,0.1698,0.1711,0.1714,0.1701,0.1697,0.1719,0.1732,0.1729,0.1735,0.2047,0.1705,0.172,0.1712,0.1718,0.1733,0.1709,0.1722,0.1736
10/2/2022,8.5805,0.1762,0.1773,0.1814,0.1865,0.1885,0.191,0.1844,0.1885,0.1876,0.1815,0.1775,0.1749,0.1752,0.1775,0.1789,0.1756,0.179,0.1739,0.1772,0.1807,0.1763,0.1749,0.174,0.1791,0.1742,0.1758,0.1769,0.1746,0.1756,0.1751,0.1747,0.1719,0.1747,0.1722,0.1724,0.1753,0.1779,0.1732,0.1765,0.2216,0.1785,0.178,0.1768,0.1787,0.1796,0.1753,0.1756,0.1778
10/1/2022,21.1236,0.3688,0.4029,0.5144,0.5906,0.4987,0.5656,0.5486,0.5381,0.3438,0.3898,0.4816,0.4488,0.3937,0.3491,0.4081,0.437,0.3373,0.4593,0.3793,0.4869,0.3727,0.416,0.4764,0.5118,0.3819,0.4396,0.4961,0.3202,0.5,0.4423,0.3386,0.3556,0.2598,0.2861,0.3753,0.4016,0.3163,0.3137,0.4473,1.7391,0.3333,0.4528,0.3793,0.3517,0.3793,0.3425,0.3766,0.3753
9/30/2022,11.3074,0.2527,0.2146,0.2143,0.2923,0.3248,0.2672,0.254,0.2649,0.2857,0.215,0.2735,0.2186,0.2335,0.2123,0.2083,0.2176,0.2401,0.2295,0.2401,0.2371,0.2196,0.2216,0.2355,0.2517,0.2249,0.2252,0.206,0.2017,0.2126,0.2341,0.1978,0.2011,0.1991,0.2083,0.1931,0.2209,0.2183,0.2338,0.2232,0.4835,0.214,0.2321,0.2004,0.205,0.2477,0.2212,0.2398,0.2391
9/29/2022,9.671,0.1994,0.2098,0.2118,0.2049,0.2145,0.2021,0.2198,0.2083,0.2008,0.1929,0.2322,0.1874,0.1879,0.1921,0.1959,0.1998,0.1886,0.1937,0.2031,0.1942,0.2013,0.1845,0.1872,0.1989,0.1876,0.1949,0.184,0.1871,0.1954,0.2004,0.181,0.1849,0.1866,0.1845,0.1912,0.1879,0.2048,0.1962,0.2083,0.4002,0.2103,0.1842,0.2059,0.2009,0.1877,0.2079,0.1951,0.1929
9/28/2022,8.9078,0.1861,0.1889,0.1785,0.1924,0.208,0.2024,0.1919,0.1858,0.1971,0.1872,0.1912,0.1856,0.1805,0.1802,0.1779,0.1811,0.1802,0.18,0.1875,0.1846,0.1824,0.1846,0.1883,0.1811,0.184,0.182,0.1825,0.1795,0.1939,0.1789,0.1769,0.178,0.1762,0.1764,0.1806,0.1811,0.1789,0.1824,0.1839,0.263,0.1777,0.1792,0.1804,0.1802,0.1781,0.1845,0.1845,0.1815
9/27/2022,7.0892,0.1541,0.1427,0.1465,0.1373,0.1388,0.1304,0.1342,0.1313,0.1471,0.1401,0.1447,0.1426,0.1517,0.1499,0.149,0.1465,0.1539,0.1483,0.1511,0.1517,0.1554,0.1466,0.1445,0.1496,0.155,0.1528,0.1382,0.1545,0.1374,0.1496,0.16,0.1523,0.1558,0.1536,0.1577,0.1516,0.1504,0.1506,0.1596,0.1269,0.1502,0.1418,0.151,0.1516,0.1486,0.1532,0.1469,0.1519
9/26/2022,21.7057,0.4956,0.4476,0.4778,0.6025,0.793,0.6189,0.7039,0.5765,0.3202,0.4956,0.6052,0.4983,0.3983,0.46,0.3709,0.4298,0.4367,0.5011,0.3764,0.4915,0.3901,0.3969,0.4915,0.3668,0.3106,0.3394,0.3736,0.3394,0.5093,0.4394,0.2886,0.3887,0.3476,0.3791,0.3722,0.3997,0.3832,0.3764,0.2929,0.8738,0.4764,0.4161,0.4819,0.4106,0.3407,0.5244,0.4805,0.4161
9/25/2022,16.3973,0.3699,0.3867,0.2842,0.4001,0.4841,0.4345,0.5076,0.5059,0.3338,0.3699,0.3875,0.3094,0.338,0.3019,0.3111,0.3061,0.2758,0.3296,0.322,0.2977,0.3187,0.3665,0.3556,0.2641,0.2649,0.3044,0.3825,0.2557,0.364,0.2909,0.2607,0.2691,0.2834,0.2582,0.2506,0.3027,0.2616,0.2943,0.3078,0.9576,0.364,0.3094,0.3758,0.2792,0.3329,0.3161,0.2918,0.259
9/24/2022,16.7612,0.2876,0.2876,0.3988,0.398,0.4339,0.3594,0.3699,0.5171,0.3866,0.2771,0.2823,0.2735,0.2981,0.2937,0.3244,0.2692,0.2709,0.3612,0.3086,0.3068,0.3138,0.3612,0.3322,0.3016,0.3165,0.2648,0.3436,0.2727,0.3156,0.3077,0.2516,0.2981,0.2446,0.2911,0.2692,0.2955,0.3112,0.3025,0.4356,1.6736,0.3454,0.3217,0.3568,0.2876,0.2771,0.2902,0.327,0.348
9/23/2022,16.2157,0.3343,0.2768,0.3039,0.3992,0.5627,0.4879,0.5051,0.4197,0.3581,0.271,0.3819,0.257,0.28,0.2776,0.3384,0.2866,0.3581,0.3515,0.2924,0.3088,0.3121,0.3556,0.2669,0.3811,0.3195,0.294,0.3729,0.2488,0.409,0.3113,0.2431,0.2422,0.2258,0.2661,0.2874,0.2718,0.3606,0.3088,0.278,0.7906,0.3589,0.4,0.2784,0.2735,0.2907,0.3901,0.2883,0.3392
9/22/2022,9.5254,0.2034,0.2051,0.2066,0.2179,0.2419,0.2082,0.2144,0.2222,0.1876,0.2188,0.1938,0.1975,0.1839,0.1894,0.1851,0.1906,0.1947,0.1937,0.1958,0.2008,0.1996,0.1833,0.1859,0.1819,0.1845,0.1949,0.2144,0.183,0.2034,0.1966,0.1778,0.19,0.1793,0.1812,0.1815,0.1871,0.2011,0.1935,0.194,0.3196,0.204,0.1857,0.1848,0.1923,0.1876,0.1946,0.1925,0.1999
9/21/2022,7.6714,0.1584,0.1612,0.1577,0.1535,0.1588,0.1559,0.1557,0.1534,0.1616,0.1601,0.1573,0.1611,0.1608,0.1626,0.1615,0.1599,0.1627,0.1592,0.1593,0.1595,0.1604,0.159,0.1579,0.1628,0.1628,0.1611,0.16,0.1626,0.1561,0.1605,0.1639,0.1631,0.1632,0.1617,0.1619,0.1614,0.1602,0.163,0.1616,0.1381,0.1627,0.1625,0.1587,0.1636,0.1595,0.1609,0.159,0.163
9/20/2022,6.6533,0.1333,0.142,0.133,0.1116,0.1164,0.1389,0.1251,0.1156,0.1444,0.136,0.1329,0.129,0.1409,0.1374,0.1362,0.1467,0.1474,0.1405,0.1401,0.1405,0.149,0.1485,0.1427,0.1519,0.1404,0.1482,0.1279,0.1529,0.1341,0.1403,0.1571,0.1449,0.1533,0.1479,0.1545,0.1492,0.1389,0.1438,0.1485,0.0651,0.142,0.1515,0.1434,0.1387,0.1329,0.1345,0.1434,0.1399
9/19/2022,10.1437,0.2098,0.214,0.2198,0.2222,0.2537,0.2423,0.2428,0.223,0.2089,0.2158,0.2396,0.214,0.1939,0.2057,0.211,0.2147,0.2158,0.1941,0.2153,0.2164,0.199,0.2119,0.2008,0.1984,0.1997,0.2055,0.2035,0.1937,0.2363,0.1997,0.186,0.1941,0.183,0.1917,0.1993,0.1945,0.2087,0.1917,0.1925,0.3115,0.225,0.2044,0.2093,0.2155,0.2119,0.193,0.2076,0.2027
9/18/2022,22.6871,0.5192,0.3987,0.5632,0.6499,0.8526,0.4619,0.6925,0.572,0.5867,0.4134,0.4927,0.5456,0.3414,0.3282,0.5059,0.4516,0.4075,0.4854,0.4883,0.4281,0.4413,0.315,0.3796,0.4957,0.4619,0.4516,0.6396,0.3782,0.3532,0.3987,0.3914,0.2959,0.3679,0.3429,0.3194,0.3752,0.5148,0.3693,0.4007,1.4778,0.362,0.5941,0.3928,0.3708,0.4398,0.3532,0.4648,0.3547
9/17/2022,8.6893,0.1769,0.1814,0.1785,0.1856,0.1998,0.1952,0.179,0.1809,0.1821,0.178,0.1882,0.1761,0.1749,0.1763,0.176,0.1818,0.1805,0.1756,0.182,0.1825,0.1752,0.1787,0.1782,0.1782,0.1788,0.1759,0.1778,0.176,0.1778,0.18,0.1743,0.176,0.1749,0.1745,0.1774,0.1779,0.1824,0.1745,0.1822,0.2539,0.1802,0.1831,0.1769,0.1828,0.177,0.1767,0.1779,0.1788
9/16/2022,10.2527,0.2291,0.225,0.2131,0.2322,0.2241,0.2138,0.2566,0.2559,0.2482,0.2124,0.2417,0.2056,0.2027,0.2027,0.2041,0.2054,0.1966,0.2113,0.2011,0.2187,0.202,0.2189,0.2295,0.1923,0.1993,0.1944,0.214,0.1989,0.2106,0.2124,0.1831,0.1894,0.1892,0.1905,0.2,0.2045,0.1957,0.1966,0.1996,0.351,0.2153,0.2214,0.2169,0.2038,0.2149,0.2023,0.2018,0.2041
9/15/2022,6.7258,0.1509,0.1338,0.1363,0.1186,0.1093,0.1218,0.1367,0.1361,0.1324,0.1287,0.1316,0.1383,0.1515,0.1502,0.1479,0.1501,0.1488,0.15,0.138,0.142,0.1392,0.1485,0.1422,0.1497,0.149,0.1423,0.1262,0.1539,0.1299,0.1459,0.1537,0.1516,0.1483,0.1502,0.153,0.1502,0.1346,0.1437,0.149,0.0675,0.1407,0.1459,0.1395,0.1511,0.1386,0.1505,0.1381,0.1398
9/14/2022,6.5809,0.1303,0.1413,0.1481,0.1268,0.0981,0.1339,0.1048,0.1078,0.1465,0.1438,0.1281,0.1357,0.1435,0.1506,0.1363,0.1393,0.1406,0.1381,0.1342,0.1379,0.1391,0.1401,0.1479,0.1366,0.1525,0.1356,0.1318,0.1476,0.1239,0.1427,0.1567,0.1545,0.1445,0.1461,0.1545,0.1441,0.1512,0.1391,0.1481,0.0626,0.1347,0.134,0.1505,0.1494,0.1393,0.1285,0.1427,0.1369
9/13/2022,6.2534,0.1429,0.1403,0.1192,0.1024,0.0926,0.1162,0.1167,0.1033,0.1324,0.1137,0.1237,0.1307,0.1462,0.1335,0.1263,0.1396,0.1291,0.1342,0.1312,0.1345,0.1398,0.1443,0.1448,0.1441,0.149,0.1475,0.1151,0.1424,0.1144,0.1342,0.1445,0.141,0.1429,0.1455,0.1454,0.1433,0.1358,0.1298,0.1457,0.049,0.1272,0.1206,0.1284,0.1389,0.1382,0.1317,0.1253,0.1359
9/12/2022,18.2514,0.4045,0.3871,0.3235,0.4824,0.4537,0.3778,0.345,0.5593,0.5378,0.4773,0.4722,0.342,0.3737,0.2897,0.3563,0.2938,0.3871,0.3102,0.3625,0.4055,0.2907,0.3943,0.3502,0.3573,0.3573,0.3163,0.2928,0.2743,0.3573,0.3819,0.2343,0.3122,0.2589,0.3143,0.263,0.3379,0.3543,0.4127,0.3626,1.2645,0.384,0.4025,0.3409,0.3532,0.3502,0.3584,0.3389,0.2948
9/11/2022,16.2883,0.3689,0.3515,0.3051,0.4824,0.373,0.3797,0.4402,0.4982,0.2993,0.4369,0.4029,0.2636,0.3308,0.3109,0.3515,0.3573,0.3357,0.2777,0.3548,0.3341,0.3059,0.257,0.3904,0.3167,0.2404,0.3175,0.4004,0.2636,0.4352,0.3076,0.2297,0.2371,0.2355,0.2355,0.2993,0.3076,0.3258,0.3324,0.2843,0.8257,0.2794,0.2578,0.296,0.3034,0.3548,0.281,0.3565,0.3573
9/10/2022,15.1248,0.3312,0.3619,0.3234,0.3754,0.4524,0.3191,0.3113,0.3426,0.3882,0.3426,0.3106,0.3227,0.2906,0.2458,0.2935,0.2636,0.2892,0.3227,0.2828,0.2914,0.3241,0.2422,0.2536,0.2629,0.3099,0.2586,0.2864,0.2422,0.3776,0.2757,0.2116,0.2735,0.2393,0.2436,0.2486,0.26,0.2899,0.2743,0.3514,1.2017,0.2493,0.25,0.332,0.3127,0.265,0.2792,0.3006,0.2479
9/9/2022,15.9613,0.2813,0.3681,0.2781,0.3737,0.5313,0.3235,0.4158,0.3681,0.3187,0.2861,0.4238,0.3092,0.3275,0.2869,0.267,0.3522,0.3092,0.3116,0.3585,0.3418,0.3291,0.2805,0.2789,0.3418,0.2487,0.2574,0.3824,0.2534,0.4039,0.2901,0.2662,0.2654,0.2877,0.2702,0.2813,0.2853,0.3004,0.3338,0.3303,1.0834,0.302,0.2495,0.2829,0.3203,0.3514,0.259,0.3195,0.2741
9/8/2022,9.635,0.1995,0.1935,0.2103,0.2142,0.2249,0.2162,0.2249,0.2334,0.2218,0.1951,0.2102,0.2124,0.2003,0.2005,0.1989,0.1904,0.1938,0.2054,0.1945,0.2051,0.1884,0.2062,0.1923,0.1946,0.1964,0.191,0.1912,0.1842,0.1936,0.1953,0.1796,0.1853,0.1878,0.1846,0.1931,0.1912,0.1958,0.1861,0.1869,0.2799,0.1909,0.211,0.201,0.1938,0.2066,0.1936,0.2051,0.1842
9/7/2022,6.4716,0.1474,0.1256,0.1425,0.106,0.0991,0.1312,0.1176,0.1367,0.124,0.1418,0.1333,0.1431,0.1445,0.1399,0.1326,0.134,0.145,0.1335,0.1359,0.1347,0.1425,0.1329,0.1479,0.1375,0.1378,0.1482,0.1485,0.1463,0.1243,0.1399,0.1564,0.1468,0.1468,0.1451,0.1483,0.1399,0.1393,0.1489,0.1373,0.002,0.1424,0.1387,0.1318,0.1523,0.1404,0.1274,0.1416,0.132
9/6/2022,6.1442,0.1231,0.1251,0.1149,0.1041,0.1275,0.1327,0.119,0.1119,0.1455,0.1425,0.1323,0.1377,0.1416,0.1279,0.1232,0.1223,0.126,0.1353,0.1268,0.1338,0.1292,0.1251,0.1195,0.137,0.1496,0.1346,0.1409,0.1429,0.1399,0.1353,0.152,0.1516,0.1509,0.1518,0.1483,0.1373,0.1359,0.1364,0.1204,-0.0925,0.1257,0.1236,0.1411,0.1242,0.1205,0.1344,0.1379,0.1375
9/5/2022,10.0713,0.2015,0.2114,0.217,0.2497,0.2385,0.2172,0.2464,0.2474,0.2247,0.218,0.2158,0.2147,0.1921,0.2013,0.1998,0.206,0.1932,0.1971,0.2133,0.1969,0.2104,0.1894,0.2176,0.1913,0.1874,0.2008,0.199,0.1907,0.2191,0.1994,0.1822,0.1822,0.199,0.1861,0.1878,0.1998,0.199,0.1911,0.2078,0.3971,0.205,0.2178,0.1872,0.2046,0.205,0.1998,0.2025,0.2102
9/4/2022,17.1609,0.4103,0.3682,0.294,0.3984,0.5358,0.4946,0.4479,0.4177,0.3545,0.4571,0.3911,0.3059,0.3526,0.3251,0.3444,0.3481,0.37,0.2913,0.305,0.3004,0.371,0.3856,0.4122,0.305,0.2473,0.2812,0.4589,0.2903,0.4168,0.3426,0.2354,0.2335,0.2363,0.2354,0.2418,0.3132,0.3444,0.3755,0.3161,1.0039,0.3407,0.3297,0.327,0.2894,0.36,0.3343,0.3041,0.3169
9/3/2022,19.1605,0.4088,0.4155,0.2939,0.5874,0.6365,0.4981,0.4189,0.4401,0.3876,0.4412,0.3564,0.4245,0.3062,0.3408,0.4267,0.4178,0.3408,0.3832,0.3374,0.4155,0.3564,0.4088,0.3955,0.3363,0.3809,0.3151,0.5104,0.285,0.4278,0.3821,0.3464,0.3218,0.3017,0.2917,0.2772,0.3218,0.4234,0.2928,0.3602,1.251,0.2972,0.4055,0.3966,0.3486,0.4301,0.3843,0.3318,0.3028
9/2/2022,6.9808,0.149,0.1501,0.1441,0.126,0.1426,0.1259,0.1424,0.1264,0.1404,0.1512,0.1285,0.148,0.1506,0.1468,0.1533,0.1455,0.1464,0.1464,0.1434,0.1526,0.1482,0.1511,0.1518,0.1403,0.1468,0.1466,0.1548,0.1542,0.1473,0.1458,0.1577,0.1581,0.1568,0.1551,0.1568,0.1487,0.1491,0.1492,0.1478,0.0611,0.1388,0.1515,0.1556,0.1564,0.1491,0.1461,0.1461,0.1503
9/1/2022,5.8899,0.1285,0.1112,0.1276,0.1137,0.0844,0.1186,0.1316,0.0987,0.1342,0.1194,0.1126,0.1247,0.1251,0.1432,0.1399,0.1266,0.1245,0.1329,0.1262,0.134,0.1314,0.146,0.1141,0.1099,0.1278,0.1365,0.1262,0.1416,0.1264,0.1371,0.1508,0.1449,0.1456,0.1483,0.1428,0.1392,0.116,0.1276,0.1117,-0.1413,0.1217,0.1468,0.1422,0.142,0.1342,0.112,0.123,0.1278
8/31/2022,10.1438,0.205,0.2068,0.207,0.2269,0.2387,0.2563,0.208,0.2419,0.2314,0.1997,0.2443,0.202,0.208,0.1956,0.2055,0.2027,0.2183,0.1943,0.1975,0.2068,0.2091,0.2016,0.2263,0.2164,0.1956,0.2023,0.2297,0.1943,0.2378,0.2012,0.1845,0.1896,0.1836,0.1838,0.1999,0.2046,0.2059,0.1956,0.1953,0.3269,0.214,0.199,0.1995,0.2188,0.2145,0.2046,0.2143,0.1984
8/30/2022,21.4513,0.3321,0.5164,0.4464,0.6079,0.5581,0.6442,0.4653,0.6684,0.5312,0.3456,0.3859,0.3994,0.3429,0.3994,0.4639,0.4881,0.3267,0.4397,0.4169,0.4478,0.4115,0.4236,0.3631,0.4317,0.3214,0.4061,0.5984,0.3375,0.5029,0.39,0.3657,0.3308,0.3483,0.3442,0.2783,0.3752,0.4868,0.4142,0.395,1.4462,0.4707,0.4787,0.3025,0.4088,0.4935,0.3536,0.3859,0.3604
8/29/2022,8.6896,0.1813,0.1843,0.1767,0.1834,0.1907,0.1806,0.1793,0.1814,0.1746,0.1813,0.1931,0.1811,0.1782,0.1802,0.1774,0.1789,0.1801,0.1757,0.1796,0.1807,0.1758,0.1795,0.1805,0.1736,0.1733,0.1785,0.1885,0.1756,0.1791,0.1796,0.1745,0.1729,0.1775,0.1731,0.1776,0.1776,0.1758,0.1762,0.1848,0.2684,0.1778,0.1738,0.1789,0.1777,0.18,0.1822,0.1829,0.1753
8/28/2022,20.615,0.453,0.337,0.4328,0.4707,0.7684,0.5338,0.4896,0.5842,0.3874,0.5098,0.4013,0.424,0.3143,0.3912,0.3824,0.3735,0.4366,0.3672,0.4606,0.3748,0.4417,0.4328,0.3143,0.3092,0.337,0.3849,0.3332,0.3294,0.3773,0.3408,0.2815,0.284,0.3357,0.3231,0.2979,0.3811,0.3887,0.3155,0.462,1.8216,0.506,0.3811,0.3206,0.3042,0.3698,0.4909,0.4442,0.4139
8/27/2022,9.1259,0.1815,0.1968,0.1908,0.2027,0.2195,0.2111,0.202,0.1979,0.1973,0.1967,0.1892,0.1849,0.187,0.1834,0.1917,0.1935,0.1807,0.1818,0.1829,0.1836,0.1899,0.1832,0.18,0.1922,0.1804,0.1802,0.2017,0.1792,0.203,0.1873,0.1806,0.1813,0.1789,0.1784,0.1789,0.1811,0.1926,0.1886,0.1798,0.2403,0.1938,0.1879,0.1945,0.1833,0.1846,0.1968,0.1875,0.1849
8/26/2022,3.1269,0.0984,0.0682,0.0487,-0.0166,0.0122,0.059,0.0663,0.0078,0.0175,0.0166,0.0736,0.0624,0.1043,0.0955,0.0999,0.0531,0.0877,0.0877,0.0517,0.0902,0.098,0.0677,0.0439,0.0726,0.0955,0.1101,0.0054,0.1174,0.057,0.075,0.1053,0.1282,0.116,0.1131,0.1213,0.0916,0.0531,0.0556,0.0766,-0.3382,0.0556,0.1043,0.1189,0.1189,0.0551,0.0926,0.0556,0.0765
8/25/2022,3.5999,0.0479,0.1046,0.0562,0.0232,-0.0595,-0.0177,-0.0146,-0.0019,0.017,0.0298,0.0421,0.0888,0.0954,0.0809,0.0998,0.1037,0.1046,0.091,0.0668,0.098,0.0985,0.0747,0.0624,0.0945,0.1121,0.0743,0.036,0.1147,0.0831,0.0791,0.1257,0.0976,0.1196,0.1152,0.1196,0.1011,0.0844,0.0809,0.1494,0.07,0.0584,0.0751,0.1029,0.0655,0.0611,0.0835,0.0866,0.1178
8/24/2022,3.1994,0.0721,0.0529,0.038,-0.0278,-0.0633,0.0251,0.0313,0.0375,0.0539,0.0899,0.0121,0.0841,0.1038,0.1057,0.0865,0.1057,0.0615,0.0764,0.063,0.0591,0.0961,0.0572,0.0558,0.0639,0.1004,0.0985,0.0342,0.1019,0.086,0.0668,0.1273,0.1201,0.1225,0.0951,0.1067,0.0918,0.0649,0.099,0.0921,-0.2509,0.0745,0.0899,0.075,0.1143,0.0951,0.0529,0.0903,0.1105
8/23/2022,3.6361,0.0973,0.0964,0.0781,0.0109,-0.0009,0.0327,0.0384,0.0021,0.1178,0.0296,0.0877,0.0964,0.1104,0.0724,0.0689,0.1082,0.0641,0.1095,0.1012,0.0995,0.1152,0.1156,0.0545,0.0667,0.1043,0.1047,0.0763,0.1134,0.0244,0.0746,0.0995,0.1104,0.1283,0.0986,0.127,0.0977,0.0689,0.0859,0.0916,-0.254,0.0894,0.0859,0.0772,0.1069,0.1003,0.0728,0.0903,0.089
8/22/2022,3.5994,0.0514,0.1002,0.1077,0.0434,0.0069,-0.001,0.0844,0.0721,0.0743,0.0685,0.1011,0.1178,0.1112,0.0936,0.0694,0.0822,0.1095,0.1077,0.1015,0.0677,0.0949,0.0927,0.0729,0.0809,0.1117,0.113,0.109,0.1064,0.0985,0.0919,0.1064,0.1196,0.1266,0.1284,0.1244,0.0967,0.1165,0.0628,0.0427,-0.5279,0.1125,0.0721,0.0628,0.1218,0.0685,0.0773,0.0606,0.0861
8/21/2022,3.5998,0.0888,0.0923,0.0941,0.0382,-0.0107,0.0016,0.0716,0.0479,0.091,0.0364,0.0545,0.0531,0.098,0.091,0.0787,0.113,0.1073,0.1068,0.0932,0.0897,0.0765,0.065,0.1033,0.0892,0.1169,0.1218,0.12,0.1095,0.0399,0.0817,0.1108,0.1293,0.1191,0.1315,0.1288,0.1077,0.0985,0.1103,0.0596,-0.4334,0.1108,0.0501,0.0641,0.0932,0.0624,0.1178,0.0831,0.0958
8/20/2022,3.5997,0.0914,0.0571,0.0545,0.0113,-0.0406,0.0615,-0.0252,0.0531,0.0549,0.0927,0.0558,0.0826,0.1095,0.1117,0.0787,0.0694,0.0641,0.1077,0.0681,0.0637,0.0967,0.0597,0.0668,0.0765,0.0857,0.0791,0.0232,0.1073,0.0646,0.102,0.1037,0.0985,0.1227,0.1262,0.1191,0.1077,0.1051,0.1046,0.1275,-0.0525,0.0483,0.0624,0.0668,0.0853,0.1024,0.1165,0.0747,0.0971
8/19/2022,3.345,0.1001,0.041,0.0517,0.0219,0.0568,0.0144,-0.0275,0.0373,0.0149,0.0559,0.0191,0.0563,0.101,0.0759,0.0824,0.1057,0.0913,0.0657,0.0838,0.0796,0.0624,0.0554,0.0452,0.0615,0.0954,0.1173,0.027,0.1099,0.0805,0.0708,0.1187,0.094,0.1248,0.0927,0.1155,0.0927,0.075,0.0768,0.1171,-0.111,0.0633,0.0647,0.1187,0.0745,0.0861,0.0629,0.1117,0.1141
8/18/2022,4.0356,0.0806,0.1135,0.0957,0.0454,0.0652,0.0358,-0.0046,0.0382,0.1048,0.0323,0.0489,0.0973,0.0906,0.1005,0.0866,0.0981,0.1191,0.0945,0.0703,0.0985,0.0902,0.0913,0.1163,0.1052,0.0894,0.1167,0.0398,0.1239,0.0331,0.0818,0.1088,0.1353,0.1381,0.1227,0.1242,0.1159,0.1175,0.0989,0.1048,-0.1802,0.0596,0.1076,0.1239,0.0838,0.0739,0.1104,0.0969,0.0945
8/17/2022,4.7627,0.0916,0.0993,0.1304,0.0472,0.0019,0.0479,0.0543,0.0802,0.1145,0.1061,0.112,0.0909,0.1078,0.1107,0.1168,0.1249,0.0942,0.1035,0.0912,0.1204,0.11,0.1045,0.0984,0.1236,0.1304,0.11,0.1268,0.1262,0.11,0.1239,0.1401,0.1252,0.1314,0.1191,0.1145,0.1239,0.1032,0.0919,0.1052,-0.1778,0.1081,0.089,0.0906,0.1188,0.1087,0.0997,0.1272,0.1343
8/16/2022,4.4723,0.1212,0.0965,0.1254,0.0464,-0.0083,0.033,0.0298,0.0457,0.1152,0.0573,0.1169,0.1183,0.1247,0.0986,0.0968,0.1039,0.1176,0.0838,0.0986,0.0813,0.1141,0.1233,0.082,0.1042,0.1208,0.1046,0.0961,0.1187,0.1081,0.1077,0.131,0.1197,0.1268,0.1293,0.1296,0.1141,0.1264,0.0831,0.1168,-0.1129,0.0823,0.0788,0.1099,0.0972,0.0823,0.0841,0.1003,0.0912
8/15/2022,4.0009,0.1095,0.1115,0.0614,0.0775,0.0038,0.0418,0.0847,0.0574,0.1211,0.1103,0.1115,0.1099,0.0927,0.1231,0.0743,0.0771,0.1183,0.0931,0.0987,0.0687,0.0947,0.1099,0.0562,0.0739,0.1279,0.0971,0.1055,0.1091,0.0434,0.0891,0.1251,0.1099,0.1367,0.1231,0.1223,0.1071,0.0719,0.0743,0.0805,-0.3164,0.0695,0.0703,0.0823,0.0999,0.0723,0.0843,0.1115,0.1231
8/14/2022,4.2173,0.0993,0.0963,0.0974,0.0418,0.0294,0.0872,0.1061,0.0468,0.0502,0.0676,0.0449,0.1061,0.105,0.091,0.088,0.116,0.1024,0.1012,0.0782,0.0736,0.1141,0.0838,0.1024,0.105,0.1228,0.0963,0.0918,0.1201,0.1126,0.1126,0.1285,0.1341,0.1148,0.1141,0.1069,0.1126,0.0922,0.0766,0.0903,-0.2612,0.085,0.0887,0.1114,0.0838,0.119,0.122,0.0963,0.1122
8/13/2022,3.5993,0.0487,0.0637,0.0954,0.0492,0.006,0.0452,0.025,0.0848,0.0949,0.0567,0.1068,0.0729,0.091,0.0712,0.1046,0.1029,0.0905,0.0941,0.0857,0.0628,0.0963,0.1046,0.0685,0.0575,0.0853,0.0905,0.0285,0.1169,0.0773,0.1051,0.1051,0.1147,0.0967,0.1323,0.0989,0.1059,0.1042,0.0905,0.0975,-0.2209,0.065,0.0483,0.0787,0.0817,0.0641,0.0976,0.0857,0.0707
8/12/2022,5.1993,0.1177,0.0983,0.0944,0.0608,0.0742,0.07,0.0706,0.0927,0.1207,0.1067,0.0734,0.116,0.1261,0.1157,0.1031,0.1277,0.128,0.1182,0.1177,0.1059,0.1179,0.1154,0.0978,0.1249,0.1098,0.1174,0.1202,0.1272,0.0983,0.116,0.1401,0.1277,0.1238,0.144,0.1401,0.1272,0.1126,0.1174,0.1282,-0.0491,0.0983,0.1202,0.1151,0.1174,0.1171,0.0958,0.1179,0.1227
8/11/2022,4.3269,0.0965,0.1068,0.0748,0.0205,0.0895,0.0958,0.0763,0.0958,0.0914,0.0487,0.0543,0.1116,0.1105,0.1266,0.109,0.0888,0.1005,0.1189,0.0899,0.0818,0.109,0.1193,0.1241,0.1086,0.1061,0.116,0.1241,0.1182,0.0947,0.0961,0.1083,0.1185,0.1116,0.1215,0.1167,0.1108,0.0888,0.0829,0.0788,-0.3258,0.1119,0.1277,0.1009,0.0899,0.1116,0.0763,0.0818,0.1105
8/10/2022,4.1085,0.1192,0.0958,0.0873,0.0639,-0.0092,0.0235,0.0122,0.02,0.0589,0.0624,0.0176,0.1067,0.1153,0.1184,0.099,0.0939,0.0873,0.0861,0.0993,0.1001,0.0888,0.0834,0.1192,0.0904,0.1126,0.104,0.0694,0.1262,0.0659,0.0888,0.1192,0.1075,0.12,0.1344,0.1215,0.0974,0.1001,0.1013,0.1157,-0.119,0.0927,0.1048,0.125,0.0783,0.0951,0.0775,0.1106,0.12
8/9/2022,4.9083,0.1079,0.1197,0.0813,0.0486,0.0761,0.1002,0.034,0.0863,0.0646,0.1237,0.0523,0.1036,0.1036,0.1126,0.115,0.1064,0.1212,0.0918,0.1123,0.1144,0.1166,0.1005,0.1206,0.0986,0.1203,0.1141,0.1048,0.1299,0.1058,0.1237,0.1172,0.1422,0.1367,0.1299,0.1293,0.1209,0.1051,0.1327,0.1194,-0.0983,0.1243,0.0801,0.1166,0.1252,0.1119,0.0996,0.0937,0.1113
8/8/2022,10.2891,0.2097,0.2024,0.2289,0.2422,0.225,0.2617,0.2347,0.2587,0.2049,0.2321,0.2191,0.2017,0.2129,0.1935,0.2005,0.1989,0.1953,0.2005,0.2042,0.2108,0.2001,0.1889,0.206,0.2266,0.2141,0.2033,0.2399,0.1946,0.2278,0.1989,0.1918,0.1928,0.1907,0.1902,0.196,0.1976,0.2086,0.2205,0.2079,0.3976,0.2154,0.2015,0.2001,0.2218,0.2015,0.209,0.217,0.1912
8/7/2022,21.1241,0.5039,0.4436,0.5315,0.7008,0.7402,0.6063,0.4186,0.6916,0.4869,0.4475,0.4449,0.4895,0.3885,0.4318,0.4567,0.4423,0.4659,0.4528,0.4606,0.4239,0.3793,0.2927,0.4213,0.4213,0.3858,0.3793,0.5696,0.3058,0.3412,0.4134,0.3727,0.3163,0.3045,0.3032,0.294,0.3333,0.3701,0.3911,0.2953,0.8872,0.4501,0.4515,0.458,0.3281,0.3937,0.5144,0.4213,0.3018
8/6/2022,11.4892,0.2413,0.2445,0.2323,0.3013,0.2668,0.2637,0.233,0.2633,0.2298,0.2145,0.219,0.2232,0.2249,0.2173,0.2323,0.2159,0.2389,0.2183,0.2159,0.2351,0.227,0.2253,0.2563,0.2514,0.2009,0.2037,0.2413,0.2016,0.2197,0.234,0.2043,0.1935,0.205,0.2016,0.2183,0.2225,0.2155,0.2281,0.2673,0.7304,0.2371,0.2267,0.2235,0.2347,0.227,0.2113,0.2309,0.219
8/5/2022,5.8169,0.1326,0.1272,0.128,0.1023,0.1173,0.1101,0.1082,0.1156,0.0957,0.0968,0.1287,0.1093,0.1424,0.1344,0.1221,0.1379,0.1307,0.1213,0.1304,0.1359,0.1413,0.1147,0.1359,0.1108,0.1245,0.1298,0.1315,0.1448,0.1239,0.1346,0.1483,0.135,0.1496,0.1435,0.1365,0.1311,0.1165,0.1158,0.1162,-0.1164,0.1134,0.1254,0.1387,0.1413,0.1162,0.1269,0.1346,0.1256
8/4/2022,5.5264,0.1014,0.1041,0.1224,0.086,0.0732,0.069,0.11,0.0868,0.0974,0.134,0.1261,0.1375,0.1165,0.138,0.1098,0.133,0.1325,0.1179,0.1145,0.1281,0.1291,0.1073,0.1219,0.1197,0.1447,0.1122,0.1226,0.1335,0.1313,0.1184,0.1479,0.1357,0.1479,0.1367,0.1372,0.1303,0.1113,0.1187,0.1201,-0.0942,0.1095,0.1382,0.108,0.1236,0.1142,0.1063,0.1152,0.1409
8/3/2022,5.8176,0.1331,0.1296,0.137,0.1095,0.0811,0.1021,0.1097,0.0802,0.1228,0.1215,0.1287,0.1149,0.1274,0.1339,0.1379,0.1346,0.1324,0.13,0.1195,0.1237,0.1389,0.1304,0.1267,0.1167,0.1232,0.12,0.1313,0.1431,0.0918,0.1274,0.1444,0.1481,0.1333,0.1475,0.1427,0.137,0.1335,0.1149,0.1179,-0.1067,0.1143,0.144,0.1317,0.1204,0.1241,0.1385,0.1394,0.1335
8/2/2022,6.0716,0.1206,0.1188,0.126,0.1202,0.0695,0.1215,0.1293,0.0957,0.1408,0.1009,0.0998,0.1187,0.1428,0.1445,0.1337,0.1289,0.1418,0.1283,0.1235,0.1212,0.1327,0.1325,0.1406,0.1169,0.1323,0.1385,0.1177,0.1408,0.1279,0.1402,0.1462,0.1522,0.1414,0.1482,0.1482,0.1329,0.1375,0.1437,0.1326,-0.024,0.1165,0.142,0.1383,0.1474,0.1308,0.1235,0.1343,0.1333
8/1/2022,7.8534,0.1638,0.1642,0.1631,0.1608,0.1612,0.1605,0.1613,0.1608,0.1644,0.1643,0.1647,0.1644,0.1639,0.1638,0.1648,0.1632,0.1633,0.1645,0.1637,0.1645,0.1645,0.1643,0.165,0.1647,0.1653,0.1636,0.163,0.1649,0.1628,0.1638,0.165,0.1652,0.1654,0.1653,0.1648,0.1646,0.1642,0.1646,0.1636,0.1496,0.1647,0.1629,0.1634,0.1653,0.1641,0.1648,0.1639,0.1649
7/31/2022,17.1969,0.3129,0.323,0.3405,0.4922,0.4315,0.4932,0.4205,0.483,0.3626,0.2881,0.5281,0.2844,0.2743,0.3414,0.2807,0.3276,0.3524,0.3902,0.3681,0.3046,0.3074,0.3745,0.4095,0.3883,0.2982,0.3387,0.2826,0.2623,0.4306,0.3184,0.3055,0.2439,0.2605,0.2568,0.2761,0.3313,0.3184,0.3791,0.33,1.0821,0.2908,0.3837,0.2577,0.3773,0.3092,0.289,0.381,0.3147
7/30/2022,17.0516,0.3468,0.3151,0.3124,0.5369,0.3984,0.4672,0.5197,0.4563,0.3676,0.3857,0.2988,0.4029,0.2717,0.2671,0.3604,0.3024,0.2961,0.3631,0.3242,0.3242,0.2907,0.2599,0.3052,0.3993,0.2617,0.3287,0.4255,0.2843,0.4074,0.2925,0.2463,0.3178,0.2671,0.2843,0.2409,0.3287,0.3006,0.2907,0.3556,1.2251,0.2744,0.3993,0.3052,0.3151,0.335,0.4038,0.3088,0.2807
7/29/2022,8.3619,0.1745,0.1738,0.1732,0.1764,0.1743,0.1817,0.1818,0.1738,0.1705,0.1722,0.172,0.1743,0.1726,0.1717,0.1711,0.1739,0.1726,0.1727,0.1748,0.1721,0.1733,0.1711,0.1743,0.1725,0.1717,0.1709,0.1755,0.1703,0.1786,0.172,0.172,0.1712,0.1697,0.1709,0.1718,0.1729,0.1731,0.1714,0.1759,0.2184,0.1713,0.1742,0.1714,0.174,0.1725,0.1743,0.1737,0.173
7/28/2022,5.527,0.1296,0.1137,0.1345,0.0863,0.1053,0.0657,0.069,0.0813,0.1306,0.0999,0.1031,0.1174,0.1187,0.1328,0.1325,0.1229,0.1246,0.1234,0.1105,0.1207,0.1165,0.1229,0.1051,0.116,0.1348,0.1291,0.1283,0.137,0.0915,0.1306,0.1385,0.1256,0.1375,0.138,0.1281,0.1293,0.1395,0.1145,0.132,-0.0277,0.1157,0.1145,0.1187,0.1207,0.1105,0.1083,0.1209,0.1281
7/27/2022,6.1442,0.1245,0.1418,0.134,0.1244,0.1247,0.1271,0.1251,0.0926,0.1338,0.1357,0.1398,0.1206,0.137,0.1266,0.127,0.1348,0.1394,0.1225,0.1366,0.1294,0.1394,0.1292,0.1322,0.1362,0.1297,0.1297,0.1156,0.1407,0.137,0.1366,0.1368,0.1364,0.1438,0.1507,0.1477,0.1336,0.1329,0.1405,0.1258,-0.0623,0.1416,0.1279,0.1362,0.1279,0.1227,0.1349,0.1338,0.1296
7/26/2022,5.9625,0.1318,0.1119,0.118,0.0921,0.0766,0.1064,0.0917,0.0884,0.1286,0.1394,0.1312,0.12,0.1365,0.1328,0.1269,0.1294,0.1404,0.1204,0.13,0.1165,0.1229,0.12,0.1349,0.1278,0.1465,0.1273,0.1125,0.1453,0.1005,0.1386,0.1475,0.1502,0.1491,0.1491,0.1375,0.1365,0.1404,0.132,0.133,-0.0218,0.1135,0.1426,0.1261,0.1436,0.1259,0.1351,0.1361,0.1408
7/25/2022,8.4713,0.1736,0.174,0.1793,0.1771,0.1779,0.185,0.1777,0.1841,0.1768,0.178,0.1795,0.1727,0.1748,0.1737,0.1743,0.175,0.1776,0.1747,0.1753,0.176,0.1738,0.1778,0.1752,0.1713,0.1756,0.1755,0.1733,0.1733,0.1741,0.1766,0.1702,0.1742,0.1701,0.1709,0.1708,0.1736,0.1722,0.1766,0.1774,0.2266,0.1741,0.1804,0.1722,0.1767,0.176,0.1739,0.1765,0.1753
7/24/2022,8.2167,0.1696,0.1701,0.1691,0.1751,0.1771,0.1744,0.1707,0.1722,0.1701,0.1729,0.173,0.1715,0.1702,0.1694,0.1709,0.1701,0.1698,0.1703,0.1709,0.17,0.1698,0.1718,0.1701,0.1707,0.1701,0.1707,0.1695,0.1696,0.1741,0.1699,0.1697,0.1699,0.1683,0.1685,0.1698,0.1701,0.171,0.1705,0.1711,0.1916,0.1697,0.1705,0.1693,0.1716,0.1719,0.1702,0.1695,0.1698
7/23/2022,19.1969,0.4085,0.3257,0.4018,0.5563,0.7265,0.4645,0.6134,0.5328,0.3167,0.5003,0.4052,0.4634,0.3425,0.3962,0.3649,0.3626,0.3772,0.3469,0.3257,0.4164,0.3066,0.3951,0.3234,0.4175,0.2999,0.3906,0.3805,0.3178,0.3447,0.4029,0.2831,0.3391,0.2854,0.3055,0.3481,0.3436,0.3066,0.3223,0.3303,1.0835,0.385,0.3794,0.3425,0.3581,0.3682,0.3996,0.3805,0.4096
7/22/2022,17.6333,0.3902,0.342,0.4306,0.3969,0.4229,0.5559,0.4277,0.3776,0.446,0.4701,0.3035,0.3767,0.2852,0.3198,0.3728,0.369,0.343,0.3015,0.3757,0.3661,0.3844,0.2967,0.3728,0.4229,0.3227,0.2842,0.4624,0.2736,0.448,0.3536,0.3006,0.2408,0.2553,0.2794,0.3073,0.3343,0.3882,0.3603,0.2851,0.8304,0.3314,0.3179,0.3757,0.3757,0.3988,0.3507,0.341,0.2659
7/21/2022,8.5806,0.1775,0.1797,0.1791,0.187,0.1898,0.1834,0.1887,0.1795,0.1829,0.1754,0.1796,0.1762,0.174,0.1755,0.1754,0.1806,0.1791,0.1749,0.1777,0.1778,0.1753,0.1776,0.1781,0.182,0.1742,0.1777,0.1807,0.1726,0.1811,0.1749,0.1714,0.1739,0.1734,0.1733,0.1752,0.1758,0.1737,0.1782,0.1784,0.2324,0.1805,0.1829,0.1729,0.1738,0.1748,0.1753,0.1736,0.1731
7/20/2022,6.9441,0.1477,0.1453,0.1484,0.1401,0.1154,0.1377,0.1357,0.1315,0.1356,0.1339,0.1511,0.1459,0.1468,0.1454,0.1434,0.1439,0.1426,0.1499,0.1435,0.1421,0.1471,0.1432,0.1501,0.1524,0.1485,0.1473,0.135,0.1529,0.1458,0.1521,0.1536,0.1568,0.1572,0.1584,0.1553,0.1479,0.149,0.1497,0.1513,0.0808,0.1479,0.1443,0.1495,0.1527,0.1439,0.1464,0.154,0.1451
7/19/2022,5.0537,0.1263,0.1063,0.0963,0.0856,0.0974,0.0544,0.1178,0.113,0.0815,0.106,0.1004,0.1316,0.1127,0.116,0.1004,0.0965,0.0971,0.1107,0.1169,0.1183,0.1278,0.0986,0.0907,0.1198,0.1083,0.113,0.1298,0.1343,0.0927,0.1192,0.131,0.1437,0.1452,0.1384,0.1239,0.1178,0.0965,0.0989,0.1107,-0.1471,0.0889,0.1045,0.1048,0.1013,0.1222,0.1183,0.1072,0.1281
7/18/2022,5.9988,0.1134,0.1389,0.1116,0.093,0.092,0.1166,0.1018,0.1086,0.1226,0.1359,0.0994,0.1328,0.1433,0.1381,0.12,0.1377,0.1302,0.1236,0.1238,0.1218,0.1288,0.1431,0.1104,0.116,0.1252,0.129,0.1322,0.1393,0.1369,0.1335,0.1507,0.1359,0.1371,0.1381,0.1503,0.1409,0.1351,0.1222,0.1352,-0.0094,0.1298,0.1383,0.1373,0.1252,0.1284,0.129,0.1363,0.1389
7/17/2022,12.7617,0.2943,0.2405,0.2886,0.3143,0.3367,0.2814,0.3586,0.3676,0.2838,0.309,0.3,0.2628,0.24,0.2376,0.2562,0.2724,0.2533,0.2733,0.2709,0.2605,0.2576,0.2543,0.2476,0.2276,0.2438,0.2452,0.3243,0.2267,0.3081,0.2438,0.2252,0.2333,0.2305,0.2214,0.2348,0.2314,0.2409,0.2457,0.2094,0.4063,0.26,0.2886,0.2386,0.2214,0.2848,0.2357,0.2424,0.2305
7/16/2022,6.1076,0.1426,0.1406,0.1311,0.118,0.0891,0.0987,0.1294,0.1165,0.1438,0.1411,0.1139,0.143,0.1296,0.1421,0.1428,0.1207,0.1303,0.1413,0.1332,0.1307,0.1415,0.1241,0.1284,0.1445,0.1345,0.1258,0.1112,0.1409,0.1048,0.1345,0.1485,0.1487,0.137,0.1496,0.1436,0.1364,0.1199,0.1432,0.1264,-0.0589,0.1165,0.1127,0.1271,0.1267,0.1402,0.143,0.1319,0.1464
7/15/2022,3.3451,0.0475,0.0512,0.0782,0.0307,-0.06,-0.0056,0.0391,0.014,0.0666,0.0559,0.048,0.0531,0.0712,0.0857,0.0801,0.0605,0.1094,0.1024,0.0615,0.0964,0.0675,0.0843,0.0973,0.0484,0.1206,0.102,0.1145,0.1038,0.0182,0.0703,0.0964,0.0908,0.1201,0.1276,0.1192,0.0954,0.0945,0.1085,0.086,-0.2852,0.1043,0.0792,0.1099,0.1192,0.1057,0.1108,0.0717,0.0782
7/14/2022,12.1432,0.2541,0.2359,0.2135,0.2649,0.3743,0.2661,0.3473,0.3353,0.2603,0.2338,0.2549,0.2831,0.228,0.2379,0.2603,0.2392,0.2537,0.2433,0.2334,0.2578,0.2147,0.2098,0.2441,0.223,0.2383,0.2346,0.2189,0.2139,0.2487,0.247,0.1936,0.223,0.2143,0.2118,0.2085,0.2247,0.2205,0.2603,0.2512,0.6403,0.2441,0.2375,0.2466,0.2052,0.2553,0.2375,0.2566,0.2421
7/13/2022,7.5622,0.1599,0.1587,0.1565,0.1562,0.1457,0.1559,0.1591,0.1482,0.1603,0.153,0.1566,0.1566,0.1583,0.1612,0.1566,0.1611,0.1577,0.1562,0.1597,0.1585,0.1583,0.1597,0.1568,0.1569,0.1627,0.1586,0.1593,0.1622,0.1528,0.158,0.1637,0.1635,0.1613,0.1603,0.1605,0.1599,0.1558,0.1571,0.1588,0.1224,0.1585,0.1617,0.1587,0.1577,0.1577,0.1609,0.1615,0.1609
7/12/2022,6.1808,0.1397,0.137,0.1368,0.1092,0.0877,0.1297,0.1014,0.1094,0.1026,0.1043,0.1108,0.1245,0.1336,0.1407,0.1337,0.1286,0.1332,0.1421,0.1345,0.1405,0.1325,0.1277,0.119,0.123,0.1396,0.1314,0.1195,0.1434,0.1341,0.135,0.1376,0.1521,0.153,0.1377,0.1496,0.1377,0.129,0.1423,0.1464,0.0529,0.1361,0.1245,0.1337,0.1377,0.1286,0.1356,0.1288,0.1323
7/11/2022,7.2352,0.1475,0.1468,0.1554,0.1479,0.15,0.1427,0.136,0.1513,0.149,0.1512,0.1415,0.1508,0.1561,0.1529,0.1493,0.1541,0.1492,0.1535,0.1527,0.1548,0.1513,0.1573,0.1461,0.1482,0.1563,0.1563,0.144,0.1572,0.142,0.1539,0.155,0.1553,0.1589,0.16,0.1581,0.1531,0.1511,0.1527,0.1568,0.1116,0.1497,0.1534,0.1566,0.1559,0.1486,0.1517,0.1512,0.1502
7/10/2022,14.5068,0.302,0.3085,0.2935,0.3248,0.3404,0.287,0.4139,0.4016,0.3417,0.3105,0.3118,0.3215,0.2487,0.2929,0.2766,0.276,0.2747,0.2792,0.2604,0.3189,0.3014,0.2311,0.2799,0.2304,0.2265,0.2441,0.2799,0.25,0.3371,0.2812,0.2552,0.233,0.2298,0.2526,0.2695,0.2532,0.2408,0.261,0.3462,1.1726,0.274,0.3053,0.2714,0.289,0.2695,0.2402,0.263,0.2343
7/9/2022,18.7242,0.4123,0.3629,0.438,0.4605,0.6836,0.4434,0.4991,0.3865,0.4112,0.4026,0.4005,0.4498,0.3447,0.3383,0.3758,0.2921,0.3232,0.3779,0.3468,0.3919,0.3533,0.2718,0.3672,0.2718,0.3511,0.3736,0.3736,0.2739,0.4862,0.3919,0.2675,0.2653,0.2728,0.3189,0.29,0.3093,0.2921,0.3758,0.3864,1.3979,0.3951,0.2675,0.4187,0.3243,0.3769,0.4069,0.3554,0.3479
7/8/2022,7.3439,0.1512,0.1576,0.1543,0.1486,0.1469,0.1395,0.1422,0.1417,0.1576,0.1572,0.1419,0.1524,0.1581,0.1553,0.1539,0.1527,0.1589,0.1566,0.1565,0.1542,0.1529,0.1512,0.159,0.1562,0.1608,0.1598,0.1496,0.1578,0.1523,0.1575,0.1609,0.1579,0.1581,0.1579,0.1572,0.1566,0.1579,0.1596,0.1546,0.0992,0.1519,0.1526,0.1529,0.1515,0.1555,0.1577,0.1515,0.156
7/7/2022,5.8898,0.1304,0.1152,0.1105,0.1141,0.0584,0.0791,0.0837,0.1089,0.1259,0.1314,0.0962,0.1272,0.1323,0.131,0.1384,0.1405,0.1266,0.1209,0.1224,0.1255,0.1234,0.1188,0.1234,0.1238,0.1466,0.134,0.107,0.1413,0.1181,0.1238,0.1356,0.1428,0.1388,0.1392,0.1432,0.1352,0.1361,0.13,0.1533,0.0916,0.1093,0.108,0.1416,0.1215,0.1169,0.1129,0.1312,0.1238
7/6/2022,5.3808,0.1111,0.1216,0.0994,0.0933,0.0373,0.1067,0.0873,0.0622,0.0999,0.0823,0.096,0.0946,0.1156,0.1331,0.1216,0.1331,0.1041,0.1119,0.1172,0.1088,0.1334,0.125,0.1224,0.1345,0.1172,0.1337,0.1258,0.1365,0.0931,0.1282,0.1305,0.1235,0.1292,0.1305,0.1379,0.1266,0.1221,0.1132,0.1403,0.0191,0.108,0.0994,0.1279,0.1237,0.1339,0.1056,0.1038,0.1187
7/5/2022,5.8897,0.1091,0.1289,0.1281,0.1141,0.0603,0.0783,0.1162,0.0983,0.0934,0.1029,0.0869,0.1154,0.1428,0.1247,0.1365,0.1333,0.1359,0.1283,0.1346,0.1158,0.1409,0.1179,0.1361,0.1359,0.1392,0.1344,0.1141,0.1449,0.1181,0.1325,0.1445,0.1451,0.1449,0.1426,0.1382,0.1337,0.1306,0.1323,0.1435,0.037,0.1287,0.1378,0.1316,0.1183,0.1291,0.1112,0.1194,0.1234
7/4/2022,11.0889,0.2161,0.2513,0.2439,0.2371,0.2797,0.2414,0.2337,0.2278,0.2593,0.2556,0.2785,0.2516,0.23,0.2124,0.2284,0.205,0.2235,0.2074,0.2173,0.234,0.2019,0.1991,0.2065,0.213,0.2099,0.2294,0.2448,0.2105,0.2677,0.2204,0.2059,0.204,0.2078,0.2053,0.2003,0.2115,0.2371,0.2179,0.2255,0.4962,0.2028,0.2254,0.1994,0.1988,0.2303,0.2362,0.2318,0.2155
7/3/2022,11.6708,0.2302,0.2305,0.2566,0.2805,0.2482,0.2918,0.3249,0.2423,0.2302,0.2294,0.3047,0.2203,0.2342,0.2107,0.2474,0.2493,0.2111,0.243,0.2423,0.2342,0.217,0.2067,0.2291,0.2639,0.2346,0.2089,0.2757,0.2118,0.228,0.232,0.2214,0.2089,0.2195,0.207,0.2059,0.2144,0.2478,0.2408,0.2299,0.5208,0.2254,0.2386,0.2283,0.2404,0.2203,0.2573,0.2551,0.2195
7/2/2022,4.2177,0.0903,0.1043,0.0763,0.0267,0.0698,0.0729,0.0944,0.0967,0.0445,0.0846,0.1035,0.0642,0.1096,0.0857,0.0835,0.0948,0.0891,0.0993,0.1027,0.1046,0.0869,0.1171,0.1099,0.0816,0.1137,0.0978,0.0819,0.1179,0.0676,0.0982,0.1145,0.1307,0.1349,0.1198,0.1171,0.1111,0.0884,0.1077,0.0917,-0.2535,0.0695,0.0887,0.1281,0.1258,0.0925,0.0872,0.1107,0.0827
7/1/2022,6.6899,0.1482,0.1491,0.1414,0.1304,0.1266,0.1251,0.1287,0.1397,0.1444,0.1237,0.1272,0.1384,0.1498,0.1433,0.1378,0.1428,0.142,0.1427,0.1386,0.1441,0.1384,0.1481,0.1386,0.1474,0.1537,0.1433,0.1299,0.1488,0.1278,0.1432,0.1544,0.1503,0.1474,0.1521,0.1485,0.1432,0.1458,0.1443,0.1446,0.0428,0.1507,0.1305,0.1405,0.1475,0.1445,0.1371,0.1445,0.138
6/30/2022,5.8172,0.1108,0.1228,0.1064,0.1173,0.0887,0.092,0.1307,0.0754,0.1088,0.1049,0.1267,0.1117,0.1387,0.1239,0.1189,0.1162,0.1296,0.1333,0.1147,0.1309,0.1278,0.1431,0.1258,0.1152,0.1221,0.1302,0.1282,0.1448,0.1307,0.1213,0.1313,0.1477,0.1453,0.1392,0.1385,0.1322,0.1171,0.1346,0.1299,-0.0393,0.1331,0.1099,0.1409,0.1289,0.1158,0.142,0.1374,0.1411
6/29/2022,5.2359,0.1161,0.1133,0.1346,0.0799,0.0387,0.0511,0.0752,0.1119,0.1332,0.087,0.0829,0.1139,0.1139,0.1139,0.1208,0.1139,0.1,0.1288,0.123,0.1139,0.1067,0.1108,0.1346,0.1222,0.141,0.1147,0.0987,0.1379,0.0981,0.1186,0.1305,0.1407,0.1385,0.1252,0.1401,0.1255,0.105,0.1291,0.1173,-0.1097,0.1006,0.1269,0.1307,0.1086,0.1316,0.1211,0.1202,0.1047
6/28/2022,8.3624,0.1742,0.173,0.1749,0.1779,0.1762,0.1734,0.177,0.1782,0.178,0.172,0.1717,0.1706,0.1714,0.1712,0.1719,0.1716,0.1718,0.175,0.1725,0.1748,0.172,0.1725,0.1757,0.1747,0.1737,0.1731,0.1756,0.1715,0.178,0.1727,0.1724,0.1701,0.1703,0.1706,0.1703,0.1726,0.1724,0.1739,0.1754,0.2158,0.1713,0.1758,0.1714,0.1738,0.174,0.1732,0.1716,0.1707
6/27/2022,8.4349,0.1755,0.1772,0.1719,0.179,0.1812,0.1748,0.1785,0.1765,0.1736,0.1735,0.182,0.1782,0.1725,0.173,0.1758,0.1758,0.1743,0.1743,0.174,0.173,0.1731,0.1711,0.1753,0.1751,0.1746,0.1761,0.1793,0.1722,0.175,0.174,0.1698,0.1727,0.1731,0.1698,0.1726,0.1723,0.1763,0.1753,0.1765,0.2219,0.1716,0.1784,0.1711,0.172,0.1726,0.1768,0.1765,0.1752
6/26/2022,14.9067,0.2592,0.2606,0.2848,0.3794,0.3262,0.434,0.4388,0.3186,0.3504,0.3421,0.4388,0.2585,0.2696,0.2585,0.2931,0.2772,0.2813,0.2696,0.329,0.2765,0.3207,0.2578,0.3469,0.3421,0.2841,0.3083,0.3234,0.2661,0.273,0.2592,0.2378,0.2274,0.2254,0.2212,0.2758,0.2585,0.2917,0.2896,0.2873,0.8424,0.2495,0.2868,0.302,0.3283,0.3359,0.3145,0.2903,0.3145
6/25/2022,17.3064,0.3733,0.3128,0.3993,0.457,0.6376,0.4021,0.3621,0.5436,0.4207,0.4617,0.364,0.3733,0.2904,0.3202,0.3286,0.3426,0.3314,0.3342,0.3295,0.39,0.3733,0.3574,0.3007,0.3025,0.3342,0.2802,0.2849,0.2662,0.4831,0.3612,0.2681,0.2988,0.2811,0.3118,0.2532,0.3063,0.2718,0.3835,0.2863,0.8371,0.2821,0.3193,0.3388,0.3435,0.3547,0.4207,0.2942,0.337
6/24/2022,18.3969,0.3902,0.3756,0.4505,0.5524,0.4027,0.3902,0.4515,0.4671,0.3424,0.4058,0.3455,0.2904,0.3725,0.3923,0.3289,0.3237,0.3164,0.2904,0.36,0.4079,0.3517,0.385,0.3746,0.4172,0.3289,0.3528,0.3725,0.2987,0.3476,0.3455,0.2415,0.3205,0.3164,0.2571,0.3164,0.3164,0.3746,0.3642,0.3824,1.3753,0.3341,0.437,0.3704,0.3112,0.3507,0.411,0.411,0.2758
6/23/2022,7.1625,0.1498,0.1477,0.1441,0.1346,0.1292,0.1395,0.1403,0.1482,0.1388,0.1492,0.1479,0.1518,0.1573,0.1514,0.1485,0.1552,0.1513,0.1509,0.1522,0.1538,0.1554,0.1506,0.1472,0.1542,0.1543,0.1509,0.1493,0.1561,0.1404,0.1513,0.1596,0.1529,0.1548,0.1588,0.156,0.1544,0.1547,0.1469,0.1564,0.1093,0.1507,0.1547,0.1458,0.1573,0.1556,0.1452,0.1492,0.1488
6/22/2022,5.999,0.1198,0.118,0.13,0.1024,0.0664,0.1044,0.0932,0.1186,0.1298,0.0978,0.1008,0.1395,0.1383,0.1254,0.1282,0.1431,0.1304,0.1256,0.1182,0.1254,0.1349,0.1349,0.1188,0.1196,0.128,0.1463,0.1417,0.1435,0.1114,0.1361,0.1451,0.1337,0.1475,0.1437,0.1411,0.1365,0.1437,0.1268,0.1366,-0.0019,0.1335,0.1429,0.1312,0.1248,0.1343,0.1439,0.1188,0.1463
6/21/2022,6.3627,0.1411,0.1406,0.1374,0.1048,0.1017,0.1208,0.1372,0.1285,0.1429,0.1302,0.1243,0.131,0.1369,0.1413,0.1395,0.1274,0.1288,0.1357,0.1306,0.1334,0.1333,0.1429,0.1433,0.1451,0.1339,0.1416,0.147,0.148,0.1211,0.1351,0.1462,0.1465,0.1459,0.1472,0.1532,0.1446,0.1298,0.1305,0.1374,0.0027,0.1359,0.1398,0.1284,0.1473,0.1293,0.1218,0.1403,0.1305
6/20/2022,10.5802,0.2185,0.2216,0.1984,0.2276,0.2717,0.2743,0.2172,0.2557,0.2252,0.2224,0.2637,0.2025,0.2165,0.1979,0.2139,0.2206,0.2183,0.2015,0.2268,0.2245,0.203,0.2121,0.2371,0.2098,0.2139,0.2018,0.2092,0.2038,0.2283,0.2159,0.1886,0.2015,0.1961,0.194,0.1971,0.211,0.2265,0.2113,0.2019,0.3644,0.2085,0.2307,0.2085,0.2103,0.2208,0.2126,0.2273,0.2154
6/19/2022,7.3439,0.1486,0.152,0.1572,0.1459,0.1344,0.1429,0.1488,0.1427,0.1503,0.1509,0.1537,0.1589,0.1586,0.1542,0.1572,0.1551,0.152,0.1569,0.1541,0.1529,0.1566,0.1577,0.1518,0.1542,0.1552,0.1534,0.1596,0.1594,0.1532,0.1568,0.1572,0.1562,0.1613,0.1604,0.1567,0.1577,0.1525,0.155,0.1558,0.1058,0.1529,0.1552,0.1563,0.1534,0.1527,0.1585,0.1515,0.1596
6/18/2022,19.3425,0.4536,0.4309,0.4423,0.5682,0.4616,0.4332,0.4377,0.5546,0.5591,0.4015,0.5024,0.2982,0.3493,0.2971,0.3357,0.4049,0.389,0.3969,0.3255,0.3572,0.4185,0.3447,0.3255,0.3255,0.2903,0.3345,0.3515,0.3039,0.5047,0.3742,0.2926,0.2982,0.3459,0.3005,0.2642,0.3334,0.381,0.3323,0.3864,1.3976,0.4151,0.4945,0.3289,0.3527,0.3118,0.4173,0.3788,0.3391
6/17/2022,17.7787,0.3974,0.375,0.3486,0.4111,0.6194,0.5451,0.4776,0.5627,0.505,0.3525,0.3202,0.2762,0.3368,0.374,0.3241,0.3603,0.3779,0.3798,0.3231,0.3104,0.374,0.3955,0.2957,0.4307,0.3251,0.3437,0.3974,0.2957,0.418,0.3466,0.2293,0.3094,0.2517,0.242,0.2537,0.3368,0.3622,0.3417,0.3182,1.0155,0.3143,0.373,0.2645,0.283,0.3398,0.3212,0.3202,0.3026
6/16/2022,7.4535,0.1599,0.1581,0.1547,0.1478,0.1432,0.1438,0.1482,0.1481,0.1484,0.1534,0.1543,0.1556,0.159,0.1597,0.1556,0.1584,0.1581,0.1584,0.1544,0.1536,0.1557,0.1613,0.1599,0.1536,0.1556,0.1572,0.1506,0.1606,0.1582,0.1561,0.1616,0.1592,0.1584,0.1582,0.16,0.1575,0.1588,0.1592,0.1593,0.1253,0.1585,0.1521,0.1569,0.1556,0.1579,0.1571,0.1591,0.1573
6/15/2022,7.0169,0.1489,0.1533,0.1402,0.1424,0.1222,0.1302,0.134,0.1308,0.1461,0.1476,0.1455,0.1461,0.1471,0.1455,0.1548,0.1517,0.1531,0.1468,0.1475,0.1491,0.1492,0.1498,0.1419,0.1547,0.1522,0.156,0.1402,0.1533,0.1386,0.1532,0.1573,0.1546,0.1537,0.1516,0.1529,0.151,0.1421,0.1518,0.1513,0.0808,0.1511,0.1558,0.1469,0.1565,0.1483,0.1467,0.1479,0.1446
6/14/2022,7.4168,0.1569,0.1572,0.1547,0.1433,0.1521,0.1468,0.1572,0.1466,0.1504,0.1469,0.1518,0.1533,0.1573,0.1579,0.1586,0.1554,0.1589,0.1556,0.1532,0.1583,0.1575,0.1598,0.1559,0.153,0.1561,0.154,0.1596,0.1601,0.156,0.1565,0.1615,0.1604,0.158,0.1583,0.1612,0.1566,0.1543,0.1575,0.1553,0.1028,0.1553,0.155,0.1582,0.157,0.156,0.157,0.1544,0.1571
6/13/2022,5.8172,0.1195,0.1372,0.1355,0.1027,0.0676,0.0828,0.0892,0.113,0.1069,0.1101,0.0844,0.1193,0.1339,0.1256,0.1315,0.1234,0.1193,0.1298,0.1359,0.1189,0.1178,0.1405,0.1234,0.1398,0.125,0.1243,0.0944,0.1389,0.0946,0.1219,0.1317,0.1381,0.1368,0.1379,0.1464,0.1296,0.1339,0.1337,0.1353,-0.0093,0.1409,0.1444,0.1413,0.144,0.1165,0.1341,0.1315,0.1433
6/12/2022,16.6517,0.3596,0.402,0.3267,0.4954,0.5595,0.4747,0.3864,0.389,0.3596,0.3648,0.434,0.3276,0.3198,0.3008,0.2731,0.28,0.325,0.3397,0.2938,0.3631,0.3077,0.3734,0.2688,0.3362,0.3293,0.3561,0.3613,0.2843,0.2878,0.338,0.2515,0.2878,0.2281,0.254,0.2445,0.3051,0.2956,0.3414,0.2845,0.8267,0.2878,0.3812,0.3648,0.2653,0.3544,0.3994,0.3596,0.3025
6/11/2022,21.3418,0.3855,0.3668,0.3495,0.6069,0.4468,0.5229,0.5082,0.6029,0.4348,0.4842,0.5162,0.3481,0.4388,0.3761,0.3361,0.3294,0.3721,0.4082,0.4068,0.4002,0.4135,0.4162,0.3374,0.3481,0.3761,0.4535,0.5549,0.3495,0.4002,0.3735,0.3228,0.2907,0.3695,0.2734,0.3161,0.3495,0.3361,0.3535,0.4881,1.9679,0.4015,0.5082,0.4415,0.4455,0.4695,0.5096,0.3935,0.4415
6/10/2022,7.5987,0.1617,0.1562,0.1608,0.1543,0.1513,0.1562,0.1566,0.1578,0.1577,0.1577,0.1547,0.1616,0.162,0.1589,0.1573,0.1589,0.157,0.1569,0.1576,0.1603,0.1579,0.159,0.1572,0.156,0.1597,0.1615,0.1601,0.1619,0.157,0.1591,0.1634,0.1629,0.1622,0.163,0.1607,0.1604,0.1604,0.1578,0.159,0.1237,0.1595,0.1598,0.1619,0.1585,0.1614,0.1606,0.1582,0.1604
6/9/2022,6.9444,0.145,0.142,0.1536,0.1337,0.1123,0.1465,0.1407,0.125,0.1412,0.1526,0.1479,0.1438,0.1528,0.1537,0.1522,0.1504,0.153,0.1465,0.1431,0.1412,0.1538,0.1448,0.1534,0.1501,0.1484,0.1439,0.1438,0.1524,0.1365,0.1464,0.1543,0.152,0.1545,0.159,0.1537,0.1484,0.1516,0.1499,0.143,0.0338,0.1472,0.1451,0.1535,0.1538,0.145,0.1476,0.1524,0.1489
6/8/2022,6.4351,0.125,0.1246,0.1463,0.1044,0.1158,0.1308,0.1369,0.1279,0.1319,0.1269,0.1369,0.1365,0.1351,0.134,0.1352,0.1304,0.1429,0.1404,0.1358,0.1299,0.1391,0.1444,0.1418,0.1462,0.1351,0.1391,0.1366,0.1499,0.1393,0.1426,0.1532,0.1538,0.1457,0.1504,0.1452,0.1454,0.1316,0.133,0.1334,-0.0199,0.1451,0.1435,0.1315,0.1413,0.1449,0.1455,0.1341,0.1357
6/7/2022,11.6346,0.2183,0.2245,0.2248,0.2946,0.3059,0.2539,0.2801,0.2931,0.2092,0.2444,0.2299,0.2564,0.2168,0.2288,0.2441,0.2368,0.2234,0.2335,0.2481,0.2503,0.2125,0.2161,0.2146,0.2252,0.2346,0.2303,0.2139,0.2161,0.2775,0.2212,0.1986,0.203,0.1986,0.2034,0.1957,0.2306,0.2161,0.2343,0.261,0.6953,0.2401,0.2423,0.2172,0.2245,0.2219,0.2314,0.2252,0.2165
6/6/2022,7.1622,0.1559,0.1479,0.1558,0.1461,0.1339,0.1468,0.1351,0.1513,0.1439,0.1414,0.152,0.1567,0.1571,0.1518,0.1533,0.1554,0.1544,0.1495,0.1477,0.1466,0.1566,0.1497,0.1536,0.1454,0.1511,0.1575,0.1399,0.1548,0.1413,0.1531,0.1551,0.1547,0.1554,0.1585,0.1541,0.1525,0.1503,0.1485,0.1534,0.0925,0.1573,0.1452,0.1521,0.1492,0.1515,0.1444,0.1506,0.1513
6/5/2022,3.4539,0.0557,0.0689,0.1098,-0.0006,0.0535,-0.0065,-0.0161,0.0726,0.0139,0.1071,0.0066,0.0585,0.0826,0.0771,0.0748,0.103,0.1026,0.0621,0.0917,0.098,0.1094,0.1194,0.0467,0.0467,0.0907,0.083,0.103,0.1039,0.0271,0.1021,0.0989,0.0944,0.1017,0.1253,0.1253,0.1012,0.0862,0.0798,0.0939,-0.2411,0.1089,0.1053,0.1044,0.0585,0.0676,0.1062,0.0757,0.1144
6/4/2022,4.2178,0.0831,0.0713,0.0657,0.0566,-0.0228,0.0521,0.0396,0.0207,0.0313,0.0876,0.0967,0.0948,0.1152,0.1205,0.0952,0.0967,0.0967,0.0748,0.1039,0.108,0.1031,0.0751,0.1039,0.1285,0.0922,0.1209,0.0918,0.1171,0.0471,0.1126,0.1069,0.1387,0.1103,0.133,0.1311,0.1183,0.0899,0.1183,0.1043,-0.1825,0.1137,0.1201,0.1107,0.1277,0.0906,0.0831,0.0948,0.1288
6/3/2022,7.0533,0.1551,0.1523,0.1451,0.145,0.1348,0.1352,0.1512,0.1451,0.1429,0.1393,0.1454,0.144,0.148,0.1484,0.1557,0.1533,0.1535,0.1492,0.1464,0.1478,0.1504,0.1503,0.1523,0.1429,0.1503,0.1567,0.1465,0.1555,0.1499,0.1514,0.1594,0.1517,0.1563,0.1588,0.153,0.1511,0.1449,0.147,0.1472,0.0577,0.1455,0.1445,0.1525,0.1445,0.1528,0.1472,0.1443,0.151
6/2/2022,6.326,0.1432,0.1332,0.1392,0.1277,0.1195,0.1188,0.1081,0.1006,0.1077,0.1196,0.1354,0.1237,0.1422,0.139,0.1367,0.1285,0.1324,0.1365,0.1297,0.1302,0.1339,0.1385,0.1454,0.1332,0.1327,0.1359,0.1181,0.1427,0.1156,0.1329,0.1501,0.1392,0.1484,0.1499,0.1493,0.1432,0.1278,0.1283,0.1481,0.0624,0.1432,0.1208,0.1464,0.1265,0.1432,0.1357,0.136,0.1467
6/1/2022,7.4533,0.1577,0.1586,0.1603,0.1493,0.1497,0.1503,0.1479,0.1487,0.1566,0.1507,0.1542,0.1597,0.1606,0.1568,0.1547,0.1569,0.158,0.1551,0.1556,0.1557,0.1556,0.1545,0.1599,0.1609,0.1581,0.1562,0.1592,0.1612,0.1502,0.1553,0.1603,0.1625,0.1597,0.159,0.1605,0.1583,0.1543,0.1568,0.1548,0.1001,0.1606,0.1573,0.1588,0.1551,0.1573,0.1586,0.1551,0.156
5/31/2022,5.0176,0.1076,0.1157,0.1315,0.0545,0.0396,0.0471,0.1073,0.0727,0.059,0.1288,0.0996,0.0882,0.1109,0.133,0.1139,0.1121,0.11,0.1145,0.113,0.0954,0.124,0.1276,0.1237,0.0936,0.13,0.1207,0.1002,0.1252,0.0766,0.1073,0.1318,0.1288,0.1362,0.1383,0.1327,0.1192,0.1172,0.1008,0.1234,-0.0758,0.0912,0.1225,0.1252,0.1195,0.0951,0.1172,0.1046,0.1064
5/30/2022,12.3613,0.2639,0.2504,0.246,0.2783,0.2783,0.298,0.308,0.3472,0.3001,0.2596,0.2779,0.2334,0.2229,0.25,0.2604,0.2286,0.2543,0.2487,0.233,0.2722,0.2234,0.2303,0.2718,0.2639,0.2103,0.2295,0.2168,0.2133,0.2421,0.2539,0.2303,0.2081,0.2107,0.2299,0.2295,0.2286,0.2687,0.2351,0.2461,0.6119,0.27,0.2932,0.2478,0.2312,0.2535,0.2574,0.2295,0.2133
5/29/2022,10.4347,0.2171,0.2307,0.2256,0.2536,0.2392,0.2519,0.2404,0.2426,0.2465,0.2385,0.2324,0.2156,0.2022,0.1995,0.1954,0.2178,0.2061,0.2061,0.2173,0.211,0.2166,0.2034,0.2202,0.2307,0.1883,0.2193,0.2219,0.1956,0.2375,0.2015,0.1947,0.1966,0.2054,0.1896,0.2051,0.2005,0.2032,0.2183,0.1868,0.2795,0.2197,0.2032,0.21,0.2212,0.2195,0.22,0.2193,0.2176
5/28/2022,7.3443,0.156,0.1566,0.1545,0.1411,0.1427,0.153,0.1459,0.1488,0.157,0.1501,0.1491,0.1578,0.1535,0.1573,0.1582,0.151,0.1565,0.1583,0.1551,0.1575,0.156,0.1585,0.1586,0.1572,0.1576,0.1536,0.1593,0.1576,0.1534,0.1579,0.161,0.1571,0.157,0.1596,0.1611,0.1572,0.1514,0.1568,0.1484,0.0644,0.1568,0.1489,0.1585,0.1559,0.1568,0.1527,0.151,0.16
5/27/2022,20.9057,0.3719,0.408,0.4106,0.5345,0.5371,0.51,0.417,0.4699,0.3357,0.4919,0.3912,0.5125,0.3202,0.3667,0.3164,0.4196,0.3383,0.3641,0.4661,0.4416,0.328,0.3022,0.4906,0.3564,0.4248,0.3667,0.4803,0.3254,0.5809,0.417,0.3344,0.3603,0.3422,0.3706,0.3164,0.3435,0.3874,0.3667,0.5198,2.1455,0.4222,0.3693,0.2996,0.2906,0.4583,0.4338,0.3383,0.3112
5/26/2022,19.6333,0.4319,0.3574,0.3481,0.646,0.4749,0.6017,0.5738,0.6285,0.3912,0.5331,0.3796,0.3319,0.347,0.4075,0.4319,0.4447,0.3691,0.4296,0.4377,0.4284,0.3144,0.4296,0.4214,0.4319,0.4063,0.3702,0.5157,0.3179,0.3761,0.4133,0.3377,0.3098,0.3365,0.2621,0.2865,0.3377,0.3516,0.3377,0.2962,0.8922,0.3307,0.3691,0.3796,0.3842,0.3923,0.3202,0.3109,0.4075
5/25/2022,6.0717,0.1404,0.1152,0.1401,0.1179,0.0816,0.1092,0.103,0.109,0.1424,0.1053,0.1381,0.1449,0.1385,0.1347,0.1277,0.1304,0.137,0.1206,0.1268,0.1269,0.1437,0.1208,0.1422,0.1439,0.1424,0.1281,0.1096,0.1443,0.1196,0.1402,0.136,0.1377,0.1482,0.1493,0.1387,0.1399,0.141,0.1202,0.1264,-0.059,0.1233,0.1383,0.1408,0.132,0.1235,0.136,0.1306,0.1443
5/24/2022,6.5805,0.1476,0.1381,0.1505,0.11,0.1157,0.1288,0.1098,0.1157,0.1349,0.1455,0.1194,0.1396,0.1485,0.1401,0.1391,0.1459,0.1333,0.1316,0.1435,0.1374,0.14,0.1459,0.1374,0.1299,0.1499,0.1404,0.1274,0.1519,0.145,0.14,0.1492,0.1468,0.1547,0.1476,0.1513,0.1467,0.142,0.1357,0.1455,0.0479,0.1388,0.1299,0.1508,0.1413,0.1397,0.1286,0.1501,0.1511
5/23/2022,7.526,0.1607,0.159,0.1573,0.1497,0.1522,0.1551,0.1572,0.1553,0.1577,0.1578,0.1589,0.156,0.1614,0.159,0.1605,0.1592,0.1606,0.1581,0.1551,0.157,0.1582,0.1602,0.1545,0.1615,0.1599,0.1593,0.1539,0.1599,0.151,0.1579,0.1597,0.1621,0.1593,0.1612,0.1621,0.1605,0.1611,0.1562,0.1554,0.1038,0.1556,0.1583,0.1564,0.1591,0.1561,0.1537,0.1607,0.1606
5/22/2022,12.4344,0.27,0.2527,0.2554,0.3281,0.2766,0.2935,0.3476,0.2713,0.2287,0.2882,0.2256,0.2341,0.2256,0.2607,0.227,0.2483,0.2585,0.2669,0.2669,0.2469,0.2332,0.2691,0.2709,0.2806,0.2163,0.2172,0.2354,0.2243,0.3165,0.2403,0.1982,0.2057,0.2039,0.227,0.207,0.2367,0.2181,0.2602,0.2593,0.6856,0.2664,0.2602,0.219,0.2682,0.2327,0.2554,0.2429,0.2115
5/21/2022,21.0508,0.4655,0.4329,0.3207,0.5778,0.8205,0.6822,0.5739,0.4146,0.5021,0.3363,0.3755,0.429,0.3938,0.4055,0.4238,0.3207,0.4251,0.3585,0.429,0.3964,0.4172,0.4081,0.4916,0.3572,0.2893,0.4107,0.3259,0.3102,0.4159,0.4172,0.3481,0.3168,0.2685,0.3598,0.3637,0.4003,0.4473,0.3872,0.4376,1.685,0.3324,0.3154,0.4238,0.4668,0.4551,0.3637,0.4159,0.3363
5/20/2022,13.0162,0.2529,0.2394,0.2986,0.2881,0.4235,0.3623,0.3307,0.3227,0.3307,0.262,0.2896,0.2479,0.2595,0.26,0.2534,0.2364,0.264,0.2454,0.2695,0.2474,0.2264,0.281,0.2529,0.2519,0.2118,0.2389,0.2168,0.2289,0.3267,0.2539,0.2033,0.2309,0.2043,0.2439,0.2093,0.2429,0.2524,0.2685,0.2429,0.5936,0.2735,0.2946,0.262,0.2489,0.2645,0.3026,0.2685,0.2364
5/19/2022,20.8326,0.3874,0.3489,0.5132,0.6774,0.6068,0.5093,0.4528,0.6235,0.3232,0.4336,0.3476,0.3681,0.3386,0.3412,0.3322,0.3977,0.3694,0.3771,0.4734,0.4118,0.449,0.3656,0.4618,0.4798,0.3848,0.422,0.5773,0.2963,0.5709,0.3797,0.3322,0.2745,0.3681,0.2719,0.3399,0.3835,0.4131,0.4002,0.4043,1.4984,0.3271,0.3399,0.4349,0.3168,0.3399,0.4875,0.4349,0.4451
5/18/2022,10.2531,0.2027,0.2284,0.2282,0.2221,0.241,0.2144,0.2194,0.2214,0.1998,0.205,0.2264,0.1942,0.2054,0.2106,0.2025,0.1946,0.2131,0.2124,0.1996,0.2097,0.196,0.2124,0.2016,0.2002,0.1917,0.2047,0.223,0.1894,0.2315,0.2126,0.1892,0.1869,0.1842,0.1989,0.1996,0.2018,0.2052,0.2131,0.2209,0.4704,0.2277,0.2225,0.1908,0.2203,0.2106,0.2023,0.196,0.1987
5/17/2022,7.3079,0.1573,0.1491,0.1591,0.1431,0.1409,0.1447,0.1476,0.146,0.1565,0.15,0.144,0.1539,0.1588,0.1545,0.1584,0.1517,0.1507,0.1564,0.1561,0.1516,0.1577,0.1549,0.1519,0.1492,0.1594,0.1517,0.1585,0.1588,0.1516,0.1543,0.1611,0.1574,0.1588,0.1577,0.1597,0.1569,0.1534,0.1501,0.1518,0.0836,0.1568,0.1564,0.1576,0.1505,0.1579,0.1502,0.1546,0.155
5/16/2022,10.3254,0.2043,0.2257,0.199,0.2178,0.2262,0.2432,0.2195,0.2215,0.196,0.1976,0.2255,0.2278,0.2097,0.2113,0.2016,0.2111,0.2127,0.2132,0.2125,0.2043,0.2153,0.2225,0.2243,0.2115,0.1941,0.2162,0.2388,0.1904,0.212,0.1985,0.1995,0.1925,0.2002,0.1892,0.1857,0.202,0.212,0.1948,0.2222,0.4777,0.2041,0.2039,0.1941,0.1985,0.1957,0.2292,0.2071,0.2129
5/15/2022,17.4151,0.4143,0.2957,0.4228,0.4934,0.3776,0.5263,0.5131,0.4454,0.3324,0.4877,0.5367,0.4312,0.3333,0.3569,0.3314,0.3352,0.2947,0.322,0.3371,0.3842,0.3286,0.3088,0.3738,0.386,0.3248,0.3098,0.2608,0.2608,0.3004,0.3663,0.226,0.2759,0.2674,0.2363,0.2514,0.2947,0.2994,0.3361,0.3245,1.0511,0.3813,0.3456,0.339,0.3248,0.3135,0.3597,0.2862,0.3107
5/14/2022,22.6145,0.5466,0.38,0.3581,0.5525,0.5145,0.5613,0.5949,0.703,0.4736,0.5861,0.494,0.3493,0.4224,0.4137,0.3698,0.3479,0.3552,0.3771,0.4414,0.4648,0.4063,0.4283,0.399,0.5218,0.456,0.4034,0.3698,0.323,0.5306,0.478,0.3786,0.3947,0.3786,0.2807,0.3055,0.4078,0.38,0.3435,0.4984,2.0256,0.4882,0.5817,0.3567,0.478,0.4429,0.4005,0.4341,0.4166
5/13/2022,11.743,0.2453,0.2561,0.2546,0.2696,0.2475,0.2501,0.2895,0.3041,0.2943,0.2464,0.2472,0.2378,0.2412,0.2412,0.2202,0.2288,0.2269,0.2595,0.237,0.2404,0.2198,0.2288,0.2576,0.2636,0.2415,0.2108,0.2082,0.2075,0.2951,0.2239,0.1932,0.2052,0.2243,0.2045,0.2224,0.2161,0.2078,0.252,0.2379,0.566,0.2344,0.2086,0.2561,0.2269,0.2183,0.2385,0.2202,0.2161
5/12/2022,10.9072,0.2402,0.2077,0.228,0.2737,0.2957,0.2205,0.2286,0.287,0.2236,0.2548,0.269,0.203,0.1986,0.2018,0.2106,0.2123,0.201,0.2149,0.2309,0.2332,0.2001,0.237,0.2321,0.2266,0.2094,0.1986,0.2178,0.2016,0.2504,0.2085,0.1972,0.194,0.2082,0.2045,0.2074,0.205,0.2356,0.2248,0.2088,0.4025,0.2385,0.2466,0.2263,0.2219,0.2111,0.2231,0.2324,0.2021
5/11/2022,9.8891,0.2007,0.1965,0.2084,0.2156,0.2385,0.2139,0.2018,0.2073,0.2145,0.2012,0.1912,0.2062,0.1895,0.1975,0.1992,0.2048,0.1893,0.1982,0.1952,0.1927,0.1937,0.1956,0.2016,0.1925,0.1956,0.1859,0.2211,0.1884,0.2031,0.2065,0.191,0.1871,0.1939,0.1939,0.1903,0.198,0.188,0.2071,0.2244,0.49,0.1984,0.1874,0.1933,0.1878,0.1965,0.2113,0.212,0.1925
5/10/2022,10.6165,0.2326,0.2151,0.2203,0.2546,0.2883,0.264,0.2656,0.2669,0.2378,0.253,0.2412,0.208,0.2148,0.1957,0.1983,0.2101,0.2017,0.2261,0.2253,0.2261,0.2015,0.225,0.2248,0.207,0.2135,0.2135,0.2198,0.2022,0.2122,0.2111,0.1886,0.1965,0.2012,0.191,0.1986,0.2114,0.2125,0.2208,0.1917,0.307,0.2015,0.2004,0.2219,0.2282,0.2106,0.2289,0.2098,0.2198
5/9/2022,17.7787,0.2918,0.2967,0.416,0.461,0.5168,0.3603,0.5852,0.5774,0.3896,0.4297,0.3163,0.3055,0.327,0.3319,0.3828,0.3505,0.3877,0.3534,0.3984,0.3525,0.3016,0.3065,0.4297,0.3319,0.285,0.3261,0.4864,0.2752,0.46,0.3085,0.2723,0.2429,0.2654,0.2918,0.2948,0.3222,0.3798,0.2948,0.3281,1.0711,0.2762,0.4503,0.3182,0.3065,0.3104,0.4317,0.286,0.2948
5/8/2022,23.5964,0.516,0.449,0.3647,0.541,0.5176,0.5956,0.5987,0.4942,0.6735,0.5737,0.4412,0.4708,0.4879,0.3663,0.4334,0.3538,0.4801,0.4271,0.3835,0.41,0.4692,0.3164,0.4162,0.5597,0.4755,0.3757,0.5956,0.3772,0.3897,0.4942,0.3538,0.4131,0.3679,0.3195,0.3819,0.3866,0.4053,0.385,0.5916,2.5475,0.5254,0.5628,0.3351,0.4646,0.3741,0.3663,0.3491,0.4193
5/7/2022,11.5977,0.2519,0.2152,0.2235,0.2825,0.2487,0.2926,0.3045,0.2771,0.2077,0.2879,0.2933,0.2278,0.2152,0.212,0.2084,0.2483,0.2286,0.2408,0.2206,0.244,0.235,0.221,0.2462,0.2541,0.2314,0.2368,0.2595,0.2052,0.262,0.2372,0.1955,0.2264,0.2235,0.2203,0.199,0.2293,0.226,0.2145,0.2238,0.4869,0.2383,0.239,0.235,0.2066,0.2505,0.2311,0.2286,0.2044
5/6/2022,10.6525,0.2218,0.221,0.2054,0.2253,0.302,0.2561,0.2197,0.2505,0.2179,0.2295,0.2611,0.2367,0.2102,0.1969,0.2051,0.2221,0.1982,0.2264,0.2303,0.2107,0.2157,0.2173,0.2216,0.2067,0.1956,0.2205,0.2004,0.1953,0.2123,0.2149,0.1895,0.2094,0.1879,0.1958,0.1996,0.2043,0.2237,0.2051,0.2131,0.4271,0.2309,0.2335,0.2067,0.2303,0.2142,0.2163,0.2035,0.2144
5/5/2022,10.5073,0.1998,0.2276,0.2359,0.2316,0.2329,0.2201,0.2236,0.2532,0.2451,0.2153,0.2103,0.2015,0.2093,0.2151,0.2241,0.205,0.2246,0.1993,0.212,0.2015,0.2105,0.2201,0.2228,0.2288,0.1915,0.193,0.2331,0.1968,0.2103,0.2045,0.1995,0.1955,0.19,0.1945,0.1955,0.2115,0.2068,0.2226,0.22,0.4654,0.1975,0.2281,0.195,0.2248,0.2271,0.2273,0.2085,0.1985
5/4/2022,13.6704,0.267,0.2835,0.2608,0.3005,0.432,0.3249,0.3476,0.3481,0.2744,0.3186,0.305,0.2444,0.2506,0.2438,0.2784,0.2682,0.2461,0.2585,0.2857,0.258,0.2415,0.296,0.2926,0.2217,0.2795,0.254,0.2364,0.233,0.2874,0.2619,0.2461,0.2438,0.2069,0.2307,0.2324,0.2455,0.2914,0.284,0.2808,0.8061,0.2772,0.33,0.3073,0.2279,0.2381,0.2852,0.296,0.2409
5/3/2022,8.9802,0.184,0.1806,0.1801,0.2019,0.2138,0.2019,0.1872,0.2071,0.1961,0.185,0.1875,0.181,0.1777,0.1778,0.1895,0.1838,0.1846,0.1907,0.1876,0.1839,0.1841,0.1798,0.1843,0.1807,0.1817,0.1877,0.1875,0.1794,0.1904,0.1863,0.1728,0.183,0.1801,0.1767,0.1798,0.1813,0.1808,0.1864,0.1829,0.2575,0.1908,0.1796,0.1893,0.1791,0.1848,0.1885,0.1784,0.1847
5/2/2022,9.4894,0.1996,0.1933,0.1851,0.2172,0.2023,0.217,0.1932,0.1972,0.1902,0.2002,0.2213,0.1899,0.1884,0.1841,0.1848,0.1915,0.1881,0.2035,0.1959,0.1978,0.1981,0.1972,0.1875,0.2006,0.1874,0.182,0.1906,0.1872,0.1988,0.1938,0.1862,0.1895,0.1828,0.1795,0.1887,0.192,0.1988,0.2,0.198,0.342,0.2043,0.1941,0.1991,0.1963,0.202,0.1903,0.1936,0.1884
5/1/2022,8.108,0.1685,0.1685,0.1684,0.17,0.1719,0.1703,0.1685,0.1697,0.1679,0.1699,0.1685,0.1683,0.1683,0.168,0.1681,0.1684,0.1686,0.1681,0.1683,0.1687,0.1688,0.1687,0.1695,0.1688,0.1677,0.1689,0.1702,0.1679,0.169,0.1683,0.1677,0.1682,0.1676,0.1675,0.1683,0.1685,0.1683,0.1679,0.1694,0.1818,0.169,0.1686,0.1688,0.1679,0.1684,0.1683,0.1683,0.1688
4/30/2022,8.1077,0.169,0.1691,0.1694,0.1709,0.1698,0.1696,0.1688,0.1705,0.1681,0.1698,0.1694,0.1686,0.1679,0.1683,0.1687,0.1684,0.1692,0.1688,0.1687,0.169,0.1691,0.1677,0.1695,0.169,0.1682,0.1688,0.1696,0.168,0.1681,0.1689,0.1681,0.1683,0.1683,0.1676,0.1677,0.1684,0.1686,0.1683,0.1683,0.1759,0.169,0.1685,0.1688,0.1688,0.1682,0.1683,0.1691,0.1686
4/29/2022,7.8896,0.1649,0.1647,0.1645,0.1636,0.1638,0.1636,0.1643,0.1634,0.1649,0.1633,0.1652,0.1643,0.1652,0.1643,0.1641,0.1649,0.1643,0.1648,0.1645,0.1651,0.1645,0.1649,0.165,0.1652,0.1657,0.1649,0.1648,0.1651,0.1642,0.1652,0.165,0.1658,0.165,0.1657,0.1656,0.1648,0.1645,0.1644,0.1641,0.1522,0.1647,0.1635,0.164,0.1653,0.1641,0.1642,0.1646,0.1649
4/28/2022,10.6524,0.2038,0.2155,0.2311,0.2314,0.2842,0.2738,0.2661,0.2502,0.2417,0.2335,0.2258,0.2253,0.2187,0.2123,0.2189,0.2149,0.2051,0.2285,0.2144,0.22,0.2205,0.2242,0.2025,0.2184,0.2006,0.2104,0.2112,0.2006,0.2049,0.2065,0.1974,0.2065,0.2067,0.1871,0.1897,0.2086,0.199,0.1953,0.2018,0.3636,0.2298,0.2359,0.2232,0.2112,0.2285,0.2274,0.2001,0.2256
4/27/2022,19.3421,0.423,0.3799,0.3243,0.5489,0.6895,0.398,0.3958,0.5126,0.389,0.3209,0.4808,0.3618,0.3232,0.3844,0.4015,0.4264,0.4015,0.3221,0.3856,0.3799,0.3788,0.3277,0.3289,0.3606,0.2756,0.347,0.5239,0.3039,0.5103,0.3413,0.2982,0.3345,0.3096,0.2971,0.3141,0.3584,0.4343,0.3618,0.3822,1.3745,0.3209,0.4264,0.4389,0.3379,0.4196,0.3504,0.3221,0.3141
4/26/2022,12.6888,0.2651,0.2314,0.2604,0.3087,0.3767,0.3144,0.2689,0.3537,0.267,0.2328,0.3336,0.2703,0.2473,0.244,0.2248,0.2239,0.2539,0.2679,0.2497,0.2651,0.2609,0.2281,0.2651,0.29,0.2417,0.2243,0.2618,0.23,0.2483,0.2351,0.2051,0.2018,0.2121,0.2314,0.237,0.2314,0.26,0.237,0.2417,0.5872,0.2211,0.2867,0.2722,0.2708,0.2614,0.2722,0.2698,0.245
4/25/2022,26.5777,0.4881,0.646,0.4156,0.7611,0.9822,0.5401,0.9228,0.6181,0.4472,0.7481,0.5178,0.6107,0.384,0.4212,0.5196,0.5271,0.4156,0.4435,0.5531,0.4825,0.397,0.4955,0.6497,0.4565,0.345,0.4732,0.4045,0.4212,0.6422,0.4862,0.2874,0.3617,0.4472,0.3562,0.345,0.4472,0.4472,0.4435,0.5493,2.3106,0.5308,0.6831,0.5698,0.4175,0.5085,0.5419,0.5345,0.5809
4/24/2022,12.689,0.2858,0.2862,0.2478,0.3519,0.3411,0.3139,0.3514,0.3397,0.3078,0.3158,0.2717,0.2769,0.2515,0.2567,0.2604,0.2562,0.2675,0.2562,0.2764,0.2407,0.2539,0.274,0.2229,0.26,0.2576,0.2604,0.2356,0.2281,0.2407,0.2497,0.2009,0.2145,0.2272,0.2056,0.2192,0.2398,0.2422,0.237,0.2169,0.448,0.2858,0.2811,0.229,0.2398,0.2412,0.2356,0.2281,0.2586
4/23/2022,7.962,0.1658,0.1657,0.1657,0.1653,0.1658,0.1652,0.1654,0.1658,0.1656,0.1657,0.1655,0.166,0.1659,0.1662,0.166,0.166,0.166,0.1659,0.1658,0.1657,0.1661,0.1659,0.1657,0.166,0.1661,0.1663,0.1656,0.1662,0.1656,0.166,0.1664,0.1661,0.1661,0.1662,0.1662,0.1661,0.1658,0.1661,0.1662,0.1643,0.166,0.1661,0.1659,0.1663,0.1657,0.1659,0.1661,0.166
4/22/2022,16.2881,0.349,0.3672,0.3697,0.441,0.5214,0.3532,0.3755,0.3299,0.359,0.2794,0.2885,0.2595,0.2976,0.3217,0.3109,0.3067,0.2819,0.3374,0.2902,0.2926,0.267,0.2868,0.315,0.3117,0.2877,0.3266,0.2562,0.2752,0.2926,0.2951,0.2694,0.2272,0.2661,0.286,0.2736,0.3125,0.3291,0.3573,0.3956,1.4495,0.325,0.3101,0.3051,0.2603,0.3043,0.359,0.2868,0.325
4/21/2022,14.5791,0.343,0.2956,0.2811,0.4002,0.3805,0.3726,0.4476,0.3733,0.266,0.2825,0.3838,0.243,0.2969,0.2463,0.2594,0.2923,0.2765,0.2608,0.3022,0.2752,0.3147,0.3206,0.3344,0.2561,0.2594,0.3081,0.2884,0.2555,0.3877,0.2989,0.2509,0.2186,0.2667,0.2292,0.2719,0.2765,0.2897,0.2864,0.226,0.4989,0.3252,0.3384,0.2746,0.3167,0.3048,0.3285,0.2654,0.3081
4/20/2022,13.0523,0.296,0.2985,0.251,0.3142,0.3475,0.3445,0.3147,0.3288,0.244,0.2571,0.2425,0.2217,0.2546,0.2369,0.2541,0.2697,0.2854,0.2889,0.2753,0.2904,0.2551,0.2187,0.2869,0.2399,0.2349,0.2617,0.2773,0.2253,0.3011,0.2642,0.2445,0.2106,0.246,0.2101,0.2425,0.244,0.2864,0.246,0.2359,0.5547,0.2864,0.2889,0.2576,0.2414,0.2652,0.2965,0.2687,0.246
4/19/2022,11.0892,0.2207,0.2164,0.2022,0.2349,0.2986,0.2782,0.2831,0.2847,0.2698,0.2359,0.2189,0.2118,0.201,0.2306,0.2356,0.2386,0.2136,0.2334,0.2115,0.2152,0.2084,0.2386,0.2099,0.2266,0.2189,0.2294,0.2312,0.2016,0.2451,0.2235,0.1932,0.2133,0.2121,0.1954,0.1945,0.2071,0.2093,0.2179,0.2225,0.4794,0.2439,0.2198,0.2223,0.2281,0.2272,0.222,0.2028,0.2105
4/18/2022,5.963,0.1284,0.1208,0.1141,0.1049,0.067,0.1176,0.0992,0.1017,0.0986,0.1235,0.1233,0.1294,0.1337,0.1251,0.1225,0.1324,0.1426,0.1182,0.1208,0.1386,0.121,0.1428,0.1184,0.143,0.129,0.1331,0.117,0.1392,0.1302,0.1347,0.1406,0.1428,0.1451,0.1396,0.1459,0.1339,0.1414,0.1432,0.1348,-0.0121,0.1304,0.1288,0.1308,0.1292,0.1223,0.1231,0.1349,0.1375
4/17/2022,6.0358,0.1229,0.1201,0.1199,0.1152,0.1001,0.0853,0.101,0.0997,0.1309,0.105,0.0999,0.1264,0.1291,0.1264,0.1376,0.1333,0.1191,0.1323,0.1207,0.1189,0.1325,0.1453,0.1348,0.1284,0.1274,0.1441,0.1311,0.1392,0.1097,0.1346,0.1508,0.1468,0.1364,0.1396,0.1376,0.1325,0.1333,0.1341,0.1463,0.0526,0.1396,0.1162,0.1413,0.1303,0.1284,0.1449,0.127,0.1272
4/16/2022,5.7085,0.1215,0.1075,0.1036,0.0963,0.0913,0.0777,0.1268,0.1007,0.1314,0.1094,0.0885,0.1236,0.1284,0.1337,0.1222,0.111,0.1394,0.1307,0.114,0.1135,0.1229,0.1135,0.1034,0.1117,0.1238,0.138,0.0956,0.1426,0.1217,0.1302,0.1476,0.1502,0.1465,0.149,0.1337,0.1289,0.1362,0.127,0.1345,-0.0134,0.1048,0.1337,0.1307,0.1133,0.1321,0.1376,0.1275,0.114
4/15/2022,11.7071,0.2416,0.2304,0.226,0.2823,0.282,0.315,0.2716,0.2964,0.2134,0.2204,0.3064,0.2074,0.2182,0.2271,0.239,0.2523,0.2234,0.2371,0.2427,0.2364,0.2382,0.226,0.2564,0.2219,0.21,0.2364,0.2679,0.2163,0.2315,0.2163,0.193,0.2056,0.1963,0.2123,0.2,0.2249,0.2582,0.2445,0.2418,0.5879,0.2167,0.2742,0.2334,0.2063,0.2456,0.21,0.2438,0.2226
4/14/2022,14.5433,0.2557,0.2844,0.2956,0.3414,0.3479,0.4349,0.4218,0.3119,0.3806,0.3616,0.3041,0.3355,0.2687,0.2511,0.2877,0.2943,0.2871,0.3152,0.3185,0.2668,0.3054,0.3139,0.2831,0.3257,0.2786,0.3093,0.3754,0.2511,0.2687,0.3015,0.2615,0.217,0.2445,0.2458,0.2256,0.2681,0.2655,0.3165,0.2342,0.5453,0.327,0.2786,0.2491,0.3198,0.2825,0.291,0.2969,0.2969
4/13/2022,12.7982,0.2636,0.2981,0.2881,0.3274,0.396,0.3495,0.36,0.3663,0.3034,0.3149,0.2804,0.2717,0.2377,0.2554,0.2703,0.2233,0.2684,0.2492,0.2463,0.2641,0.2741,0.266,0.2449,0.2804,0.2271,0.2641,0.3034,0.2161,0.2847,0.254,0.2146,0.2281,0.2027,0.2041,0.23,0.2329,0.2468,0.2804,0.1864,0.277,0.2751,0.2358,0.2765,0.2137,0.2358,0.2938,0.2415,0.2741
4/12/2022,14.2884,0.3226,0.2711,0.3019,0.3962,0.3352,0.4283,0.2874,0.3666,0.2358,0.2843,0.2547,0.2717,0.2472,0.2987,0.2893,0.3012,0.2509,0.2792,0.2591,0.3031,0.2591,0.2421,0.2497,0.3144,0.2314,0.2729,0.2849,0.2402,0.2805,0.2761,0.2409,0.2415,0.2597,0.2465,0.2685,0.2465,0.2761,0.2742,0.3187,1.0183,0.2623,0.3214,0.2396,0.3201,0.2975,0.3195,0.2541,0.2472
4/11/2022,12.1432,0.2769,0.252,0.235,0.3071,0.2636,0.3055,0.2678,0.3332,0.2955,0.2711,0.2632,0.2819,0.2404,0.2363,0.2433,0.2367,0.2272,0.228,0.2591,0.2325,0.2383,0.2197,0.2168,0.2694,0.2218,0.2437,0.2964,0.2185,0.2769,0.2363,0.2296,0.206,0.2006,0.2143,0.2131,0.2201,0.2674,0.2263,0.2289,0.5154,0.2491,0.2727,0.2093,0.2462,0.2669,0.228,0.2222,0.233
4/10/2022,21.4143,0.5208,0.5262,0.3759,0.6791,0.5141,0.6093,0.6214,0.5409,0.5436,0.3464,0.4175,0.498,0.3572,0.3934,0.388,0.4806,0.337,0.4443,0.3746,0.3987,0.384,0.4524,0.4175,0.4833,0.3786,0.329,0.4591,0.3572,0.4765,0.38,0.3384,0.3075,0.3115,0.3183,0.3276,0.3934,0.4054,0.4229,0.3832,1.3801,0.49,0.3169,0.4497,0.4913,0.4148,0.4886,0.3786,0.3115
4/9/2022,27.6682,0.5836,0.6505,0.6839,0.8314,0.9514,0.9337,0.6013,0.9141,0.3791,0.6446,0.5463,0.5856,0.4519,0.5443,0.4224,0.4066,0.6131,0.4578,0.4991,0.4833,0.4145,0.5404,0.6328,0.6348,0.5128,0.5364,0.8177,0.442,0.7429,0.444,0.3181,0.4656,0.3653,0.3968,0.4519,0.4735,0.6289,0.6407,0.379,1.3566,0.6249,0.7134,0.6171,0.3988,0.4401,0.68,0.4243,0.3909
4/8/2022,15.9608,0.3044,0.2733,0.3577,0.4811,0.3593,0.4174,0.3323,0.3307,0.3044,0.3792,0.435,0.2686,0.2948,0.3116,0.2797,0.2845,0.3378,0.2996,0.3227,0.3275,0.3131,0.2479,0.2646,0.3649,0.2598,0.2813,0.3553,0.2789,0.2869,0.294,0.2495,0.2805,0.2391,0.2741,0.2837,0.2964,0.3195,0.3545,0.3392,1.1334,0.3705,0.3959,0.3155,0.2423,0.3609,0.31,0.2845,0.263
4/7/2022,18.0337,0.3312,0.3603,0.4045,0.4346,0.6513,0.554,0.5098,0.4817,0.4305,0.5068,0.3443,0.3453,0.3122,0.3111,0.3603,0.3423,0.2921,0.3372,0.4085,0.3764,0.3864,0.4004,0.3122,0.3272,0.261,0.3302,0.4606,0.2951,0.4245,0.3613,0.3272,0.3152,0.268,0.2881,0.2861,0.3152,0.3031,0.3071,0.3019,0.9244,0.4085,0.3122,0.3623,0.3844,0.3282,0.3212,0.3021,0.3252
4/6/2022,22.3236,0.403,0.3643,0.4632,0.5462,0.8657,0.4517,0.5419,0.4975,0.4804,0.4188,0.6938,0.5376,0.3529,0.4517,0.4188,0.4904,0.3428,0.3887,0.5004,0.3643,0.4732,0.3242,0.5563,0.3457,0.4016,0.4359,0.3156,0.3142,0.393,0.393,0.2741,0.3414,0.3758,0.3414,0.34,0.393,0.4675,0.3314,0.507,2.0737,0.499,0.3787,0.3557,0.4417,0.3557,0.5305,0.3815,0.4087
4/5/2022,26.0685,0.5985,0.4702,0.6021,0.6545,0.931,0.7611,0.5569,0.8298,0.7521,0.5515,0.472,0.566,0.5118,0.4413,0.4612,0.416,0.5262,0.4106,0.528,0.5461,0.4973,0.3817,0.669,0.463,0.5064,0.5624,0.7105,0.416,0.4883,0.4395,0.3365,0.3943,0.4395,0.313,0.3311,0.4558,0.4648,0.4269,0.4833,1.9406,0.4793,0.4232,0.472,0.4016,0.5425,0.5569,0.5316,0.3546
4/4/2022,26.2141,0.5492,0.6621,0.5036,0.7368,1.0537,0.8424,0.5674,0.7313,0.4854,0.52,0.7987,0.3998,0.5146,0.5492,0.5346,0.4217,0.6038,0.5583,0.4453,0.5036,0.3889,0.4217,0.6639,0.4508,0.4107,0.4836,0.653,0.4089,0.755,0.5146,0.4399,0.3597,0.4126,0.3725,0.4162,0.4927,0.5255,0.3852,0.4287,1.6349,0.3943,0.3943,0.5109,0.5036,0.4581,0.4034,0.5437,0.4053
4/3/2022,31.413,0.457,0.4921,0.471,1.1126,0.9065,0.8503,1.1477,0.7988,0.7098,0.9018,0.6092,0.457,0.5577,0.5436,0.4734,0.6092,0.6818,0.7356,0.5951,0.663,0.5319,0.553,0.759,0.3938,0.5108,0.6396,0.6419,0.4991,0.6818,0.6302,0.4617,0.4546,0.3657,0.4008,0.4078,0.5296,0.6513,0.6256,0.5677,2.4137,0.6771,0.4289,0.6607,0.5015,0.663,0.7543,0.7262,0.5085
4/2/2022,32.7581,0.6024,0.5083,0.4613,0.8005,1.3427,0.8871,1.1644,0.6321,0.9243,0.746,1.0233,0.6519,0.496,0.5059,0.4836,0.6519,0.5158,0.5034,0.7213,0.7361,0.4464,0.5603,0.7435,0.7584,0.4192,0.4266,0.6519,0.4737,0.5207,0.5653,0.3474,0.4068,0.5133,0.3697,0.4192,0.59,0.4613,0.6371,0.7467,3.4167,0.7039,0.8648,0.7485,0.4588,0.6395,0.5182,0.5677,0.4242
4/1/2022,22.251,0.4047,0.4218,0.4218,0.5586,0.7994,0.4887,0.4959,0.5742,0.4118,0.3819,0.446,0.5514,0.4089,0.4332,0.4431,0.4246,0.4118,0.4018,0.503,0.4317,0.3747,0.456,0.5571,0.3719,0.4075,0.399,0.4645,0.3519,0.6369,0.4631,0.3719,0.3819,0.2892,0.369,0.3249,0.3619,0.5001,0.4902,0.3896,1.4158,0.5058,0.4944,0.4018,0.3078,0.4374,0.5073,0.3434,0.4617
3/31/2022,22.651,0.5505,0.4846,0.5359,0.6545,0.741,0.7688,0.741,0.7117,0.426,0.574,0.5241,0.3674,0.4216,0.3981,0.3967,0.3879,0.4553,0.448,0.4524,0.4729,0.3674,0.3161,0.4465,0.3381,0.4377,0.4216,0.3776,0.3454,0.6194,0.3908,0.3088,0.3,0.3058,0.3601,0.2985,0.4143,0.4318,0.4172,0.3695,1.303,0.4655,0.5051,0.4245,0.3293,0.4978,0.5271,0.4626,0.3571
3/30/2022,17.1609,0.4021,0.37,0.2839,0.4516,0.4287,0.3563,0.3673,0.3819,0.4461,0.4452,0.425,0.3022,0.2848,0.3132,0.3178,0.3178,0.349,0.3334,0.3261,0.3902,0.349,0.3728,0.3279,0.3792,0.3288,0.3398,0.4232,0.2592,0.4103,0.3206,0.2995,0.2839,0.2903,0.2729,0.2894,0.3142,0.294,0.2913,0.306,0.9471,0.3911,0.3077,0.3545,0.3783,0.2986,0.3655,0.3737,0.2995
3/29/2022,16.3248,0.3332,0.3282,0.3107,0.4888,0.4564,0.3748,0.3157,0.4664,0.4547,0.3115,0.3764,0.3989,0.2799,0.2999,0.3007,0.334,0.3382,0.2882,0.3165,0.344,0.2674,0.3465,0.3298,0.2707,0.3207,0.3307,0.2865,0.2699,0.3789,0.3074,0.2333,0.2516,0.2291,0.2824,0.2632,0.3132,0.2832,0.3448,0.2961,0.8921,0.2982,0.4097,0.334,0.3481,0.364,0.3556,0.3382,0.2624
3/28/2022,19.7786,0.3975,0.341,0.4706,0.6378,0.7144,0.6519,0.3869,0.6496,0.3269,0.3575,0.4729,0.4635,0.3963,0.4093,0.3987,0.3422,0.3104,0.3351,0.3386,0.341,0.3363,0.2821,0.321,0.3704,0.3068,0.3693,0.434,0.3233,0.3492,0.3339,0.3587,0.3292,0.2503,0.3398,0.3575,0.3504,0.4199,0.4376,0.4109,1.535,0.3775,0.3575,0.3657,0.3539,0.3716,0.3386,0.3033,0.3528
3/27/2022,14.2888,0.2994,0.3025,0.2893,0.3509,0.3981,0.3239,0.4258,0.3478,0.2717,0.3314,0.3471,0.339,0.2717,0.2453,0.2421,0.2836,0.2453,0.2742,0.2994,0.3082,0.2566,0.2924,0.3421,0.2333,0.2824,0.2472,0.3019,0.2541,0.3742,0.2861,0.2566,0.2704,0.2635,0.2654,0.2296,0.2572,0.2924,0.256,0.226,0.4991,0.3277,0.2566,0.3082,0.2981,0.2962,0.3314,0.3113,0.2761
3/26/2022,16.6881,0.3109,0.2961,0.3144,0.3613,0.4542,0.4456,0.4247,0.5046,0.4195,0.2796,0.3952,0.2744,0.317,0.3309,0.3656,0.3378,0.343,0.2735,0.2979,0.3552,0.3291,0.3083,0.3326,0.3795,0.3222,0.2996,0.4212,0.2761,0.3943,0.3448,0.2622,0.3022,0.3031,0.2727,0.2596,0.3013,0.3404,0.2996,0.3255,1.0565,0.2814,0.2814,0.2909,0.3509,0.2787,0.3465,0.2918,0.3343
3/25/2022,13.9612,0.2775,0.2632,0.2972,0.3056,0.3616,0.3074,0.3741,0.3658,0.3521,0.274,0.3074,0.3157,0.271,0.293,0.2549,0.2668,0.2746,0.3121,0.2823,0.2692,0.2787,0.2352,0.2674,0.3199,0.2752,0.2883,0.324,0.2328,0.2698,0.2865,0.2567,0.2185,0.2257,0.2263,0.2352,0.243,0.2978,0.3097,0.2572,0.674,0.2537,0.231,0.2871,0.305,0.268,0.3181,0.2948,0.2561
3/24/2022,21.9603,0.3691,0.5436,0.323,0.5841,0.6776,0.6832,0.6888,0.6748,0.5171,0.545,0.5506,0.3998,0.3258,0.3202,0.4207,0.3872,0.478,0.4822,0.4459,0.4766,0.4808,0.3468,0.4459,0.5129,0.3872,0.3565,0.3105,0.3635,0.5296,0.4612,0.2923,0.3035,0.3454,0.2839,0.2881,0.3789,0.3928,0.4528,0.384,1.3844,0.5087,0.3356,0.3886,0.3105,0.4864,0.3914,0.478,0.4668
3/23/2022,16.179,0.3908,0.3253,0.282,0.4341,0.5813,0.3229,0.439,0.4268,0.2869,0.3,0.4268,0.3965,0.2656,0.3425,0.2754,0.3139,0.318,0.363,0.3172,0.3671,0.3302,0.3327,0.3123,0.3442,0.2861,0.3,0.2894,0.2722,0.2714,0.2779,0.2427,0.2517,0.2509,0.264,0.2738,0.3041,0.345,0.3253,0.3044,0.9384,0.291,0.3319,0.2476,0.3523,0.3433,0.3523,0.2754,0.2934
3/22/2022,18.1786,0.4395,0.357,0.2888,0.3906,0.5972,0.5504,0.473,0.3662,0.4496,0.3417,0.3356,0.4344,0.2888,0.3326,0.2919,0.3926,0.357,0.3519,0.3153,0.3865,0.3702,0.3702,0.4425,0.4415,0.3692,0.3204,0.4232,0.2695,0.3529,0.3621,0.245,0.2583,0.2929,0.2603,0.2623,0.297,0.3794,0.3835,0.3583,1.2403,0.3305,0.2746,0.3957,0.3672,0.3611,0.4018,0.301,0.3071
3/21/2022,16.0335,0.2807,0.3209,0.3587,0.3707,0.5113,0.4647,0.4438,0.3129,0.4567,0.353,0.394,0.2599,0.2912,0.2695,0.3514,0.3482,0.3073,0.3322,0.2824,0.3402,0.2615,0.2639,0.3048,0.3731,0.3257,0.2655,0.3619,0.2534,0.3579,0.2856,0.2261,0.2333,0.2872,0.2534,0.2864,0.2759,0.3474,0.2566,0.3303,1.0836,0.2558,0.3466,0.2534,0.3338,0.3434,0.2759,0.2703,0.2711
3/20/2022,23.0869,0.485,0.4669,0.3824,0.7264,0.6344,0.5604,0.5016,0.5982,0.3779,0.5122,0.4684,0.3975,0.4035,0.4277,0.4744,0.5333,0.3854,0.3477,0.4247,0.4488,0.3522,0.4956,0.5061,0.3175,0.3673,0.3356,0.3553,0.3537,0.4413,0.3809,0.399,0.2949,0.2979,0.3854,0.3522,0.3673,0.5423,0.3341,0.6218,2.7169,0.5242,0.396,0.3658,0.3507,0.4503,0.5152,0.3734,0.3372
3/19/2022,14.2889,0.3144,0.2698,0.3138,0.3371,0.483,0.3088,0.3163,0.3591,0.3773,0.3604,0.3918,0.3321,0.2761,0.2773,0.2402,0.2893,0.2591,0.2906,0.3201,0.2742,0.3069,0.2402,0.3025,0.3195,0.2365,0.2579,0.2522,0.2465,0.2528,0.2849,0.2296,0.239,0.2528,0.2195,0.2365,0.2541,0.2465,0.2428,0.2865,0.838,0.2434,0.3151,0.2736,0.2516,0.2698,0.2698,0.2648,0.2648
3/18/2022,16.9065,0.3163,0.2878,0.3786,0.5354,0.5844,0.498,0.4463,0.3368,0.2869,0.3421,0.4757,0.3688,0.2816,0.3297,0.3742,0.3234,0.278,0.3466,0.3804,0.3769,0.3279,0.319,0.3412,0.3279,0.2824,0.2664,0.3501,0.2744,0.4294,0.2887,0.2798,0.2477,0.2557,0.2851,0.27,0.2833,0.3101,0.3769,0.3019,0.9247,0.3475,0.2896,0.3101,0.3653,0.3288,0.3457,0.3528,0.2762
3/17/2022,12.507,0.2478,0.2834,0.2672,0.3059,0.3573,0.2951,0.3483,0.3546,0.2392,0.2622,0.2974,0.2514,0.2446,0.2248,0.2604,0.2645,0.2676,0.2757,0.2568,0.237,0.2451,0.2676,0.2789,0.2541,0.2361,0.2266,0.2451,0.228,0.2757,0.2564,0.2054,0.2352,0.1996,0.2072,0.2095,0.2352,0.2478,0.218,0.2231,0.4829,0.2433,0.2528,0.2491,0.2217,0.2757,0.2712,0.2208,0.2537
3/16/2022,15.852,0.2735,0.2907,0.3402,0.374,0.4815,0.4085,0.3276,0.3567,0.363,0.3818,0.3433,0.257,0.3064,0.2797,0.33,0.3111,0.3049,0.3237,0.3268,0.3323,0.33,0.3237,0.2585,0.3543,0.2546,0.2876,0.33,0.2766,0.3842,0.2829,0.2201,0.257,0.2672,0.2876,0.2318,0.2782,0.3355,0.3308,0.3419,1.1488,0.268,0.2844,0.3041,0.33,0.3496,0.2766,0.3001,0.2452
3/15/2022,18.6514,0.3041,0.3158,0.3456,0.5491,0.4606,0.3989,0.6023,0.516,0.5469,0.3872,0.4926,0.3137,0.3179,0.3467,0.3722,0.4053,0.2955,0.4053,0.3701,0.3541,0.3169,0.418,0.3296,0.3637,0.2774,0.3382,0.2924,0.286,0.3115,0.3658,0.3115,0.2519,0.2561,0.2753,0.3275,0.3488,0.3989,0.3648,0.3823,1.3751,0.369,0.3627,0.3541,0.3552,0.3318,0.4063,0.3818,0.3989
3/14/2022,24.6138,0.4225,0.587,0.5621,0.592,0.8279,0.592,0.6418,0.7897,0.6269,0.6285,0.7548,0.3694,0.4591,0.4923,0.5205,0.4175,0.4624,0.4607,0.4092,0.5588,0.4192,0.366,0.4092,0.5488,0.4225,0.4491,0.577,0.3478,0.5604,0.484,0.3428,0.3012,0.4009,0.3012,0.3594,0.386,0.5421,0.4059,0.3848,1.389,0.474,0.592,0.5272,0.4541,0.5139,0.479,0.5338,0.4674
3/13/2022,27.195,0.587,0.564,0.5256,0.921,0.9518,0.9614,0.7828,0.6965,0.4872,0.4584,0.7118,0.6043,0.4872,0.4834,0.5755,0.5602,0.5083,0.5064,0.5429,0.4834,0.5717,0.4354,0.493,0.683,0.3778,0.4565,0.7176,0.4085,0.6907,0.5563,0.3298,0.4431,0.3932,0.4527,0.3202,0.5045,0.5256,0.3759,0.4111,1.5365,0.5544,0.3989,0.5909,0.5506,0.4604,0.4987,0.4719,0.587
3/12/2022,27.8499,0.4287,0.5061,0.6947,0.9686,1.1135,0.7026,0.9428,0.9845,0.7741,0.7304,0.5835,0.4009,0.4485,0.5001,0.4485,0.4545,0.5835,0.4902,0.5299,0.5001,0.4724,0.6192,0.5398,0.6947,0.5637,0.4982,0.7364,0.4346,0.6391,0.5657,0.3731,0.3493,0.3652,0.4565,0.4783,0.4902,0.4287,0.645,0.3594,1.2464,0.4227,0.4049,0.6212,0.5557,0.4664,0.6153,0.6053,0.4168
3/11/2022,19.0878,0.4339,0.4516,0.4383,0.5924,0.6989,0.5825,0.3463,0.5836,0.3651,0.4971,0.3962,0.3984,0.3662,0.2908,0.3929,0.4006,0.3008,0.4461,0.3685,0.3751,0.3441,0.3452,0.333,0.394,0.2886,0.2931,0.4017,0.3064,0.4195,0.4039,0.3308,0.252,0.2809,0.3119,0.323,0.3463,0.3485,0.2853,0.3551,1.2223,0.3141,0.4239,0.3363,0.2831,0.354,0.3241,0.3851,0.3563
3/10/2022,16.4701,0.3454,0.3598,0.3208,0.4513,0.4674,0.3479,0.5173,0.4453,0.4699,0.4419,0.2886,0.309,0.3335,0.3301,0.3056,0.3683,0.3454,0.3547,0.3733,0.3183,0.2742,0.3437,0.309,0.2988,0.2903,0.2632,0.364,0.2878,0.3954,0.303,0.2683,0.298,0.2378,0.2658,0.242,0.2946,0.2776,0.3056,0.2643,0.7136,0.3056,0.3691,0.3649,0.3335,0.2963,0.3623,0.3361,0.3115
3/9/2022,21.7056,0.3654,0.3942,0.4764,0.6313,0.7642,0.6025,0.4093,0.4353,0.3599,0.4394,0.5943,0.3435,0.3517,0.4175,0.4106,0.3928,0.4463,0.3695,0.4874,0.4476,0.3462,0.4641,0.3366,0.4284,0.3202,0.327,0.3188,0.3174,0.386,0.3627,0.2955,0.3325,0.2832,0.3489,0.338,0.3668,0.4654,0.386,0.5208,2.1507,0.5052,0.4764,0.3955,0.4696,0.3681,0.4353,0.3462,0.475
3/8/2022,23.887,0.4495,0.4876,0.3923,0.7434,0.5654,0.6623,0.7815,0.648,0.4272,0.4161,0.656,0.3637,0.4193,0.4781,0.4399,0.5051,0.5066,0.548,0.5289,0.3986,0.432,0.5209,0.5384,0.3811,0.3144,0.4971,0.3382,0.3525,0.6893,0.4383,0.3287,0.2906,0.3176,0.3128,0.3621,0.405,0.4431,0.4971,0.4571,1.7938,0.4113,0.5781,0.5305,0.4892,0.3796,0.4066,0.4638,0.5003
3/7/2022,28.4676,0.4942,0.5187,0.4778,0.8585,0.7295,0.838,1.0427,1.0038,0.879,0.6149,0.6415,0.531,0.4246,0.4716,0.443,0.4389,0.5535,0.4675,0.6026,0.4982,0.5494,0.4675,0.533,0.4471,0.445,0.4246,0.3734,0.4368,0.7889,0.4982,0.3488,0.3447,0.3447,0.4716,0.4225,0.5146,0.4164,0.6559,0.5802,2.4836,0.5822,0.6006,0.6006,0.5371,0.5208,0.533,0.5146,0.5023
3/6/2022,27.5951,0.6663,0.5978,0.539,0.7467,1.1386,0.6428,0.923,0.8074,0.5958,0.7153,0.4528,0.4194,0.4332,0.4547,0.537,0.5017,0.5311,0.4038,0.635,0.5547,0.5527,0.3881,0.4586,0.4253,0.3489,0.4939,0.5743,0.4214,0.4469,0.5037,0.296,0.3391,0.3273,0.4763,0.4312,0.4214,0.5938,0.488,0.594,2.5611,0.5174,0.5076,0.5155,0.5213,0.5527,0.5566,0.4939,0.492
3/5/2022,22.796,0.3827,0.4833,0.4286,0.7718,0.6046,0.4626,0.649,0.5854,0.578,0.4019,0.4907,0.4108,0.4197,0.4552,0.5055,0.4315,0.4537,0.504,0.4951,0.3857,0.4256,0.3709,0.4611,0.4197,0.3072,0.4493,0.6253,0.3575,0.3945,0.3842,0.2954,0.2984,0.3487,0.3205,0.3013,0.359,0.3812,0.3368,0.514,2.1128,0.4907,0.4034,0.3146,0.4907,0.393,0.4537,0.4389,0.4478
3/4/2022,23.269,0.582,0.4965,0.4415,0.669,0.7667,0.7072,0.5469,0.6324,0.4995,0.5957,0.5041,0.4995,0.4064,0.4537,0.4201,0.4843,0.5011,0.4659,0.4293,0.3865,0.5026,0.3713,0.4217,0.356,0.382,0.4614,0.6186,0.3438,0.5774,0.382,0.2644,0.3957,0.3163,0.4018,0.3209,0.4155,0.4354,0.3926,0.4254,1.6165,0.3514,0.4079,0.4461,0.3774,0.4125,0.4965,0.5163,0.3713
3/3/2022,23.0145,0.4609,0.3724,0.5555,0.6066,0.497,0.6036,0.6967,0.4745,0.6922,0.6081,0.6336,0.3619,0.4084,0.3724,0.3859,0.5195,0.3664,0.4865,0.464,0.464,0.4534,0.4504,0.4579,0.4099,0.3078,0.4204,0.5075,0.3829,0.6231,0.4489,0.2823,0.2988,0.3318,0.3694,0.3378,0.4024,0.4459,0.4549,0.4347,1.6688,0.485,0.4324,0.4129,0.3558,0.3874,0.4955,0.4624,0.464
3/2/2022,22.1054,0.3388,0.5475,0.4897,0.5927,0.8677,0.5503,0.7506,0.4601,0.6731,0.3444,0.6984,0.5306,0.3684,0.3627,0.343,0.4149,0.5038,0.3388,0.4375,0.4586,0.3881,0.4248,0.446,0.3063,0.3317,0.3684,0.4544,0.3472,0.6025,0.3684,0.3726,0.3063,0.3176,0.3641,0.374,0.4107,0.4445,0.4093,0.376,1.3397,0.3994,0.5362,0.3331,0.4206,0.3909,0.4177,0.4347,0.3486
3/1/2022,21.9602,0.3412,0.5226,0.3286,0.5213,0.7516,0.5771,0.471,0.7307,0.323,0.6246,0.6204,0.4682,0.4389,0.4542,0.3356,0.4626,0.4975,0.4235,0.4277,0.5087,0.3314,0.4989,0.3523,0.3607,0.4012,0.3691,0.4082,0.3063,0.4138,0.4431,0.3105,0.3202,0.3719,0.2714,0.3495,0.4096,0.397,0.3747,0.4658,1.8429,0.3984,0.5003,0.39,0.3328,0.4556,0.3328,0.3509,0.3719
2/28/2022,27.0498,0.4696,0.6848,0.4048,0.7858,1.0925,0.6277,0.8239,0.7629,0.4886,0.4886,0.6944,0.5534,0.54,0.3743,0.4067,0.4943,0.5572,0.5839,0.5724,0.6048,0.46,0.4829,0.5877,0.4486,0.4277,0.4905,0.7305,0.4296,0.7629,0.4962,0.4372,0.4296,0.3019,0.4448,0.3591,0.5,0.6124,0.582,0.3585,1.2416,0.6696,0.6372,0.6067,0.4315,0.54,0.4238,0.6067,0.54
2/27/2022,20.0329,0.3508,0.4928,0.4446,0.4386,0.5614,0.6059,0.5409,0.6588,0.3989,0.5577,0.5361,0.3676,0.3411,0.423,0.3869,0.3291,0.3929,0.3797,0.3496,0.352,0.4338,0.3183,0.4037,0.3893,0.4061,0.3123,0.299,0.3002,0.3291,0.3905,0.3303,0.2882,0.2689,0.2786,0.352,0.3363,0.3869,0.3833,0.3955,1.4491,0.3592,0.3736,0.3351,0.3243,0.4518,0.4819,0.3351,0.4121
2/26/2022,20.9787,0.4457,0.5132,0.3613,0.5833,0.8039,0.5067,0.3899,0.5223,0.6209,0.6105,0.5612,0.3354,0.3302,0.3367,0.4548,0.3769,0.4029,0.3484,0.3899,0.4717,0.3458,0.2952,0.4522,0.5145,0.3354,0.399,0.5236,0.3198,0.3445,0.4016,0.3302,0.3172,0.3276,0.3146,0.2822,0.3626,0.3146,0.3133,0.4163,1.5653,0.4301,0.29,0.4691,0.4496,0.4197,0.3523,0.3471,0.3795
2/25/2022,18.6149,0.396,0.4214,0.3875,0.5775,0.6794,0.4979,0.5552,0.4437,0.3004,0.4257,0.3938,0.4533,0.3153,0.3439,0.3906,0.3227,0.3906,0.3259,0.3832,0.3811,0.4002,0.3163,0.4331,0.4246,0.3588,0.3418,0.3896,0.3153,0.3928,0.38,0.2813,0.2601,0.2452,0.3163,0.2728,0.3471,0.3906,0.3057,0.306,0.9476,0.3949,0.3047,0.3132,0.4044,0.4225,0.3365,0.2951,0.3333
2/24/2022,20.1783,0.3335,0.3286,0.314,0.5223,0.5271,0.6185,0.4163,0.5259,0.42,0.5454,0.5978,0.4407,0.4163,0.4041,0.3591,0.3201,0.4175,0.3116,0.3822,0.4626,0.3092,0.3908,0.4699,0.42,0.2751,0.3627,0.2897,0.3189,0.532,0.4041,0.2617,0.3554,0.2677,0.2617,0.3554,0.3408,0.4249,0.4297,0.4114,1.538,0.4358,0.3274,0.353,0.3262,0.4249,0.4078,0.4273,0.3932
2/23/2022,23.5235,0.5703,0.4927,0.5811,0.5144,0.5004,0.6339,0.814,0.637,0.5377,0.4632,0.6246,0.488,0.4383,0.4523,0.4802,0.3747,0.4507,0.4632,0.4989,0.443,0.4523,0.4678,0.3933,0.4399,0.4337,0.502,0.4927,0.3281,0.4709,0.4476,0.37,0.2924,0.3033,0.3002,0.3421,0.3824,0.3669,0.5128,0.3987,1.4668,0.3576,0.4911,0.5346,0.3995,0.5548,0.5842,0.5222,0.457
2/22/2022,18.7964,0.4128,0.4053,0.3513,0.4042,0.5316,0.4474,0.4366,0.5089,0.4366,0.4485,0.5089,0.3092,0.3178,0.3275,0.4085,0.3005,0.3448,0.3707,0.4161,0.3491,0.4107,0.3351,0.4679,0.4485,0.3545,0.3772,0.5035,0.2919,0.361,0.3761,0.2854,0.307,0.2768,0.3189,0.2746,0.3383,0.3632,0.2844,0.3419,1.1488,0.4452,0.2854,0.3912,0.3642,0.3653,0.3319,0.4236,0.2876
2/21/2022,19.1603,0.4412,0.3307,0.4568,0.5807,0.4792,0.4401,0.5874,0.487,0.5394,0.4691,0.5026,0.4803,0.3106,0.3017,0.2984,0.3821,0.314,0.324,0.4379,0.362,0.4066,0.4178,0.4033,0.2783,0.3062,0.4033,0.362,0.2827,0.4434,0.3352,0.2827,0.343,0.2515,0.3318,0.2727,0.3184,0.3809,0.3542,0.3725,1.3201,0.3039,0.3352,0.2928,0.3977,0.3285,0.3296,0.3999,0.3809
2/20/2022,23.9594,0.5497,0.5928,0.3725,0.5465,0.6407,0.6742,0.7269,0.604,0.5545,0.5018,0.7508,0.4922,0.3901,0.4444,0.4954,0.3805,0.5321,0.4428,0.5513,0.4843,0.3614,0.5226,0.4683,0.3821,0.3454,0.4108,0.6614,0.3326,0.3725,0.4795,0.2688,0.3837,0.3965,0.3103,0.3263,0.3789,0.4938,0.4667,0.4146,1.5561,0.5433,0.4332,0.4045,0.5513,0.4603,0.4396,0.5337,0.5337
2/19/2022,28.141,0.6138,0.6239,0.3902,0.793,0.6541,0.8494,0.5091,0.5796,0.3862,0.495,0.6561,0.646,0.5272,0.5574,0.5453,0.5856,0.4648,0.5171,0.5312,0.497,0.5977,0.3842,0.503,0.4386,0.497,0.4043,0.3842,0.3681,0.7789,0.4386,0.3983,0.503,0.3499,0.3741,0.4547,0.4809,0.5916,0.4386,0.7398,3.378,0.6702,0.3761,0.4366,0.5493,0.5554,0.6359,0.5655,0.4265
2/18/2022,14.2888,0.3333,0.2843,0.2981,0.3119,0.3528,0.3233,0.3063,0.2861,0.3188,0.2692,0.3409,0.2365,0.2799,0.2365,0.2824,0.2767,0.2623,0.2623,0.2956,0.2868,0.2843,0.2704,0.2717,0.2346,0.2648,0.2692,0.3258,0.2446,0.3207,0.288,0.2453,0.2352,0.266,0.2377,0.2176,0.2478,0.2478,0.295,0.3373,1.1229,0.2711,0.2377,0.2679,0.295,0.2767,0.2943,0.3138,0.2616
2/17/2022,14.5066,0.2935,0.3345,0.317,0.3345,0.3554,0.3651,0.3332,0.4347,0.3248,0.3404,0.3859,0.246,0.2734,0.2545,0.2929,0.2493,0.2675,0.2981,0.3001,0.304,0.2948,0.2981,0.33,0.2916,0.2252,0.2669,0.2656,0.2571,0.343,0.2988,0.2109,0.2161,0.2597,0.2343,0.2434,0.2532,0.2591,0.3228,0.2601,0.6901,0.328,0.3482,0.2838,0.2363,0.2734,0.3404,0.2721,0.2988
2/16/2022,20.2512,0.3419,0.4154,0.4938,0.6616,0.5893,0.4558,0.4276,0.6543,0.3896,0.5269,0.5722,0.3259,0.3553,0.3578,0.4276,0.359,0.4141,0.408,0.4166,0.4227,0.4264,0.4546,0.4705,0.3823,0.37,0.4252,0.3517,0.3321,0.544,0.3847,0.2622,0.3639,0.3345,0.2953,0.3529,0.3639,0.3345,0.4301,0.2971,0.8975,0.4582,0.3811,0.4362,0.2806,0.3651,0.446,0.4411,0.3541
2/15/2022,26.8681,0.4761,0.4478,0.6252,0.944,0.761,0.6252,0.7082,0.8893,0.8138,0.4648,0.6421,0.4233,0.4384,0.4818,0.4082,0.6214,0.412,0.4138,0.5818,0.4874,0.544,0.4855,0.4855,0.4987,0.4629,0.512,0.7252,0.4138,0.644,0.4591,0.3214,0.4365,0.4497,0.3421,0.4723,0.5006,0.495,0.6233,0.4356,1.6733,0.5667,0.4723,0.5874,0.6176,0.4025,0.4176,0.6195,0.5384
2/14/2022,35.0123,0.7393,0.7663,0.7447,1.0311,1.2688,0.9743,0.8771,0.6745,0.8717,0.5178,0.6178,0.5097,0.6529,0.5232,0.715,0.7447,0.7339,0.5664,0.7501,0.6097,0.5394,0.8069,0.8582,0.6286,0.6178,0.7582,0.8015,0.5394,0.869,0.5583,0.5935,0.5962,0.5746,0.4341,0.4773,0.5286,0.8366,0.4773,0.6923,3.1121,0.5719,0.7934,0.4314,0.5989,0.6475,0.5367,0.7231,0.5205
2/13/2022,25.9597,0.4361,0.6588,0.6426,0.6049,0.7324,0.7755,0.4845,0.8779,0.4828,0.533,0.463,0.5223,0.4109,0.366,0.4468,0.3912,0.4343,0.5959,0.454,0.5151,0.4199,0.4289,0.5025,0.3409,0.4648,0.5546,0.4486,0.4073,0.481,0.5151,0.3391,0.3463,0.4253,0.4091,0.3355,0.4522,0.6085,0.3642,0.6119,2.6614,0.366,0.5151,0.4432,0.5869,0.5259,0.454,0.5492,0.5743
2/12/2022,22.1417,0.5542,0.523,0.3533,0.6461,0.8243,0.6333,0.5725,0.6814,0.4339,0.4919,0.5796,0.4962,0.3731,0.3548,0.4014,0.4042,0.4467,0.376,0.4665,0.3986,0.3788,0.3703,0.4071,0.3873,0.4184,0.3477,0.383,0.3689,0.6404,0.4594,0.342,0.2727,0.3123,0.2812,0.3774,0.4156,0.5174,0.4509,0.3693,1.3019,0.4042,0.557,0.417,0.3972,0.4042,0.3321,0.3604,0.4566
2/11/2022,24.6144,0.494,0.4724,0.4225,0.7797,0.9907,0.7432,0.6219,0.6983,0.592,0.4707,0.5604,0.4641,0.3627,0.3943,0.4657,0.5604,0.5687,0.4458,0.5671,0.4292,0.4408,0.5322,0.3611,0.5372,0.4906,0.5156,0.4524,0.3361,0.6103,0.4225,0.3843,0.3361,0.3777,0.3644,0.3959,0.4342,0.3478,0.4242,0.4291,1.6371,0.5106,0.5438,0.3627,0.4591,0.4524,0.3993,0.4807,0.4724
2/10/2022,20.6145,0.3571,0.4127,0.342,0.4921,0.6158,0.6864,0.5401,0.4795,0.4492,0.6019,0.3975,0.5174,0.4215,0.4026,0.4354,0.4404,0.4644,0.3609,0.3546,0.3761,0.3672,0.3244,0.4883,0.3357,0.2852,0.3445,0.3471,0.3168,0.3773,0.3344,0.3004,0.3092,0.2903,0.3344,0.3647,0.3508,0.4265,0.318,0.4551,1.783,0.3218,0.3395,0.3672,0.4631,0.3408,0.3483,0.4505,0.3824
2/9/2022,22.4331,0.526,0.4712,0.3471,0.5881,0.6603,0.6213,0.7526,0.5491,0.6473,0.3514,0.6559,0.5001,0.4611,0.3312,0.5015,0.5015,0.4654,0.3918,0.3904,0.4005,0.4005,0.4394,0.5217,0.3731,0.3702,0.3889,0.477,0.35,0.6603,0.3745,0.3601,0.3471,0.2937,0.3904,0.3456,0.3716,0.4265,0.4236,0.3184,1.0166,0.5477,0.3413,0.5073,0.4539,0.4207,0.3976,0.5116,0.49
2/8/2022,21.6687,0.4291,0.3826,0.3758,0.4824,0.4701,0.6082,0.6095,0.5098,0.5111,0.5576,0.3785,0.4824,0.3539,0.4236,0.3608,0.4195,0.4551,0.4195,0.3731,0.4852,0.3635,0.4414,0.4291,0.44,0.287,0.3949,0.4168,0.3198,0.4469,0.4496,0.2965,0.3444,0.3157,0.2801,0.384,0.3854,0.4961,0.477,0.4666,1.8474,0.4496,0.5316,0.3949,0.3949,0.4127,0.3662,0.4277,0.3211
2/7/2022,27.486,0.5817,0.6928,0.4005,0.5934,0.837,0.7064,0.9169,0.7006,0.7668,0.648,0.7766,0.4336,0.4765,0.4356,0.4882,0.4414,0.4901,0.6285,0.4765,0.4823,0.5038,0.5272,0.5661,0.4765,0.535,0.4921,0.5505,0.3654,0.7629,0.5096,0.383,0.4141,0.3498,0.457,0.3537,0.5116,0.5681,0.4804,0.4509,1.759,0.6714,0.6811,0.4141,0.572,0.5057,0.6811,0.4531,0.5174
2/6/2022,31.3037,0.684,0.5186,0.7073,1.0732,0.8448,0.6094,0.5722,1.1081,0.4719,0.6327,0.4836,0.8238,0.4347,0.5815,0.6444,0.5372,0.663,0.7003,0.6444,0.6211,0.5791,0.5349,0.5605,0.4603,0.4253,0.5652,0.8565,0.4114,0.6794,0.5628,0.5116,0.4183,0.3508,0.5325,0.3601,0.4929,0.4603,0.4766,0.7366,3.3603,0.5908,0.4183,0.4719,0.6537,0.663,0.5885,0.5442,0.6817
2/5/2022,30.6133,0.4833,0.4765,0.5466,0.7139,1.2182,0.8111,0.6302,1.1119,0.9717,0.8858,0.6483,0.68,0.6167,0.5737,0.6664,0.533,0.4787,0.5692,0.542,0.5466,0.6664,0.6596,0.6981,0.6642,0.5194,0.5104,0.5013,0.4652,0.4923,0.4652,0.3928,0.4086,0.5262,0.4516,0.5172,0.5488,0.5217,0.5262,0.5177,2.1335,0.7252,0.7184,0.6913,0.3996,0.5488,0.5511,0.6235,0.4652
2/4/2022,20.2511,0.3847,0.4362,0.3161,0.5416,0.4607,0.4068,0.4472,0.5906,0.6089,0.5587,0.3541,0.3357,0.3259,0.4239,0.4068,0.4178,0.4007,0.4644,0.3443,0.408,0.359,0.3811,0.4864,0.484,0.4031,0.3566,0.5599,0.299,0.4619,0.3357,0.2916,0.3419,0.3284,0.3615,0.3333,0.3602,0.3933,0.3909,0.3873,1.4027,0.3762,0.4178,0.3896,0.3014,0.3394,0.3149,0.3664,0.3945
2/3/2022,28.4678,0.664,0.4635,0.4553,0.6722,1.014,0.6599,0.7398,0.7909,0.4287,0.6129,0.8462,0.402,0.5556,0.4225,0.6251,0.5719,0.4471,0.6354,0.617,0.4716,0.5965,0.4553,0.7418,0.5719,0.4328,0.4061,0.4737,0.4123,0.7254,0.5883,0.3488,0.3734,0.3775,0.3263,0.3386,0.5146,0.3959,0.6579,0.636,2.7962,0.5883,0.3795,0.5494,0.4757,0.4389,0.6518,0.531,0.5883
2/2/2022,24.9773,0.4417,0.5894,0.3568,0.8169,0.8237,0.8712,0.6064,0.5792,0.4196,0.4892,0.6709,0.4247,0.3721,0.5011,0.3738,0.4128,0.3738,0.3687,0.4264,0.5266,0.3925,0.333,0.6064,0.4672,0.3619,0.4451,0.6132,0.3653,0.5521,0.5028,0.294,0.4111,0.3076,0.3449,0.3755,0.4349,0.5249,0.5317,0.5953,2.5682,0.4875,0.4077,0.3993,0.4145,0.4044,0.4077,0.5487,0.4349
2/1/2022,28.3957,0.6664,0.6929,0.6521,0.7133,0.8275,0.6276,0.907,0.6664,0.6623,0.6052,0.856,0.6154,0.4338,0.4298,0.5848,0.442,0.5807,0.5787,0.6439,0.6296,0.3971,0.4033,0.597,0.4787,0.5766,0.544,0.3951,0.4053,0.4604,0.495,0.4033,0.338,0.4216,0.4155,0.4094,0.4522,0.3931,0.5134,0.6908,3.1036,0.4461,0.4236,0.3992,0.4277,0.5419,0.5909,0.4277,0.4298
1/31/2022,3.9266,0.084,0.0876,0.0697,0.0347,-0.0399,0.0506,0.0371,0.0754,0.0192,0.0999,0.0885,0.0836,0.0868,0.1129,0.1186,0.0909,0.0709,0.0754,0.1003,0.0693,0.0978,0.0705,0.1003,0.0868,0.099,0.0901,0.0514,0.1129,0.0669,0.0836,0.1267,0.1096,0.1292,0.1206,0.128,0.1133,0.0901,0.073,0.1058,-0.1741,0.0779,0.097,0.1162,0.1064,0.0868,0.1215,0.1072,0.1166
1/30/2022,28.468,0.5105,0.4962,0.4839,0.7275,0.8851,0.9383,1.0263,0.836,0.4839,0.6415,0.5208,0.6845,0.4368,0.5597,0.6313,0.5023,0.4328,0.533,0.4512,0.5392,0.5597,0.4061,0.4491,0.6108,0.4798,0.4921,0.4307,0.4205,0.7561,0.4921,0.4819,0.4573,0.4082,0.398,0.4901,0.5044,0.4962,0.5924,0.6003,2.5965,0.488,0.4614,0.3754,0.5064,0.5822,0.5904,0.5085,0.5126
1/29/2022,27.0503,0.4543,0.582,0.6334,0.5934,1.0239,0.5896,0.5039,0.8029,0.6467,0.7134,0.5553,0.38,0.4658,0.4429,0.542,0.4372,0.5286,0.6353,0.5667,0.5324,0.5839,0.3934,0.5172,0.4429,0.3515,0.5381,0.42,0.3934,0.8087,0.4391,0.4715,0.4524,0.3324,0.3153,0.3724,0.4315,0.5629,0.4581,0.6006,2.5979,0.4886,0.5781,0.5629,0.5343,0.441,0.5439,0.4105,0.3781
1/28/2022,29.5588,0.5073,0.6474,0.4599,0.6905,1.1584,0.7897,0.7725,1.0506,0.8781,0.462,0.4857,0.6733,0.5181,0.5159,0.641,0.6798,0.6625,0.5828,0.5935,0.5289,0.5935,0.6,0.6496,0.6496,0.5633,0.5181,0.6905,0.4254,0.8565,0.6129,0.4965,0.3758,0.4103,0.3585,0.5159,0.503,0.5871,0.6539,0.4063,1.5094,0.4857,0.6065,0.6647,0.4103,0.4362,0.5914,0.6733,0.4167
1/27/2022,27.5588,0.4777,0.5402,0.4503,0.7828,1.0116,0.9784,0.5246,0.6146,0.5578,0.6243,0.8258,0.4483,0.4248,0.4659,0.4033,0.6243,0.6165,0.4913,0.4933,0.6302,0.5148,0.5774,0.6772,0.4229,0.4444,0.4053,0.5168,0.3955,0.8375,0.5246,0.4659,0.3603,0.3212,0.3583,0.4268,0.4229,0.4405,0.6146,0.4854,1.9525,0.6087,0.6263,0.3916,0.4268,0.6283,0.5715,0.5774,0.5774
1/26/2022,27.6683,0.4873,0.5699,0.4833,0.7744,0.975,0.8177,0.6151,0.5777,0.6033,0.5482,0.4499,0.3968,0.5305,0.4538,0.4401,0.5659,0.4971,0.6525,0.564,0.4715,0.5305,0.5325,0.4715,0.444,0.5069,0.3673,0.3673,0.383,0.7469,0.4873,0.4617,0.4401,0.4735,0.4027,0.4617,0.4302,0.6308,0.4479,0.6248,2.7335,0.5758,0.4538,0.621,0.5994,0.5581,0.4617,0.4086,0.5718
1/25/2022,28.468,0.4368,0.6497,0.4328,0.617,0.6702,0.9608,0.9588,0.9506,0.7848,0.6374,0.5576,0.7418,0.5126,0.5105,0.6026,0.4123,0.6211,0.6292,0.5678,0.4512,0.6067,0.3611,0.533,0.4287,0.4512,0.5208,0.6804,0.3734,0.5064,0.4491,0.4041,0.4287,0.4716,0.4328,0.4532,0.4921,0.5658,0.5637,0.516,2.1241,0.4532,0.7541,0.5187,0.4,0.4471,0.617,0.6129,0.5965
1/24/2022,34.6126,0.7255,0.8719,0.5153,0.9411,0.7575,0.7814,0.965,1.0981,0.6404,0.8958,0.7734,0.7255,0.6803,0.7016,0.7708,0.7681,0.5339,0.5605,0.5446,0.7575,0.7175,0.4488,0.6909,0.7042,0.5685,0.7282,0.6989,0.486,0.5659,0.7335,0.4408,0.4009,0.4488,0.3902,0.494,0.5685,0.7654,0.6484,0.7559,3.4682,0.51,0.4195,0.808,0.6643,0.5153,0.8613,0.5579,0.5446
1/23/2022,31.0493,0.6876,0.7706,0.7821,0.8167,0.8789,0.6484,1.0287,0.8466,0.7959,0.9365,0.9826,0.7383,0.6115,0.5009,0.6945,0.6668,0.4686,0.5308,0.6346,0.6207,0.6738,0.653,0.6369,0.6184,0.3695,0.5055,0.6899,0.4755,0.8466,0.6323,0.4225,0.381,0.4917,0.3649,0.4179,0.4594,0.4755,0.6092,0.4229,1.6023,0.4755,0.623,0.5124,0.5839,0.6945,0.5562,0.7037,0.5101
1/22/2022,26.7228,0.4513,0.4625,0.4906,0.689,1.041,0.7358,0.8669,0.7284,0.4456,0.6067,0.7284,0.6478,0.4962,0.4456,0.4119,0.5056,0.5393,0.4587,0.4456,0.4494,0.5598,0.5617,0.6516,0.4307,0.3389,0.3876,0.7883,0.3913,0.7508,0.558,0.3183,0.4157,0.44,0.3801,0.397,0.4718,0.4756,0.3651,0.484,1.9445,0.6291,0.3764,0.4587,0.5299,0.4625,0.44,0.5336,0.5355
1/21/2022,27.2316,0.6494,0.6167,0.6302,0.8244,1.0225,0.5975,0.6744,0.7282,0.4551,0.5955,0.6398,0.409,0.5475,0.4167,0.4051,0.5455,0.4359,0.5667,0.4628,0.4898,0.5705,0.4109,0.6455,0.6763,0.384,0.5821,0.4532,0.4071,0.7186,0.4628,0.4705,0.3109,0.3244,0.4532,0.3551,0.4205,0.4109,0.5532,0.5328,2.218,0.4994,0.6782,0.6186,0.4128,0.4936,0.6282,0.4225,0.4051
1/20/2022,22.1785,0.4786,0.4077,0.4672,0.6374,0.7437,0.7154,0.731,0.4573,0.351,0.6246,0.5722,0.3439,0.4318,0.4644,0.4431,0.4843,0.4275,0.4701,0.5098,0.463,0.3822,0.4148,0.5296,0.4885,0.4516,0.4758,0.5764,0.3396,0.5509,0.4573,0.2617,0.2929,0.3637,0.2943,0.3354,0.3581,0.4134,0.4531,0.2966,0.8945,0.5183,0.3297,0.4687,0.3652,0.4304,0.4134,0.446,0.3524
1/19/2022,28.3592,0.5576,0.6268,0.6512,1.0095,0.6817,0.7713,0.9668,0.9037,0.8752,0.639,0.7306,0.4517,0.58,0.5616,0.4843,0.4395,0.582,0.4374,0.5515,0.6532,0.4537,0.4273,0.5962,0.5209,0.4334,0.4252,0.751,0.4171,0.6451,0.4435,0.3112,0.354,0.3133,0.4619,0.4252,0.4619,0.6268,0.5087,0.4731,1.8839,0.5148,0.4232,0.6125,0.4517,0.5515,0.6716,0.4171,0.6288
1/18/2022,33.1947,0.6958,0.6655,0.6328,1.0485,1.2828,0.8343,0.925,1.0485,0.5269,0.9427,0.6151,0.595,0.5597,0.4564,0.6403,0.7109,0.658,0.6832,0.6428,0.6706,0.4665,0.5446,0.4589,0.7209,0.6252,0.6958,0.5572,0.4438,0.8696,0.6277,0.5597,0.4463,0.4161,0.4715,0.5748,0.4942,0.4892,0.6428,0.5543,2.3388,0.5723,0.7915,0.7386,0.4362,0.726,0.8293,0.7008,0.5673
1/17/2022,27.6318,0.4926,0.5259,0.5514,0.8381,1.1129,0.5789,0.5966,0.5416,0.6928,0.5927,0.9127,0.4435,0.5004,0.5848,0.5829,0.5436,0.416,0.4081,0.628,0.4867,0.416,0.6084,0.5416,0.3885,0.3473,0.5475,0.7026,0.4258,0.5907,0.4297,0.3885,0.4121,0.3414,0.4788,0.3767,0.4651,0.5299,0.5613,0.5074,2.0758,0.5357,0.4297,0.5141,0.5652,0.6064,0.6634,0.5554,0.5966
1/16/2022,28.5773,0.6749,0.5659,0.5021,1.0083,0.8601,0.9795,0.7058,0.7902,0.6255,0.714,0.4527,0.6687,0.5556,0.5391,0.4547,0.4486,0.605,0.605,0.5453,0.465,0.5288,0.4506,0.7428,0.4012,0.4527,0.5453,0.6255,0.4342,0.7593,0.5062,0.4465,0.4424,0.4918,0.3704,0.391,0.5165,0.6091,0.607,0.3596,1.2475,0.7099,0.6543,0.4589,0.6358,0.6297,0.6996,0.4753,0.6194
1/15/2022,25.9957,0.4312,0.4744,0.595,0.6633,0.9567,0.8523,0.7569,0.5302,0.5626,0.5572,0.7875,0.4978,0.4888,0.55,0.487,0.577,0.3844,0.4636,0.4186,0.4348,0.4618,0.3988,0.6723,0.5266,0.4006,0.3952,0.5788,0.4042,0.7299,0.4852,0.2854,0.3106,0.406,0.451,0.388,0.433,0.514,0.532,0.4607,1.8143,0.5428,0.5806,0.343,0.577,0.5104,0.4582,0.4222,0.4438
1/14/2022,24.3597,0.3973,0.4513,0.61,0.556,0.9176,0.5086,0.8554,0.8374,0.6575,0.4939,0.5937,0.4906,0.417,0.4971,0.5478,0.3973,0.3859,0.3973,0.4922,0.5102,0.471,0.4153,0.5151,0.4775,0.4006,0.3744,0.6329,0.3875,0.5757,0.399,0.2992,0.2861,0.417,0.3581,0.3613,0.4268,0.5119,0.3728,0.4176,1.5729,0.4971,0.489,0.5348,0.3254,0.3712,0.5642,0.5413,0.3499
1/13/2022,23.8871,0.3843,0.3875,0.4018,0.7243,0.9467,0.7418,0.5305,0.8053,0.4018,0.4844,0.5527,0.351,0.4765,0.424,0.4081,0.3748,0.548,0.3764,0.4463,0.548,0.3859,0.4717,0.5321,0.4876,0.378,0.4463,0.5543,0.3732,0.5178,0.4606,0.3764,0.405,0.3112,0.3494,0.3414,0.3859,0.3811,0.5082,0.4097,1.5282,0.5924,0.602,0.5225,0.405,0.4622,0.4415,0.4923,0.451
1/12/2022,24.9048,0.5048,0.5098,0.3543,0.6113,0.7752,0.542,0.6552,0.5436,0.7296,0.618,0.5453,0.4625,0.4726,0.3966,0.5217,0.449,0.5318,0.449,0.5386,0.4591,0.3628,0.3645,0.4591,0.5741,0.4963,0.3881,0.3408,0.3475,0.4591,0.4659,0.4405,0.4439,0.3729,0.2951,0.405,0.4101,0.5149,0.3966,0.5847,2.5092,0.6146,0.4439,0.3932,0.5369,0.4,0.3678,0.3797,0.4676
1/11/2022,20.1421,0.3452,0.4884,0.4654,0.5552,0.7471,0.5637,0.5674,0.4811,0.3099,0.4957,0.6099,0.3367,0.4071,0.4277,0.3597,0.3549,0.3585,0.4107,0.4107,0.3488,0.3561,0.4617,0.3318,0.4921,0.3937,0.3585,0.4447,0.3148,0.4314,0.4168,0.2796,0.3682,0.3027,0.3464,0.2929,0.3585,0.3743,0.3779,0.3048,0.9404,0.4617,0.4423,0.3172,0.3719,0.384,0.4836,0.3391,0.3512
1/10/2022,16.3247,0.304,0.2907,0.2657,0.4522,0.488,0.473,0.3232,0.3531,0.3731,0.4464,0.4597,0.304,0.2907,0.2616,0.3473,0.3057,0.3573,0.3015,0.3273,0.3049,0.3473,0.2965,0.3615,0.3007,0.279,0.2566,0.2549,0.2815,0.359,0.2849,0.2241,0.2832,0.2258,0.2924,0.2691,0.2832,0.3756,0.3082,0.3511,1.2001,0.3032,0.3515,0.2582,0.3223,0.3074,0.3715,0.2899,0.2566
1/9/2022,16.5429,0.3503,0.3674,0.2931,0.4452,0.487,0.4571,0.4537,0.464,0.4136,0.4443,0.4332,0.323,0.27,0.2965,0.3239,0.3546,0.37,0.2846,0.3401,0.3606,0.329,0.2632,0.3538,0.3307,0.3358,0.2957,0.2606,0.2863,0.2786,0.3127,0.2717,0.2495,0.2794,0.2897,0.2735,0.3051,0.2922,0.3606,0.2817,0.8111,0.2777,0.282,0.2623,0.3435,0.288,0.3965,0.3392,0.3606
1/8/2022,18.7971,0.3427,0.3675,0.361,0.564,0.5564,0.3848,0.55,0.5629,0.3729,0.3135,0.3664,0.388,0.3826,0.3124,0.4085,0.3427,0.4064,0.334,0.3826,0.3664,0.3362,0.2908,0.4647,0.415,0.3319,0.388,0.4096,0.293,0.3826,0.3427,0.3362,0.2444,0.3038,0.3362,0.3005,0.307,0.3092,0.3988,0.3576,1.2368,0.4323,0.2919,0.4312,0.3027,0.3243,0.3945,0.3718,0.3977
1/7/2022,26.1044,0.6265,0.5233,0.5378,0.603,1.023,0.7243,0.8347,0.5143,0.8148,0.6374,0.5469,0.6736,0.3749,0.3966,0.4219,0.4165,0.536,0.4744,0.5034,0.4962,0.5758,0.5197,0.3894,0.4455,0.4744,0.5378,0.5795,0.4056,0.7659,0.4582,0.3604,0.44,0.4274,0.3151,0.3839,0.4654,0.4165,0.4201,0.4107,1.534,0.5396,0.5939,0.3676,0.5342,0.5161,0.4817,0.5957,0.4708
1/6/2022,21.4872,0.4445,0.3811,0.4742,0.6185,0.6131,0.4256,0.485,0.6441,0.5052,0.4998,0.4,0.4809,0.396,0.3204,0.4647,0.4728,0.4566,0.489,0.4553,0.427,0.458,0.4917,0.3649,0.4782,0.2867,0.4283,0.3622,0.3015,0.4931,0.3555,0.2665,0.373,0.3609,0.3326,0.338,0.4054,0.3447,0.396,0.4154,1.5606,0.3811,0.3622,0.4647,0.4459,0.4067,0.3326,0.431,0.396
1/5/2022,20.9419,0.4617,0.3569,0.309,0.4773,0.5083,0.5834,0.5769,0.4566,0.6145,0.3996,0.3867,0.4255,0.4164,0.331,0.3621,0.4216,0.3414,0.3686,0.3789,0.4087,0.3155,0.4553,0.4022,0.3336,0.2987,0.3453,0.3983,0.309,0.4436,0.4281,0.3634,0.3259,0.3595,0.3466,0.3582,0.3621,0.3854,0.309,0.5297,2.2005,0.5109,0.3155,0.3064,0.3349,0.3297,0.5226,0.4488,0.3181
1/4/2022,15.0157,0.3189,0.3456,0.2958,0.448,0.5006,0.3645,0.328,0.3182,0.3631,0.3877,0.321,0.3484,0.2565,0.2712,0.2544,0.2733,0.3273,0.2754,0.2986,0.3378,0.3203,0.3224,0.3498,0.3308,0.2831,0.2452,0.3589,0.2368,0.3014,0.2691,0.2298,0.2558,0.2754,0.227,0.2712,0.2733,0.2901,0.3021,0.2485,0.6251,0.2831,0.2733,0.3056,0.2887,0.314,0.2705,0.3056,0.3245
1/3/2022,16.1789,0.2894,0.3442,0.3891,0.4848,0.4243,0.4513,0.3613,0.3417,0.2575,0.2951,0.475,0.3523,0.2975,0.3343,0.2779,0.327,0.3041,0.3016,0.3605,0.3286,0.327,0.3237,0.3891,0.3711,0.2656,0.2714,0.4186,0.255,0.3564,0.3352,0.2877,0.2665,0.2591,0.2476,0.2804,0.273,0.3433,0.291,0.264,0.7122,0.3523,0.4063,0.3237,0.2525,0.3237,0.3883,0.3335,0.2632
1/2/2022,18.2516,0.3327,0.3051,0.4096,0.5009,0.4968,0.4732,0.4875,0.4086,0.3748,0.3953,0.3389,0.4168,0.3122,0.3727,0.3901,0.3953,0.3676,0.3819,0.3717,0.4004,0.3686,0.2969,0.2948,0.3932,0.3051,0.2764,0.4004,0.2876,0.3809,0.3666,0.2815,0.3092,0.2548,0.3204,0.3174,0.3071,0.4137,0.2969,0.3477,1.181,0.3789,0.4312,0.3871,0.2938,0.3758,0.3071,0.3635,0.3819
1/1/2022,17.6335,0.4316,0.4239,0.3642,0.4692,0.4403,0.4229,0.3776,0.4759,0.2736,0.4239,0.3815,0.3728,0.3564,0.3497,0.3796,0.3141,0.3911,0.3853,0.3699,0.3642,0.342,0.2938,0.4094,0.367,0.29,0.3709,0.4017,0.2707,0.4152,0.3064,0.3121,0.2775,0.2534,0.3025,0.2967,0.3092,0.3728,0.3324,0.3215,1.034,0.2803,0.3911,0.3112,0.3073,0.2938,0.3545,0.343,0.3054
12/31/2021,16.9228,0.3871,0.3317,0.3353,0.4138,0.4924,0.3344,0.3317,0.4058,0.487,0.4406,0.388,0.3755,0.3469,0.3389,0.3639,0.2827,0.3496,0.3656,0.3175,0.3621,0.363,0.3228,0.3639,0.3317,0.3139,0.3228,0.4263,0.2693,0.3532,0.3326,0.2853,0.3157,0.2702,0.2639,0.2978,0.3041,0.3576,0.2996,0.2826,0.8163,0.3656,0.3192,0.2728,0.3246,0.363,0.2916,0.3344,0.3085
12/30/2021,10.7722,0.2271,0.2263,0.2099,0.2684,0.267,0.2432,0.254,0.2795,0.2082,0.2573,0.2038,0.2188,0.2132,0.2069,0.2085,0.2299,0.2238,0.2157,0.2263,0.2224,0.2274,0.2199,0.2163,0.216,0.1972,0.2221,0.2304,0.1983,0.2058,0.2157,0.1916,0.198,0.1988,0.1966,0.1938,0.2085,0.2332,0.213,0.2152,0.4386,0.2238,0.2046,0.1961,0.2102,0.2362,0.2116,0.2135,0.2296
12/29/2021,10.3489,0.2198,0.223,0.2167,0.2254,0.2397,0.2559,0.2658,0.2602,0.2273,0.2308,0.1972,0.1951,0.2035,0.2017,0.1944,0.2127,0.1991,0.2073,0.2047,0.224,0.2158,0.1927,0.1949,0.2019,0.1951,0.1981,0.2007,0.1965,0.1967,0.2125,0.197,0.1927,0.2028,0.1862,0.2021,0.2073,0.2106,0.1918,0.2203,0.4672,0.2014,0.2024,0.2099,0.1965,0.1986,0.2221,0.2219,0.2089
12/28/2021,10.3489,0.2068,0.2263,0.2021,0.2277,0.2768,0.2136,0.2663,0.2378,0.2447,0.1988,0.2148,0.2073,0.2097,0.2085,0.2174,0.1993,0.219,0.2181,0.2,0.2035,0.2082,0.2118,0.2158,0.2261,0.1918,0.2153,0.239,0.1956,0.2125,0.2057,0.2021,0.197,0.1904,0.1843,0.1904,0.1991,0.2193,0.1941,0.202,0.3644,0.208,0.2033,0.2186,0.193,0.2075,0.2273,0.2174,0.2104
12/27/2021,14.4496,0.2808,0.2628,0.3279,0.3582,0.3182,0.3466,0.2705,0.3111,0.3569,0.3131,0.2802,0.2621,0.257,0.2866,0.2802,0.2718,0.2918,0.3285,0.2699,0.2957,0.2628,0.2699,0.3266,0.2886,0.2828,0.3066,0.3756,0.2402,0.255,0.2557,0.226,0.2305,0.2215,0.2524,0.2628,0.2737,0.2537,0.3163,0.32,1.0259,0.2576,0.266,0.255,0.3144,0.2853,0.2963,0.3028,0.2557
12/26/2021,17.0532,0.4129,0.3351,0.3486,0.4419,0.5279,0.4808,0.3206,0.3676,0.3604,0.3052,0.4202,0.3206,0.3523,0.3577,0.3179,0.2889,0.3323,0.2816,0.307,0.3369,0.3025,0.3052,0.2961,0.3124,0.2816,0.3016,0.4129,0.297,0.2898,0.2934,0.2853,0.2409,0.2608,0.2536,0.2409,0.3061,0.3332,0.3459,0.3719,1.3167,0.2699,0.3975,0.3867,0.2988,0.3803,0.3939,0.3631,0.2988
12/25/2021,14.2542,0.2805,0.2736,0.2761,0.3943,0.3612,0.2961,0.2786,0.3462,0.3493,0.3274,0.2686,0.3124,0.2686,0.2355,0.2592,0.2674,0.2811,0.2767,0.2692,0.2667,0.2767,0.2686,0.2555,0.2993,0.2292,0.2486,0.3387,0.2317,0.3305,0.2636,0.2517,0.2523,0.218,0.2286,0.2617,0.258,0.3124,0.253,0.3156,1.0009,0.2549,0.2767,0.2511,0.2486,0.3055,0.3124,0.3124,0.3093
12/24/2021,12.5622,0.2228,0.2374,0.2524,0.2971,0.3701,0.2803,0.2574,0.2798,0.3241,0.3126,0.3414,0.2693,0.2283,0.2287,0.236,0.2502,0.2684,0.2223,0.2351,0.2762,0.2666,0.2397,0.2584,0.2848,0.2374,0.2515,0.2524,0.2296,0.2661,0.2383,0.226,0.2013,0.2374,0.2168,0.2073,0.2397,0.2702,0.2278,0.2375,0.5635,0.2689,0.2173,0.257,0.2415,0.2579,0.2529,0.2593,0.2652
12/23/2021,14.0915,0.3202,0.2568,0.2952,0.3726,0.4262,0.3518,0.3543,0.2891,0.2891,0.2769,0.2995,0.3153,0.2629,0.28,0.255,0.2385,0.2891,0.2422,0.2812,0.2812,0.2495,0.2788,0.2379,0.3153,0.2586,0.2635,0.2915,0.2416,0.2568,0.297,0.2349,0.2197,0.2617,0.2282,0.2288,0.2745,0.3123,0.3031,0.2763,0.7807,0.2739,0.2495,0.2848,0.3153,0.3171,0.3129,0.294,0.2562
12/22/2021,13.8311,0.3264,0.2635,0.3095,0.295,0.3789,0.3527,0.4162,0.3591,0.2296,0.3119,0.2547,0.2955,0.2775,0.2536,0.239,0.2967,0.285,0.2675,0.2775,0.267,0.281,0.2611,0.2722,0.3037,0.2833,0.2617,0.2868,0.2378,0.2442,0.2605,0.2355,0.2588,0.2518,0.2337,0.2541,0.2501,0.2734,0.2559,0.278,0.7906,0.2839,0.2256,0.306,0.2372,0.285,0.2611,0.2396,0.2617
12/21/2021,17.9965,0.3236,0.4176,0.3926,0.5585,0.4336,0.4866,0.4946,0.4896,0.4216,0.4246,0.4656,0.3176,0.3726,0.3786,0.3396,0.3036,0.3986,0.3766,0.3696,0.3356,0.3696,0.3726,0.3336,0.3176,0.3686,0.2926,0.3916,0.3106,0.3596,0.3616,0.3016,0.2506,0.3176,0.2946,0.2976,0.3226,0.4046,0.3116,0.3003,0.9157,0.3606,0.4086,0.2636,0.2686,0.3316,0.3416,0.3776,0.3486
12/20/2021,21.1212,0.5144,0.4278,0.5275,0.5629,0.6731,0.6521,0.6876,0.555,0.3989,0.5039,0.6613,0.3609,0.3399,0.4291,0.4475,0.4147,0.4291,0.4553,0.4685,0.4501,0.4606,0.349,0.5026,0.4789,0.3267,0.4055,0.4343,0.3517,0.4186,0.3884,0.349,0.3215,0.2598,0.374,0.349,0.3412,0.3359,0.3386,0.3304,1.0841,0.3727,0.3386,0.4304,0.3858,0.3727,0.3281,0.4186,0.3149
12/19/2021,19.6889,0.3502,0.3853,0.3981,0.5734,0.7254,0.6307,0.4577,0.4963,0.4484,0.4051,0.5173,0.3046,0.3747,0.3315,0.3116,0.3163,0.4098,0.3058,0.4016,0.4098,0.4156,0.3198,0.3373,0.3654,0.2964,0.2999,0.4682,0.3175,0.5489,0.3981,0.3128,0.266,0.3303,0.2836,0.3268,0.3478,0.3899,0.4227,0.3927,1.4333,0.3853,0.3104,0.2906,0.4215,0.4519,0.3701,0.3408,0.2917
12/18/2021,22.4228,0.4378,0.3657,0.484,0.7436,0.621,0.6527,0.7681,0.7609,0.4292,0.4479,0.608,0.4421,0.383,0.3974,0.4133,0.4407,0.3917,0.4018,0.4912,0.4479,0.4407,0.3902,0.3513,0.4393,0.3195,0.3138,0.3989,0.3167,0.4768,0.3787,0.2806,0.3945,0.2936,0.3542,0.3772,0.4061,0.5272,0.4364,0.4246,1.612,0.4162,0.4421,0.4277,0.37,0.3888,0.4421,0.4998,0.3758
12/17/2021,20.8607,0.3943,0.4445,0.5139,0.6219,0.6297,0.6811,0.5769,0.4522,0.3531,0.3917,0.5139,0.447,0.3403,0.3943,0.438,0.33,0.429,0.3544,0.4316,0.4612,0.4174,0.2953,0.4689,0.501,0.3223,0.4162,0.483,0.3339,0.4072,0.3647,0.3454,0.3377,0.321,0.3596,0.3056,0.3866,0.4805,0.3544,0.3053,0.9437,0.4265,0.5203,0.474,0.303,0.4522,0.4535,0.438,0.4445
12/16/2021,18.8104,0.4045,0.3818,0.3558,0.6131,0.4575,0.4791,0.3742,0.4337,0.2877,0.3645,0.3796,0.4337,0.3137,0.3472,0.3213,0.4067,0.4196,0.3861,0.3731,0.4099,0.2888,0.424,0.4391,0.2899,0.3688,0.2834,0.4467,0.318,0.3094,0.331,0.3137,0.2791,0.3061,0.3386,0.3083,0.3483,0.3018,0.4283,0.381,1.3674,0.4607,0.4099,0.3115,0.3007,0.3256,0.3667,0.4131,0.4077
12/15/2021,20.5032,0.423,0.358,0.3142,0.6355,0.493,0.6543,0.388,0.6493,0.4505,0.488,0.338,0.4455,0.413,0.3129,0.3342,0.343,0.338,0.3292,0.3742,0.3492,0.4217,0.353,0.3492,0.3467,0.3455,0.4355,0.493,0.2992,0.463,0.3867,0.3079,0.2792,0.3192,0.3242,0.3117,0.3867,0.4605,0.3942,0.4327,1.6573,0.383,0.4805,0.4692,0.3792,0.468,0.4405,0.3242,0.3605
12/14/2021,20.5678,0.4369,0.4356,0.4155,0.5399,0.6518,0.4708,0.4947,0.5424,0.3967,0.3916,0.4947,0.5198,0.3715,0.3388,0.3502,0.4394,0.4394,0.4369,0.364,0.3502,0.3137,0.3828,0.5022,0.3941,0.364,0.3703,0.4645,0.3175,0.5173,0.4117,0.2685,0.3652,0.3351,0.2861,0.3665,0.3275,0.4432,0.3992,0.4114,1.5381,0.3225,0.325,0.4256,0.3627,0.3715,0.4356,0.3439,0.3213
12/13/2021,20.6008,0.4048,0.3721,0.4162,0.6215,0.6493,0.4653,0.58,0.6304,0.5787,0.4489,0.517,0.3695,0.3469,0.4023,0.3796,0.4237,0.3191,0.3695,0.3658,0.3746,0.4162,0.396,0.4275,0.3796,0.3028,0.3154,0.5585,0.3469,0.527,0.3368,0.2763,0.3544,0.2914,0.2965,0.299,0.3443,0.3343,0.4653,0.3821,1.3738,0.4792,0.4766,0.4149,0.3116,0.3506,0.3544,0.3733,0.3809
12/12/2021,19.9821,0.4351,0.326,0.4063,0.6603,0.5896,0.5129,0.6591,0.3955,0.501,0.5753,0.4327,0.4267,0.3608,0.3847,0.3356,0.3236,0.4387,0.4399,0.459,0.3979,0.3033,0.3668,0.3752,0.3224,0.3752,0.4231,0.4351,0.3344,0.4231,0.3536,0.3009,0.2553,0.2973,0.2745,0.2745,0.32,0.3045,0.3859,0.3608,1.2546,0.4111,0.4075,0.447,0.3692,0.4614,0.3967,0.3536,0.3344
12/11/2021,18.7126,0.4591,0.3091,0.3659,0.5491,0.5148,0.3681,0.5502,0.5973,0.3702,0.3456,0.3381,0.4656,0.2931,0.2941,0.3295,0.4173,0.3756,0.3906,0.4281,0.3788,0.3691,0.4056,0.4548,0.4441,0.3134,0.3563,0.5191,0.3177,0.4709,0.3574,0.2395,0.3091,0.2856,0.3252,0.2749,0.3263,0.3884,0.3284,0.2724,0.7594,0.4173,0.4034,0.3895,0.4141,0.4334,0.3124,0.3391,0.3456
12/10/2021,21.2509,0.3906,0.5019,0.4648,0.649,0.6331,0.429,0.4025,0.6729,0.5642,0.6079,0.3548,0.486,0.3641,0.3946,0.3495,0.4184,0.3654,0.3615,0.4754,0.3747,0.323,0.4489,0.5112,0.4118,0.3389,0.3071,0.4343,0.3297,0.4118,0.3615,0.3111,0.2846,0.2833,0.3469,0.3734,0.3363,0.3721,0.4211,0.4693,1.8623,0.3323,0.4237,0.4622,0.323,0.384,0.323,0.3999,0.4039
12/9/2021,25.5473,0.6475,0.4562,0.4808,0.679,0.5545,0.6878,0.6036,0.7861,0.7931,0.6369,0.5545,0.5036,0.3614,0.4544,0.5352,0.5159,0.5053,0.4772,0.4281,0.5509,0.4158,0.3369,0.4229,0.5931,0.4018,0.4299,0.4632,0.3965,0.7405,0.4158,0.3158,0.4509,0.4158,0.3825,0.3825,0.4422,0.4457,0.4825,0.4885,1.9698,0.5545,0.3755,0.5895,0.4229,0.6001,0.4264,0.4211,0.5527
12/8/2021,24.1804,0.5178,0.4806,0.5307,0.5372,0.5356,0.7961,0.7136,0.6877,0.4579,0.6456,0.5906,0.5825,0.3802,0.3527,0.5194,0.3964,0.5129,0.4304,0.5323,0.4838,0.3754,0.356,0.5663,0.4595,0.4951,0.4288,0.4531,0.3738,0.3738,0.4078,0.3997,0.4255,0.39,0.4078,0.3058,0.39,0.5129,0.4725,0.4507,1.758,0.5129,0.4967,0.3446,0.4466,0.5437,0.3446,0.4773,0.5275
12/7/2021,21.9671,0.439,0.4809,0.541,0.6122,0.6136,0.4488,0.5913,0.6136,0.636,0.3971,0.4083,0.4907,0.3804,0.3399,0.358,0.4767,0.5019,0.3734,0.3887,0.3943,0.3887,0.379,0.453,0.5186,0.4251,0.3608,0.6276,0.3482,0.6136,0.386,0.2868,0.3077,0.2756,0.291,0.3035,0.3482,0.4949,0.4111,0.3746,1.3317,0.4628,0.4851,0.4223,0.4977,0.3818,0.5368,0.4139,0.3552
12/6/2021,22.7807,0.3766,0.517,0.4519,0.5524,0.7387,0.6559,0.5539,0.4416,0.4091,0.48,0.3736,0.5066,0.4105,0.4682,0.4002,0.344,0.4401,0.48,0.4785,0.3928,0.4948,0.3603,0.3721,0.3204,0.3825,0.4859,0.6057,0.3514,0.5835,0.3766,0.4032,0.2923,0.3056,0.2997,0.2938,0.4239,0.4194,0.3381,0.5282,2.1923,0.4667,0.3174,0.446,0.4209,0.3662,0.5051,0.4874,0.4697
12/5/2021,21.7718,0.5316,0.4077,0.4214,0.7272,0.8057,0.6087,0.7051,0.5302,0.4752,0.6184,0.5633,0.3746,0.4462,0.4366,0.4366,0.3664,0.3498,0.4504,0.4504,0.4159,0.3223,0.3071,0.4779,0.5385,0.4035,0.4394,0.5275,0.3567,0.4077,0.398,0.2741,0.3967,0.3333,0.3195,0.3664,0.3911,0.4077,0.4876,0.2526,0.6481,0.3746,0.522,0.4903,0.4201,0.3994,0.4807,0.4421,0.4655
12/4/2021,15.7838,0.3013,0.3737,0.3122,0.3846,0.5442,0.3371,0.4173,0.4477,0.278,0.3247,0.3161,0.2772,0.3122,0.2679,0.2935,0.334,0.2624,0.2749,0.3216,0.3262,0.313,0.3566,0.3293,0.2445,0.2951,0.25,0.3223,0.2515,0.3231,0.2788,0.2196,0.2375,0.2406,0.2515,0.2406,0.3021,0.3519,0.3504,0.3511,1.2004,0.2632,0.334,0.2507,0.3465,0.278,0.3348,0.2741,0.2858
12/3/2021,19.9822,0.4315,0.3488,0.4926,0.6543,0.5189,0.6304,0.4123,0.6471,0.3716,0.5177,0.5321,0.3967,0.3176,0.3967,0.344,0.4303,0.4339,0.4351,0.4147,0.356,0.4303,0.2805,0.4291,0.4458,0.3021,0.3284,0.4602,0.2913,0.5705,0.3764,0.2961,0.3656,0.2901,0.3404,0.3045,0.3356,0.4554,0.3368,0.2803,0.8031,0.3704,0.4914,0.4003,0.4363,0.3356,0.4219,0.3164,0.4051
12/2/2021,23.2363,0.5689,0.4927,0.5872,0.6756,0.511,0.6542,0.4805,0.5796,0.4638,0.3952,0.4912,0.3998,0.3358,0.4318,0.3449,0.4135,0.3693,0.4546,0.38,0.4013,0.4744,0.5339,0.4013,0.4714,0.4638,0.3647,0.543,0.3526,0.5613,0.3769,0.2748,0.3526,0.383,0.3434,0.3586,0.3891,0.3419,0.5339,0.5402,2.2599,0.5628,0.4394,0.3312,0.3861,0.5308,0.4272,0.4775,0.3297
12/1/2021,21.5116,0.3977,0.4112,0.3572,0.7031,0.8625,0.5626,0.5072,0.4477,0.4761,0.4612,0.622,0.4801,0.4234,0.3518,0.4491,0.4437,0.4099,0.4734,0.4437,0.3964,0.418,0.4247,0.4382,0.4977,0.4247,0.4166,0.5396,0.3045,0.395,0.4153,0.3004,0.295,0.3788,0.2734,0.2748,0.4085,0.4342,0.4531,0.3052,0.9429,0.372,0.545,0.3639,0.4923,0.345,0.4639,0.4342,0.4747
11/30/2021,21.7071,0.4408,0.4655,0.5409,0.6985,0.7506,0.6793,0.4545,0.4737,0.5902,0.5422,0.3517,0.471,0.3586,0.4477,0.4285,0.4545,0.3627,0.4216,0.4943,0.5025,0.3476,0.3709,0.4751,0.4518,0.3339,0.3846,0.4285,0.3517,0.6135,0.3887,0.3819,0.3558,0.3353,0.3161,0.2955,0.3736,0.4559,0.3257,0.3522,1.2065,0.4011,0.4531,0.4956,0.301,0.3723,0.4435,0.3407,0.4257
11/29/2021,22.976,0.3644,0.3928,0.3673,0.5501,0.589,0.5351,0.6998,0.6369,0.4033,0.5261,0.3913,0.3883,0.4497,0.4347,0.4437,0.4782,0.4362,0.5291,0.3748,0.4497,0.4797,0.5096,0.58,0.4752,0.3913,0.3943,0.3164,0.3179,0.5156,0.3808,0.3898,0.3314,0.4018,0.3494,0.3629,0.4198,0.4093,0.3958,0.4665,1.8467,0.5321,0.5336,0.4063,0.4422,0.4317,0.4991,0.4512,0.5051
11/28/2021,20.1124,0.4368,0.4501,0.4053,0.6524,0.4913,0.4864,0.5397,0.6269,0.312,0.5107,0.6088,0.4501,0.3508,0.3556,0.398,0.392,0.4283,0.358,0.3399,0.4622,0.4368,0.3229,0.4949,0.3847,0.3459,0.3968,0.398,0.329,0.4283,0.4259,0.2575,0.3302,0.2624,0.2926,0.358,0.3653,0.461,0.3241,0.3017,0.9231,0.3738,0.3968,0.4634,0.3702,0.3568,0.4053,0.4234,0.4283
11/27/2021,19.1031,0.4132,0.3354,0.351,0.4964,0.4631,0.5742,0.6419,0.6319,0.3588,0.3876,0.5919,0.3765,0.2999,0.3887,0.4132,0.3643,0.4331,0.3043,0.3776,0.3876,0.361,0.3854,0.2966,0.3821,0.271,0.3643,0.4931,0.2899,0.3854,0.4009,0.2522,0.331,0.3232,0.271,0.3354,0.3399,0.4431,0.3388,0.3415,1.1465,0.301,0.3066,0.4065,0.3687,0.3066,0.4043,0.3477,0.3188
11/26/2021,21.609,0.4252,0.3844,0.5137,0.481,0.7627,0.7029,0.6539,0.6389,0.53,0.511,0.6675,0.5259,0.4225,0.3681,0.3531,0.3871,0.3273,0.3994,0.3776,0.3858,0.3667,0.3912,0.5028,0.379,0.2905,0.3055,0.3776,0.3164,0.4075,0.4511,0.2619,0.3572,0.3762,0.3082,0.3232,0.3817,0.4742,0.3232,0.4488,1.7476,0.3422,0.56,0.3164,0.3218,0.3395,0.4497,0.33,0.3409
11/25/2021,21.2511,0.5059,0.3681,0.494,0.5907,0.8001,0.4966,0.5032,0.5019,0.3071,0.335,0.5496,0.3363,0.3972,0.3204,0.4065,0.4794,0.4714,0.3946,0.4158,0.4794,0.4489,0.323,0.4449,0.3548,0.3681,0.4224,0.6013,0.3376,0.3588,0.4211,0.3045,0.3191,0.3151,0.3389,0.3058,0.3615,0.486,0.4211,0.4157,1.5621,0.3151,0.3787,0.2965,0.4622,0.441,0.5019,0.4529,0.3389
11/24/2021,23.497,0.4751,0.472,0.4936,0.5401,0.6517,0.7478,0.4797,0.6781,0.7122,0.3945,0.3759,0.489,0.3697,0.4038,0.4131,0.3573,0.5262,0.3511,0.5153,0.4518,0.4239,0.3247,0.41,0.568,0.3402,0.4441,0.5091,0.3867,0.63,0.4658,0.3526,0.3201,0.3728,0.41,0.3774,0.4286,0.4813,0.3836,0.4741,1.8893,0.5851,0.4704,0.4952,0.3588,0.4998,0.3852,0.3604,0.4518
11/23/2021,21.9673,0.4083,0.4977,0.5564,0.6164,0.5466,0.4432,0.467,0.4558,0.5577,0.6262,0.6807,0.446,0.3259,0.3273,0.4544,0.3399,0.3454,0.4628,0.4195,0.4334,0.3622,0.3762,0.4013,0.4949,0.3133,0.4404,0.6192,0.3315,0.4907,0.4432,0.2966,0.3915,0.3524,0.277,0.3776,0.3846,0.4725,0.379,0.4275,1.628,0.4376,0.3804,0.5144,0.453,0.3776,0.3482,0.3343,0.4516
11/22/2021,19.9169,0.3264,0.3585,0.4586,0.436,0.641,0.4729,0.4741,0.4491,0.3812,0.4467,0.4324,0.3359,0.4074,0.3836,0.4443,0.3466,0.4157,0.3967,0.4562,0.3669,0.3716,0.3621,0.4682,0.2918,0.3919,0.4133,0.3836,0.324,0.3383,0.3347,0.3514,0.318,0.3132,0.3323,0.2882,0.3514,0.3883,0.3013,0.4195,1.5834,0.4658,0.324,0.4169,0.3788,0.4384,0.4312,0.4062,0.2989
11/21/2021,14.1569,0.3003,0.307,0.3212,0.3458,0.4031,0.376,0.3914,0.3237,0.2412,0.2553,0.2621,0.2787,0.235,0.2836,0.2596,0.2824,0.2412,0.2855,0.2799,0.312,0.2455,0.2763,0.2935,0.2424,0.2221,0.2775,0.3563,0.2369,0.2473,0.2818,0.2147,0.2646,0.2393,0.2135,0.2664,0.2658,0.2787,0.2387,0.3068,0.9519,0.291,0.2418,0.2732,0.2504,0.2935,0.3347,0.2806,0.2867
11/20/2021,17.0206,0.2975,0.2902,0.4066,0.4716,0.5897,0.3453,0.3922,0.5203,0.4914,0.4463,0.5131,0.293,0.3164,0.3353,0.2785,0.3579,0.3381,0.3002,0.2948,0.3579,0.3426,0.3543,0.3579,0.2848,0.2839,0.3399,0.4589,0.2758,0.3272,0.3263,0.3002,0.2451,0.2695,0.2614,0.2966,0.3047,0.2857,0.3353,0.2624,0.7032,0.4102,0.3886,0.3155,0.3011,0.3886,0.394,0.3137,0.2569
11/19/2021,18.843,0.4573,0.3402,0.377,0.4822,0.4497,0.596,0.4681,0.6004,0.4009,0.3673,0.3347,0.3532,0.3673,0.3065,0.3044,0.3759,0.3282,0.3662,0.3586,0.3174,0.3282,0.3673,0.4442,0.3792,0.2653,0.3282,0.3879,0.2794,0.3098,0.3889,0.3412,0.3261,0.325,0.3217,0.3347,0.3412,0.3488,0.325,0.3749,1.3333,0.454,0.4432,0.2859,0.2697,0.3369,0.4432,0.415,0.3933
11/18/2021,20.0796,0.488,0.4976,0.3346,0.6571,0.4989,0.453,0.6305,0.5411,0.4083,0.552,0.6076,0.4614,0.3611,0.343,0.3793,0.3865,0.3708,0.3938,0.3793,0.3611,0.3382,0.4264,0.3394,0.4614,0.2899,0.2995,0.488,0.3044,0.3648,0.3309,0.3056,0.2621,0.2645,0.2681,0.2633,0.3527,0.3913,0.3769,0.3445,1.163,0.4807,0.4952,0.4421,0.2995,0.4433,0.4034,0.3672,0.4083
11/17/2021,20.503,0.3392,0.4517,0.3892,0.6118,0.743,0.4767,0.443,0.6193,0.3867,0.4655,0.4555,0.4055,0.3542,0.3805,0.378,0.343,0.368,0.4442,0.4255,0.4667,0.4017,0.4042,0.3755,0.5005,0.3355,0.348,0.5793,0.3067,0.3742,0.4017,0.3492,0.2717,0.353,0.3405,0.3017,0.3642,0.3805,0.3842,0.3448,1.165,0.4542,0.3917,0.4067,0.3467,0.4467,0.363,0.4567,0.408
11/16/2021,20.112,0.4356,0.3847,0.461,0.4561,0.5361,0.4307,0.4634,0.6039,0.3374,0.5022,0.4113,0.4174,0.3035,0.3907,0.4004,0.3738,0.4549,0.352,0.3556,0.3423,0.3883,0.3944,0.3738,0.4404,0.2987,0.3205,0.2878,0.2999,0.5312,0.3944,0.3278,0.3374,0.3047,0.3387,0.3617,0.3714,0.3847,0.3629,0.4583,1.8008,0.467,0.3084,0.3556,0.3278,0.3932,0.312,0.4343,0.3229
11/15/2021,17.5736,0.4299,0.3036,0.2796,0.4041,0.5152,0.5123,0.5496,0.3859,0.4883,0.4089,0.4826,0.338,0.2777,0.3122,0.3265,0.3093,0.3677,0.3696,0.3792,0.3026,0.3802,0.3457,0.383,0.3505,0.3084,0.317,0.3246,0.2825,0.2988,0.3093,0.2318,0.316,0.2519,0.2461,0.2863,0.3112,0.3907,0.3486,0.3498,1.1927,0.3754,0.3227,0.3371,0.2787,0.3553,0.2997,0.3457,0.2911
11/14/2021,18.4199,0.4313,0.3855,0.449,0.5397,0.6231,0.573,0.4042,0.5637,0.4824,0.5126,0.573,0.4459,0.2823,0.3907,0.3584,0.2886,0.3501,0.3396,0.3959,0.423,0.3386,0.3073,0.3959,0.3563,0.274,0.275,0.4772,0.3032,0.4866,0.3417,0.298,0.3188,0.3105,0.2584,0.3042,0.3136,0.4115,0.3646,0.2074,0.3948,0.4209,0.4428,0.4136,0.2844,0.3303,0.3303,0.323,0.325
11/13/2021,15.2633,0.3395,0.3584,0.3628,0.4165,0.4034,0.4565,0.3352,0.349,0.2771,0.2945,0.3192,0.3613,0.2531,0.2495,0.301,0.3272,0.2771,0.349,0.3141,0.317,0.2633,0.2727,0.2981,0.3468,0.256,0.3105,0.2422,0.2509,0.3417,0.2625,0.2749,0.2422,0.2785,0.2524,0.2836,0.2829,0.2851,0.2763,0.3221,1.0375,0.2901,0.3323,0.2415,0.2371,0.2684,0.2466,0.3257,0.28
11/12/2021,15.8164,0.3042,0.348,0.2698,0.4105,0.4035,0.3691,0.4027,0.4238,0.3074,0.4285,0.3566,0.3347,0.3113,0.2526,0.298,0.2886,0.2964,0.3089,0.2808,0.3472,0.2652,0.2761,0.305,0.3285,0.2808,0.3285,0.2941,0.2503,0.3081,0.2738,0.2831,0.2652,0.255,0.2605,0.237,0.2902,0.255,0.2941,0.3736,1.3261,0.3081,0.2925,0.2683,0.2831,0.2706,0.2949,0.2886,0.3175
11/11/2021,17.8013,0.4107,0.299,0.4156,0.5685,0.5146,0.3931,0.5205,0.4264,0.3862,0.4891,0.3715,0.2941,0.3049,0.3078,0.3304,0.3157,0.3637,0.3019,0.3294,0.3754,0.2823,0.346,0.3107,0.4127,0.2529,0.3225,0.4931,0.3029,0.3215,0.3725,0.3058,0.2372,0.2892,0.2588,0.3058,0.3009,0.3705,0.2872,0.3497,1.1922,0.3892,0.3441,0.3382,0.396,0.3245,0.398,0.3029,0.2755
11/10/2021,19.0381,0.3598,0.4658,0.3576,0.6203,0.6303,0.5342,0.6479,0.5166,0.3289,0.3896,0.5464,0.3356,0.3742,0.3985,0.3665,0.3157,0.3499,0.3057,0.4316,0.4261,0.308,0.3797,0.3665,0.362,0.3267,0.3113,0.298,0.287,0.4945,0.3643,0.2748,0.2903,0.2594,0.2561,0.2737,0.3201,0.4095,0.4062,0.3375,1.1239,0.3819,0.4106,0.3057,0.3311,0.3532,0.4106,0.3069,0.3874
11/9/2021,19.8187,0.4716,0.4834,0.3144,0.4988,0.4196,0.5472,0.5886,0.5709,0.5803,0.5732,0.3215,0.3782,0.3369,0.3061,0.4101,0.3664,0.4314,0.3227,0.3605,0.3983,0.3534,0.292,0.4657,0.4361,0.273,0.3262,0.4645,0.3085,0.4042,0.351,0.2813,0.338,0.3132,0.3168,0.273,0.3759,0.4421,0.299,0.4146,1.5557,0.4101,0.4066,0.3038,0.3463,0.3487,0.3203,0.3841,0.3345
11/8/2021,19.1684,0.3487,0.4157,0.3722,0.4637,0.7206,0.5732,0.4459,0.4872,0.5084,0.3621,0.409,0.3186,0.3744,0.3197,0.3856,0.3342,0.3052,0.3074,0.4012,0.428,0.4068,0.4101,0.4425,0.3387,0.3487,0.3777,0.4113,0.3141,0.3431,0.3554,0.3018,0.304,0.2493,0.3442,0.2851,0.3253,0.304,0.3632,0.3602,1.2508,0.3889,0.2951,0.3845,0.4001,0.3521,0.4146,0.3945,0.4213
11/7/2021,21.4789,0.4282,0.5144,0.3675,0.4902,0.7854,0.4201,0.6681,0.5131,0.5683,0.3864,0.6155,0.4187,0.4093,0.4052,0.3729,0.4699,0.4174,0.4875,0.3769,0.4861,0.323,0.3486,0.4039,0.5239,0.4025,0.4133,0.5481,0.3325,0.4282,0.412,0.3662,0.2974,0.3217,0.3567,0.3095,0.3796,0.3769,0.3715,0.3149,0.997,0.4875,0.5198,0.4497,0.4646,0.4551,0.5158,0.3931,0.3648
11/6/2021,16.4021,0.2919,0.2801,0.3624,0.4624,0.5506,0.4465,0.3204,0.4649,0.3423,0.4019,0.3742,0.2784,0.2877,0.2994,0.2902,0.3061,0.3498,0.2809,0.3372,0.3507,0.3549,0.2641,0.3624,0.2902,0.2507,0.2994,0.2961,0.2524,0.2776,0.3003,0.2902,0.2683,0.2616,0.2372,0.2599,0.2784,0.265,0.2641,0.361,1.2554,0.3633,0.3465,0.3322,0.291,0.2893,0.37,0.3213,0.3213
11/5/2021,16.2396,0.2688,0.3257,0.3059,0.4106,0.5638,0.4616,0.4641,0.3842,0.3694,0.3603,0.4097,0.3611,0.324,0.3405,0.3076,0.3628,0.2903,0.3562,0.3364,0.3496,0.3232,0.2515,0.3348,0.301,0.2845,0.3191,0.3166,0.2614,0.315,0.301,0.296,0.24,0.2919,0.2351,0.2416,0.2993,0.2639,0.2837,0.2972,0.898,0.3825,0.2878,0.3455,0.2804,0.3562,0.2589,0.3356,0.2853
11/4/2021,12.9851,0.2853,0.2963,0.2933,0.3711,0.3885,0.3003,0.2584,0.3267,0.2554,0.2494,0.3506,0.2823,0.2429,0.2315,0.2494,0.225,0.2255,0.2674,0.2738,0.2694,0.2559,0.2429,0.2823,0.221,0.2594,0.2444,0.2215,0.226,0.3107,0.2549,0.231,0.2051,0.227,0.221,0.235,0.2504,0.2454,0.2803,0.2537,0.6544,0.2714,0.2988,0.2609,0.2295,0.2459,0.2215,0.2474,0.2449
11/3/2021,12.1712,0.2263,0.238,0.2513,0.2785,0.341,0.3285,0.2739,0.2614,0.2818,0.253,0.2288,0.2342,0.2388,0.2242,0.2251,0.2326,0.2221,0.2192,0.2259,0.2488,0.2209,0.2413,0.2597,0.2338,0.2067,0.2105,0.2146,0.213,0.3014,0.2372,0.2063,0.2171,0.2176,0.2209,0.2042,0.2322,0.2664,0.233,0.2751,0.7744,0.2609,0.2493,0.2322,0.2363,0.2342,0.2497,0.2288,0.2601
11/2/2021,9.4702,0.2042,0.1989,0.2042,0.2234,0.2002,0.2261,0.1909,0.215,0.219,0.1953,0.2022,0.1853,0.1934,0.192,0.2009,0.2006,0.1971,0.2006,0.1878,0.1893,0.19,0.182,0.1858,0.1911,0.1828,0.1895,0.1871,0.1827,0.1999,0.187,0.1843,0.1895,0.1778,0.182,0.1834,0.1921,0.195,0.1967,0.1942,0.321,0.1987,0.1811,0.2031,0.2006,0.1946,0.1831,0.197,0.1917
11/1/2021,8.2008,0.1694,0.1705,0.1702,0.1738,0.173,0.1704,0.1711,0.1748,0.1719,0.1723,0.1729,0.1695,0.169,0.1707,0.1694,0.1703,0.1694,0.1716,0.17,0.1705,0.171,0.1709,0.1712,0.1715,0.1694,0.1699,0.1696,0.169,0.1705,0.1704,0.1689,0.169,0.1687,0.1697,0.1693,0.1702,0.1702,0.1697,0.1702,0.1866,0.17,0.1724,0.1697,0.1697,0.1715,0.1713,0.169,0.1706
10/31/2021,7.7128,0.1605,0.1606,0.1609,0.1576,0.1565,0.1612,0.156,0.1597,0.1611,0.1597,0.1593,0.1592,0.1633,0.1612,0.1618,0.1601,0.1609,0.1595,0.1623,0.1606,0.1612,0.1611,0.1612,0.1633,0.1617,0.1633,0.1595,0.1636,0.1588,0.1614,0.1634,0.1631,0.1634,0.1628,0.1622,0.1625,0.1627,0.1623,0.1618,0.1396,0.161,0.1588,0.1617,0.1639,0.1614,0.1631,0.1611,0.1609
10/30/2021,8.4933,0.1742,0.1736,0.1758,0.182,0.186,0.1802,0.188,0.1804,0.1807,0.1808,0.1789,0.1782,0.1722,0.1748,0.1766,0.1728,0.1764,0.1767,0.1739,0.1786,0.177,0.1753,0.1804,0.1716,0.1741,0.1771,0.177,0.1723,0.1792,0.1769,0.1722,0.1711,0.1714,0.173,0.1734,0.1731,0.1776,0.1749,0.1755,0.2163,0.173,0.1726,0.1746,0.1749,0.1739,0.1746,0.1758,0.1737
10/29/2021,9.2748,0.183,0.1991,0.1877,0.2081,0.2103,0.1927,0.1956,0.216,0.1924,0.1897,0.2024,0.2021,0.1913,0.1934,0.1835,0.1836,0.196,0.1975,0.1918,0.1881,0.1846,0.19,0.1878,0.1823,0.1928,0.1943,0.194,0.1801,0.2054,0.1901,0.1848,0.1778,0.1862,0.186,0.1854,0.1844,0.1869,0.1948,0.1845,0.2665,0.1808,0.1899,0.1966,0.1931,0.1936,0.1943,0.1883,0.1952
10/28/2021,9.9585,0.2203,0.2098,0.2119,0.2425,0.2544,0.2477,0.2409,0.2374,0.2113,0.2056,0.2258,0.2199,0.2056,0.1923,0.207,0.2029,0.2023,0.1941,0.1964,0.1949,0.1892,0.1853,0.2139,0.2098,0.1939,0.1939,0.1982,0.1939,0.2113,0.1957,0.1957,0.1823,0.1853,0.1841,0.1872,0.196,0.1994,0.1884,0.1959,0.3304,0.1917,0.2088,0.1874,0.1886,0.2109,0.2027,0.2119,0.2037
10/27/2021,11.2928,0.2556,0.2164,0.2085,0.2974,0.3145,0.2911,0.2513,0.2319,0.2022,0.217,0.2845,0.2279,0.2085,0.2368,0.2105,0.2329,0.2358,0.244,0.2391,0.2151,0.2072,0.2243,0.2552,0.2523,0.2319,0.2029,0.2506,0.2035,0.2167,0.2118,0.2068,0.2019,0.217,0.1966,0.2078,0.224,0.2249,0.2101,0.2331,0.5388,0.2263,0.2309,0.2197,0.2161,0.2151,0.2039,0.2319,0.2105
10/26/2021,10.4141,0.2297,0.2198,0.2092,0.241,0.2403,0.2106,0.2707,0.2384,0.2248,0.2355,0.2594,0.2248,0.2051,0.2012,0.1968,0.199,0.1961,0.2169,0.2248,0.2034,0.2166,0.2181,0.2282,0.2002,0.2128,0.213,0.1908,0.191,0.2215,0.2055,0.1898,0.2014,0.2007,0.1845,0.1976,0.2082,0.1947,0.2034,0.214,0.4317,0.2121,0.1971,0.1939,0.1964,0.2072,0.2055,0.2162,0.2145
10/25/2021,8.9496,0.1882,0.1827,0.1858,0.1996,0.1941,0.1849,0.1983,0.2065,0.1847,0.1812,0.1886,0.1861,0.1805,0.1815,0.1806,0.1829,0.1837,0.1794,0.1835,0.184,0.1872,0.1763,0.1887,0.19,0.1762,0.1808,0.1858,0.1768,0.1821,0.1858,0.1769,0.1795,0.1797,0.1802,0.1819,0.1798,0.1796,0.1822,0.1883,0.2876,0.1841,0.1896,0.1801,0.1802,0.1791,0.1882,0.182,0.1841
10/24/2021,7.9406,0.1654,0.1654,0.1658,0.1648,0.1638,0.1643,0.1656,0.1655,0.1648,0.1659,0.1645,0.165,0.1656,0.1656,0.1653,0.1658,0.1657,0.1659,0.1657,0.1658,0.1655,0.166,0.1654,0.1661,0.1657,0.1657,0.165,0.1661,0.1656,0.1655,0.1661,0.1657,0.1657,0.1659,0.166,0.1659,0.1658,0.166,0.1655,0.1603,0.1657,0.1655,0.1654,0.1658,0.1658,0.1652,0.1659,0.1656
10/23/2021,8.136,0.1699,0.1691,0.1691,0.1712,0.1731,0.1699,0.1703,0.1723,0.1708,0.1709,0.171,0.1687,0.1687,0.1691,0.169,0.1697,0.1687,0.1694,0.1687,0.1698,0.1696,0.1696,0.1683,0.1685,0.1679,0.1688,0.1686,0.1684,0.1702,0.1691,0.1677,0.1682,0.1688,0.1678,0.1678,0.1689,0.1696,0.1696,0.1681,0.1746,0.1698,0.17,0.169,0.1696,0.1701,0.1697,0.1688,0.1695
10/22/2021,12.2688,0.229,0.2512,0.2333,0.3118,0.3746,0.3229,0.261,0.2657,0.2388,0.229,0.2649,0.2858,0.2418,0.2252,0.2392,0.2567,0.2311,0.2602,0.2452,0.2717,0.2149,0.2196,0.2503,0.2243,0.2482,0.2264,0.2563,0.2102,0.2789,0.2482,0.2008,0.2064,0.2252,0.2192,0.2354,0.2256,0.2546,0.2631,0.2568,0.6717,0.2614,0.2294,0.2132,0.2311,0.2234,0.2345,0.2597,0.2409
10/21/2021,8.4612,0.1729,0.1791,0.1794,0.1855,0.1812,0.1768,0.1769,0.1792,0.1809,0.1806,0.1842,0.1772,0.1734,0.1748,0.1735,0.1732,0.1778,0.1745,0.1773,0.1746,0.175,0.1711,0.177,0.1732,0.1721,0.1717,0.1813,0.1729,0.1727,0.1747,0.1736,0.1744,0.1703,0.1723,0.1723,0.1728,0.1722,0.1728,0.1736,0.2055,0.173,0.1788,0.1723,0.1762,0.1773,0.1785,0.1739,0.1767
10/20/2021,7.7783,0.1636,0.1626,0.1624,0.1591,0.1612,0.1583,0.1616,0.1574,0.1613,0.1594,0.1616,0.1626,0.1637,0.163,0.1634,0.1639,0.1634,0.1636,0.1613,0.1634,0.1635,0.1616,0.1638,0.1626,0.1638,0.1641,0.1596,0.1637,0.1625,0.1623,0.1641,0.1631,0.1638,0.1644,0.1642,0.1627,0.1628,0.1617,0.162,0.1407,0.1626,0.1644,0.1644,0.1634,0.1621,0.1623,0.1635,0.1618
10/19/2021,7.8433,0.1644,0.1636,0.1631,0.1609,0.1615,0.1616,0.1607,0.1628,0.1635,0.1615,0.1628,0.1639,0.1644,0.164,0.1643,0.163,0.1643,0.1635,0.1631,0.1645,0.1647,0.1637,0.1639,0.1635,0.1638,0.164,0.163,0.165,0.1644,0.1646,0.1655,0.1654,0.1653,0.1651,0.1653,0.1644,0.1649,0.1645,0.1636,0.1497,0.1634,0.1626,0.1648,0.1629,0.1633,0.1627,0.1631,0.1648
10/18/2021,9.8932,0.2011,0.1954,0.2021,0.2195,0.2104,0.2053,0.1975,0.2223,0.1881,0.2256,0.2059,0.1873,0.1884,0.1939,0.1979,0.1894,0.1983,0.2051,0.2023,0.2026,0.1941,0.1966,0.2182,0.2093,0.2011,0.2045,0.2221,0.1858,0.1966,0.2009,0.1805,0.1949,0.1854,0.1879,0.1937,0.1985,0.1987,0.2123,0.217,0.4486,0.1958,0.2221,0.1918,0.2021,0.1994,0.1975,0.1981,0.2013
10/17/2021,10.186,0.2268,0.1971,0.192,0.2312,0.2154,0.2237,0.2194,0.2436,0.2307,0.1992,0.2194,0.1949,0.2084,0.2006,0.1925,0.1979,0.1999,0.2167,0.2163,0.2165,0.2093,0.2156,0.2266,0.2121,0.211,0.1947,0.1925,0.1918,0.2021,0.2086,0.1944,0.1898,0.1833,0.1916,0.1968,0.2051,0.1979,0.2054,0.2173,0.4505,0.1971,0.2067,0.2036,0.2156,0.2156,0.2141,0.199,0.1957
10/16/2021,9.0473,0.1917,0.1945,0.1912,0.1934,0.1925,0.2013,0.1931,0.1857,0.1873,0.18,0.2064,0.1781,0.1882,0.1791,0.1866,0.1798,0.1803,0.1905,0.1858,0.1845,0.1879,0.1886,0.1837,0.1917,0.1792,0.1869,0.1855,0.1773,0.1988,0.186,0.1798,0.1744,0.1781,0.1786,0.1754,0.1819,0.1844,0.1846,0.1922,0.3098,0.1813,0.1765,0.1925,0.1835,0.187,0.1804,0.1847,0.1866
10/15/2021,9.5028,0.1888,0.2003,0.194,0.2161,0.2096,0.2263,0.2057,0.223,0.1826,0.2021,0.2241,0.1987,0.1945,0.1972,0.1915,0.1916,0.1931,0.1847,0.1904,0.1891,0.1906,0.1889,0.1859,0.2008,0.1803,0.1963,0.1909,0.1833,0.1904,0.1916,0.1832,0.1841,0.1824,0.1865,0.1821,0.1868,0.1991,0.1975,0.1982,0.3432,0.1877,0.1948,0.1972,0.1859,0.1961,0.2078,0.2008,0.187
10/14/2021,10.5118,0.2119,0.2066,0.2101,0.2563,0.2764,0.2312,0.2518,0.2151,0.1998,0.2172,0.2403,0.2141,0.2124,0.2021,0.2053,0.2252,0.2001,0.2247,0.2056,0.2061,0.2134,0.1966,0.2257,0.2174,0.2091,0.2207,0.2036,0.1961,0.2038,0.2126,0.2064,0.2061,0.1986,0.2013,0.1923,0.2104,0.2292,0.2124,0.214,0.432,0.1986,0.1978,0.2099,0.2101,0.2254,0.2345,0.2124,0.2091
10/13/2021,10.1862,0.1988,0.2113,0.1962,0.2563,0.2642,0.2231,0.2576,0.2583,0.2095,0.2281,0.2281,0.1997,0.2051,0.1905,0.2032,0.2019,0.206,0.2135,0.215,0.2145,0.213,0.2041,0.2248,0.2253,0.1936,0.2121,0.1885,0.1938,0.2218,0.2082,0.1833,0.1874,0.2008,0.1857,0.1861,0.1986,0.1933,0.1918,0.2012,0.3603,0.2156,0.2117,0.192,0.1999,0.2003,0.1975,0.213,0.2016
10/12/2021,12.6598,0.2477,0.271,0.2846,0.3367,0.3531,0.3158,0.32,0.279,0.2864,0.2925,0.3405,0.2641,0.2258,0.251,0.2254,0.2538,0.2655,0.2324,0.2473,0.2496,0.2501,0.2361,0.271,0.223,0.2198,0.2622,0.2673,0.2319,0.286,0.2613,0.2258,0.2319,0.2114,0.2221,0.2142,0.2422,0.2673,0.2263,0.2222,0.4778,0.2878,0.2594,0.2324,0.2734,0.2459,0.278,0.2766,0.2142
10/11/2021,10.0886,0.2005,0.213,0.2001,0.2431,0.251,0.2047,0.2193,0.2531,0.2335,0.2055,0.2256,0.1984,0.2066,0.1997,0.207,0.2043,0.1944,0.2093,0.2051,0.2089,0.2024,0.2172,0.2157,0.1909,0.2049,0.2005,0.2229,0.1924,0.2216,0.2015,0.1957,0.1819,0.1965,0.1928,0.1903,0.2024,0.1944,0.1967,0.2021,0.3653,0.2064,0.2222,0.1878,0.1861,0.1957,0.2203,0.1934,0.2055
10/10/2021,8.2663,0.1716,0.1722,0.1721,0.177,0.1803,0.1722,0.1718,0.1766,0.1719,0.1729,0.1757,0.1739,0.1718,0.1707,0.1729,0.173,0.1701,0.1732,0.1721,0.1719,0.1724,0.1714,0.1725,0.1719,0.1712,0.1711,0.1699,0.1703,0.1754,0.1717,0.17,0.1693,0.1695,0.1707,0.1702,0.1703,0.1721,0.1695,0.169,0.1799,0.1734,0.1729,0.1729,0.1723,0.1701,0.1719,0.1699,0.1707
10/9/2021,10.4143,0.2306,0.2181,0.1937,0.2555,0.2314,0.2261,0.2497,0.2521,0.199,0.2328,0.2273,0.2077,0.1944,0.2014,0.1988,0.2137,0.2087,0.2108,0.2099,0.221,0.214,0.2046,0.2166,0.2041,0.1947,0.2121,0.2316,0.1966,0.198,0.2022,0.1833,0.1879,0.1952,0.2046,0.1952,0.206,0.2246,0.2099,0.2232,0.4834,0.2222,0.1932,0.1935,0.2241,0.2128,0.1976,0.2065,0.1939
10/8/2021,8.6572,0.1801,0.1805,0.1822,0.1906,0.1871,0.1805,0.1789,0.1858,0.1896,0.1882,0.1906,0.1794,0.1797,0.1793,0.1783,0.1769,0.1753,0.1822,0.1809,0.182,0.175,0.1774,0.1787,0.1807,0.1781,0.1758,0.1885,0.1753,0.1822,0.1801,0.1721,0.1738,0.1719,0.1738,0.1772,0.1772,0.1827,0.1786,0.1744,0.2099,0.1751,0.1737,0.1826,0.1743,0.1831,0.1839,0.1764,0.1766
10/7/2021,9.6328,0.2026,0.1908,0.1885,0.2317,0.2429,0.222,0.2016,0.2289,0.1988,0.2222,0.2078,0.2068,0.1992,0.1941,0.1913,0.1921,0.1956,0.193,0.1895,0.201,0.1854,0.1948,0.1903,0.201,0.1941,0.1997,0.1941,0.1882,0.2091,0.1931,0.1907,0.185,0.1786,0.1805,0.1912,0.1887,0.2019,0.193,0.1957,0.3292,0.1913,0.207,0.1827,0.1944,0.1908,0.1908,0.2052,0.1859
10/6/2021,10.7396,0.216,0.2157,0.2195,0.253,0.2694,0.2568,0.2752,0.2223,0.2234,0.2467,0.2069,0.2168,0.2234,0.2209,0.222,0.2182,0.2206,0.202,0.2201,0.2154,0.2146,0.2215,0.225,0.2289,0.2149,0.2242,0.1998,0.199,0.2393,0.2061,0.2069,0.1908,0.188,0.1902,0.2037,0.2094,0.2132,0.2327,0.213,0.4263,0.2028,0.2431,0.2064,0.2204,0.2132,0.2072,0.2198,0.2149
10/5/2021,10.2839,0.211,0.2247,0.2037,0.2596,0.2768,0.2244,0.2265,0.2085,0.2096,0.2222,0.2404,0.2247,0.2039,0.2105,0.2032,0.2144,0.2123,0.2197,0.2,0.2222,0.1982,0.2137,0.1998,0.2256,0.1989,0.1957,0.2388,0.192,0.2322,0.1984,0.1865,0.1852,0.1996,0.2009,0.2034,0.2034,0.1957,0.2,0.1875,0.2831,0.2286,0.2322,0.2224,0.2105,0.2121,0.205,0.2023,0.2139
10/4/2021,8.6888,0.184,0.1797,0.182,0.1893,0.1886,0.1867,0.1962,0.1845,0.1762,0.1874,0.1894,0.1816,0.1753,0.1765,0.1751,0.1794,0.1805,0.1822,0.1827,0.1796,0.1811,0.178,0.1796,0.1807,0.1756,0.1796,0.1749,0.1745,0.1791,0.1788,0.1724,0.1744,0.175,0.1776,0.1732,0.1772,0.1831,0.1762,0.178,0.23,0.1822,0.1806,0.1787,0.1767,0.1789,0.1756,0.1782,0.182
10/3/2021,9.4701,0.2067,0.1934,0.1983,0.2124,0.2053,0.2047,0.2015,0.2275,0.1849,0.213,0.1956,0.1843,0.1895,0.1984,0.1934,0.198,0.2018,0.2018,0.1928,0.194,0.1845,0.1971,0.1852,0.1995,0.19,0.1981,0.2087,0.1825,0.2092,0.1917,0.188,0.178,0.1871,0.1893,0.1809,0.1918,0.2025,0.1874,0.1853,0.2708,0.2056,0.1868,0.1958,0.1856,0.2014,0.2042,0.2018,0.184
10/2/2021,8.6892,0.1834,0.1812,0.1754,0.1844,0.1826,0.1829,0.1878,0.1807,0.1815,0.1877,0.1803,0.183,0.1782,0.1762,0.1773,0.1802,0.1782,0.1806,0.1809,0.1834,0.1756,0.1742,0.1836,0.1786,0.1751,0.1759,0.1754,0.1756,0.1869,0.1762,0.1751,0.1723,0.1725,0.1762,0.1744,0.178,0.176,0.1826,0.1822,0.2539,0.1851,0.1813,0.1811,0.1827,0.1787,0.182,0.1768,0.1753
10/1/2021,8.5919,0.1797,0.1758,0.1809,0.1803,0.1946,0.1808,0.1809,0.1777,0.1737,0.1793,0.1826,0.1752,0.1748,0.1734,0.1754,0.1736,0.1771,0.1752,0.1802,0.1761,0.1786,0.1761,0.1821,0.1791,0.1789,0.1736,0.183,0.1741,0.1842,0.1762,0.1761,0.1712,0.1736,0.1742,0.1723,0.177,0.1741,0.178,0.1814,0.2493,0.177,0.1781,0.1738,0.1738,0.1765,0.1813,0.1774,0.1736
9/30/2021,8.3639,0.1734,0.173,0.1742,0.1753,0.1842,0.1789,0.1754,0.1793,0.1783,0.1754,0.1754,0.1737,0.1712,0.1731,0.1743,0.1738,0.1718,0.1713,0.172,0.173,0.1716,0.1713,0.1744,0.1757,0.1716,0.171,0.1706,0.1715,0.1782,0.1715,0.1711,0.1709,0.1719,0.1701,0.1696,0.1728,0.1735,0.1723,0.1745,0.2103,0.1709,0.175,0.1703,0.1753,0.1743,0.1724,0.1733,0.171
9/29/2021,6.639,0.1311,0.1358,0.1497,0.1148,0.1268,0.1404,0.1435,0.1276,0.1175,0.1378,0.1388,0.1382,0.1457,0.151,0.1388,0.1347,0.1476,0.1428,0.1375,0.137,0.1479,0.1337,0.1488,0.1448,0.149,0.1403,0.1365,0.1521,0.125,0.1472,0.1495,0.149,0.1502,0.1483,0.1457,0.1441,0.1461,0.1341,0.1417,0.0268,0.1516,0.1371,0.1339,0.1418,0.1435,0.1516,0.1352,0.1464
9/28/2021,8.136,0.1698,0.1697,0.1698,0.1709,0.17,0.1696,0.172,0.1718,0.171,0.1712,0.1702,0.17,0.1692,0.1686,0.1683,0.1685,0.1696,0.1696,0.1692,0.1696,0.1696,0.1698,0.17,0.1694,0.1684,0.1687,0.1694,0.1682,0.1712,0.1692,0.1679,0.1681,0.1687,0.1685,0.1686,0.1688,0.1685,0.1686,0.1683,0.1756,0.1701,0.168,0.1687,0.1688,0.1692,0.169,0.1684,0.1697
9/27/2021,9.2099,0.1935,0.1938,0.1924,0.1993,0.2054,0.1949,0.2123,0.2018,0.1943,0.1935,0.1976,0.194,0.1875,0.1868,0.1852,0.1875,0.1886,0.1952,0.1883,0.1949,0.1832,0.1789,0.1916,0.1987,0.1806,0.1806,0.194,0.1828,0.1863,0.1887,0.1751,0.1814,0.1778,0.176,0.1857,0.1874,0.1835,0.1907,0.1912,0.304,0.1993,0.1837,0.1853,0.186,0.1837,0.1803,0.1936,0.193
9/26/2021,8.0061,0.1668,0.1668,0.1668,0.1668,0.1669,0.1668,0.1668,0.1668,0.1669,0.1669,0.1668,0.1668,0.1667,0.1667,0.1668,0.1668,0.1668,0.1668,0.1668,0.1668,0.1668,0.1668,0.1668,0.1667,0.1667,0.1668,0.1668,0.1667,0.1668,0.1668,0.1668,0.1667,0.1668,0.1667,0.1667,0.1668,0.1668,0.1668,0.1668,0.1674,0.1667,0.1667,0.1667,0.1668,0.1668,0.1667,0.1668,0.1668
9/25/2021,7.3875,0.1534,0.1526,0.1514,0.148,0.1398,0.1501,0.1477,0.1444,0.1551,0.1559,0.1478,0.1581,0.1582,0.1548,0.157,0.1562,0.1574,0.1518,0.1521,0.1552,0.1559,0.154,0.1581,0.1543,0.1541,0.1598,0.1499,0.1601,0.1508,0.1585,0.1578,0.1601,0.1604,0.1571,0.1577,0.1587,0.1517,0.1596,0.1584,0.1205,0.1534,0.153,0.1528,0.1581,0.1522,0.1577,0.1581,0.1577
9/24/2021,6.7688,0.1429,0.1434,0.1353,0.1301,0.1201,0.1358,0.1189,0.1199,0.1348,0.1292,0.1472,0.1482,0.1496,0.1433,0.1494,0.1434,0.1467,0.1467,0.1451,0.1379,0.142,0.1404,0.1393,0.1417,0.1455,0.151,0.138,0.1544,0.1273,0.1433,0.1557,0.1471,0.1553,0.1525,0.1562,0.1478,0.1504,0.1452,0.1511,0.0796,0.1344,0.1334,0.1477,0.1493,0.1371,0.1379,0.1498,0.1475
9/23/2021,7.7779,0.1639,0.1614,0.1605,0.1577,0.1581,0.1583,0.1594,0.1585,0.1611,0.1595,0.1614,0.1636,0.1639,0.1627,0.1629,0.1628,0.1614,0.1626,0.1628,0.1617,0.1631,0.1631,0.163,0.1642,0.1621,0.1632,0.1638,0.1644,0.1605,0.1636,0.1638,0.1639,0.1646,0.1643,0.1643,0.1628,0.1635,0.1622,0.1634,0.1482,0.1622,0.1613,0.1635,0.1618,0.1636,0.1637,0.1636,0.162
9/22/2021,7.7454,0.1628,0.1615,0.1606,0.1603,0.1548,0.1561,0.1584,0.1584,0.1604,0.1602,0.162,0.1611,0.1623,0.1627,0.1616,0.1628,0.1623,0.1636,0.1606,0.1607,0.163,0.1617,0.1604,0.1622,0.1636,0.1622,0.1627,0.1638,0.1634,0.1629,0.164,0.1643,0.1637,0.1639,0.1634,0.1626,0.1623,0.1637,0.1618,0.1397,0.1615,0.1595,0.1618,0.1618,0.1635,0.1627,0.1631,0.163
9/21/2021,9.0796,0.1932,0.1825,0.1865,0.1932,0.2183,0.2075,0.2013,0.1889,0.1993,0.1941,0.1822,0.1889,0.1871,0.1839,0.1809,0.1877,0.1858,0.1882,0.1859,0.1921,0.1869,0.181,0.1901,0.1815,0.1876,0.1885,0.2005,0.1776,0.1987,0.1868,0.1832,0.1839,0.1825,0.1777,0.1811,0.1812,0.1799,0.1897,0.1825,0.2555,0.1832,0.1911,0.1772,0.1906,0.1932,0.1801,0.1794,0.1809
9/20/2021,8.592,0.1802,0.1761,0.1779,0.1881,0.1955,0.1786,0.1896,0.1794,0.1849,0.1831,0.182,0.1735,0.1758,0.1732,0.1785,0.1791,0.1791,0.1752,0.1796,0.1795,0.1774,0.1747,0.1797,0.181,0.1724,0.1786,0.1805,0.1747,0.1864,0.1769,0.1736,0.1721,0.1761,0.1757,0.1757,0.1771,0.177,0.1792,0.1723,0.1984,0.1759,0.1777,0.1752,0.179,0.1815,0.1816,0.177,0.1757
9/19/2021,9.3076,0.1886,0.2024,0.2001,0.1992,0.2332,0.2029,0.1961,0.2191,0.2082,0.2024,0.2181,0.1885,0.1933,0.1922,0.197,0.1905,0.1859,0.1867,0.196,0.1969,0.1936,0.1912,0.1923,0.1975,0.1854,0.1859,0.1863,0.1833,0.1924,0.1888,0.1804,0.1818,0.1799,0.182,0.1796,0.1876,0.1813,0.1843,0.1816,0.2504,0.194,0.2029,0.1804,0.1933,0.1884,0.1863,0.1827,0.1967
9/18/2021,7.8756,0.1639,0.1643,0.1638,0.1624,0.161,0.1628,0.1643,0.1635,0.1622,0.1636,0.1618,0.165,0.1648,0.1641,0.1651,0.1644,0.1647,0.164,0.1643,0.1645,0.164,0.1649,0.1649,0.1645,0.1643,0.1639,0.1648,0.1651,0.1627,0.1645,0.1652,0.1647,0.1651,0.1649,0.1655,0.1647,0.1637,0.1637,0.1654,0.1595,0.1641,0.1645,0.165,0.1642,0.165,0.1634,0.1648,0.1641
9/17/2021,7.1595,0.146,0.1515,0.1515,0.1323,0.1466,0.1487,0.1405,0.1417,0.1516,0.1416,0.152,0.1457,0.1562,0.1568,0.1568,0.1531,0.1478,0.1465,0.1547,0.1472,0.1477,0.1525,0.1546,0.1521,0.1532,0.1516,0.1408,0.1569,0.154,0.1489,0.155,0.1561,0.1553,0.1541,0.1536,0.1521,0.1525,0.1577,0.1519,0.0838,0.1571,0.1547,0.1489,0.1506,0.1536,0.1449,0.147,0.1495
9/16/2021,7.6152,0.16,0.1598,0.1578,0.1542,0.155,0.1593,0.1581,0.152,0.1545,0.1551,0.1563,0.1567,0.1609,0.1584,0.1589,0.1575,0.1586,0.1575,0.1599,0.1609,0.1608,0.1575,0.1609,0.1595,0.1612,0.1592,0.1609,0.1616,0.1535,0.1598,0.1634,0.1606,0.1622,0.1606,0.162,0.1604,0.1592,0.1596,0.1627,0.1445,0.1587,0.1593,0.1623,0.1592,0.1589,0.1592,0.158,0.1581
9/15/2021,7.6479,0.1593,0.1596,0.1597,0.1582,0.1543,0.1537,0.1602,0.1552,0.1611,0.1552,0.1552,0.1586,0.1611,0.1616,0.1618,0.1583,0.1619,0.1616,0.1591,0.1603,0.1619,0.1583,0.1572,0.1628,0.1617,0.1629,0.1628,0.1625,0.1577,0.1616,0.1638,0.1635,0.1634,0.1622,0.1618,0.1605,0.1619,0.1624,0.1583,0.1197,0.1575,0.1585,0.1618,0.163,0.1616,0.1601,0.1598,0.1627
9/14/2021,6.8991,0.1461,0.143,0.1414,0.1366,0.1213,0.128,0.1316,0.1355,0.1376,0.1317,0.1447,0.1456,0.1522,0.1511,0.1422,0.1526,0.1467,0.1521,0.1495,0.1463,0.1462,0.1449,0.1524,0.1416,0.1553,0.1437,0.131,0.1553,0.1382,0.1444,0.1521,0.152,0.1528,0.154,0.1557,0.1518,0.1442,0.1412,0.1479,0.0618,0.1516,0.1532,0.1503,0.1409,0.1507,0.1532,0.1431,0.1538
9/13/2021,7.7779,0.1626,0.1614,0.1635,0.1578,0.1573,0.162,0.1605,0.1623,0.1591,0.1606,0.1603,0.1619,0.1624,0.1625,0.1616,0.1628,0.1618,0.1616,0.1626,0.1615,0.1619,0.1624,0.1637,0.1632,0.1632,0.1626,0.1635,0.1636,0.1606,0.1622,0.1647,0.1637,0.1643,0.1641,0.1635,0.1632,0.1626,0.1616,0.1644,0.154,0.1607,0.1632,0.1622,0.1617,0.1634,0.1609,0.1628,0.1639
9/12/2021,9.2099,0.1905,0.1985,0.1888,0.2136,0.2007,0.1973,0.1886,0.207,0.1898,0.2045,0.194,0.1998,0.1917,0.1855,0.1851,0.1907,0.1912,0.1909,0.1915,0.187,0.1834,0.1853,0.1949,0.1949,0.1845,0.1842,0.2026,0.1815,0.1974,0.1866,0.1843,0.1866,0.1767,0.1846,0.179,0.1842,0.1852,0.1921,0.1796,0.2389,0.1849,0.1973,0.1913,0.1963,0.1835,0.1992,0.193,0.1912
9/11/2021,7.9406,0.1653,0.1658,0.1656,0.1653,0.1646,0.1643,0.1653,0.1648,0.1653,0.1659,0.1657,0.1658,0.1655,0.1656,0.1656,0.1655,0.1653,0.1655,0.1657,0.1653,0.1654,0.166,0.1656,0.1659,0.1657,0.1655,0.1655,0.1658,0.1655,0.1656,0.1658,0.1657,0.166,0.1662,0.1659,0.1657,0.1653,0.1656,0.1653,0.159,0.1659,0.1659,0.1653,0.1659,0.1658,0.1658,0.1657,0.1656
9/10/2021,6.8343,0.1436,0.1424,0.1502,0.1198,0.1267,0.1232,0.1186,0.1374,0.1294,0.1413,0.1465,0.1401,0.1502,0.1468,0.1437,0.1451,0.1454,0.1396,0.1399,0.145,0.1499,0.1397,0.1411,0.1531,0.1434,0.1492,0.1521,0.1513,0.1295,0.1439,0.1484,0.1505,0.158,0.1554,0.1478,0.1509,0.1515,0.1434,0.1528,0.089,0.1371,0.1378,0.1521,0.1473,0.1465,0.1468,0.1496,0.1413
9/9/2021,7.7453,0.1603,0.1616,0.1611,0.1593,0.1565,0.1577,0.1598,0.1582,0.1622,0.1599,0.1625,0.1624,0.1634,0.1635,0.1624,0.1632,0.1621,0.1613,0.1622,0.1608,0.1625,0.1638,0.1625,0.1608,0.1642,0.1629,0.1589,0.1633,0.1599,0.1627,0.1631,0.1624,0.1633,0.1635,0.1635,0.1622,0.1614,0.1626,0.1619,0.1398,0.1606,0.1608,0.1631,0.1629,0.163,0.1627,0.1636,0.163
9/8/2021,8.0712,0.1686,0.1681,0.1678,0.1691,0.1701,0.1692,0.1697,0.1687,0.1691,0.169,0.169,0.1678,0.1677,0.1676,0.1676,0.1682,0.1677,0.1678,0.168,0.1679,0.1675,0.1678,0.1685,0.1683,0.1681,0.1677,0.1674,0.1675,0.169,0.1677,0.1677,0.1675,0.1673,0.1676,0.1677,0.1678,0.1682,0.168,0.1671,0.1689,0.1685,0.1678,0.1678,0.168,0.1683,0.1685,0.1681,0.1682
9/7/2021,8.2989,0.1744,0.1712,0.1705,0.1742,0.1789,0.1737,0.174,0.1735,0.1772,0.1763,0.1772,0.1733,0.1712,0.1717,0.1716,0.1731,0.1718,0.1732,0.1717,0.1728,0.1725,0.1724,0.1727,0.1734,0.1704,0.172,0.1702,0.17,0.1755,0.172,0.1692,0.1709,0.1704,0.1709,0.1707,0.1708,0.1718,0.1728,0.1705,0.1884,0.1704,0.1728,0.1713,0.1735,0.1734,0.1737,0.1729,0.1719
9/6/2021,7.648,0.1591,0.1588,0.16,0.1577,0.1503,0.1594,0.1516,0.1522,0.159,0.1618,0.154,0.1568,0.1603,0.1615,0.159,0.1625,0.1625,0.1598,0.1602,0.1599,0.1606,0.1614,0.1596,0.1593,0.1603,0.1591,0.1564,0.1628,0.1588,0.1602,0.163,0.162,0.1637,0.1634,0.1615,0.1615,0.1615,0.1603,0.1635,0.1489,0.1572,0.1592,0.16,0.1585,0.1586,0.1617,0.1598,0.1588
9/5/2021,6.3787,0.1326,0.1407,0.1362,0.1256,0.1132,0.1151,0.0969,0.1018,0.1349,0.1133,0.1282,0.1341,0.1458,0.132,0.1441,0.143,0.1302,0.1279,0.1412,0.1297,0.1338,0.143,0.1417,0.126,0.1487,0.1318,0.1162,0.1462,0.1203,0.132,0.1516,0.1547,0.1454,0.1461,0.1479,0.1433,0.1389,0.1469,0.1451,0.046,0.1326,0.1278,0.1495,0.1385,0.1428,0.131,0.1445,0.1399
9/4/2021,6.0858,0.1259,0.1309,0.136,0.1098,0.0945,0.1156,0.1192,0.1167,0.1316,0.1309,0.1278,0.1339,0.1452,0.1305,0.1278,0.1278,0.1374,0.1385,0.1345,0.123,0.1395,0.142,0.1142,0.118,0.1353,0.146,0.146,0.1456,0.1399,0.1389,0.1512,0.1351,0.1447,0.1506,0.1433,0.1343,0.141,0.1351,0.1134,-0.1316,0.1196,0.1416,0.1307,0.129,0.1328,0.136,0.1422,0.1339
9/3/2021,6.8991,0.143,0.1429,0.1481,0.1347,0.138,0.1272,0.1247,0.1464,0.1299,0.1299,0.1269,0.153,0.1467,0.1502,0.1539,0.15,0.1526,0.144,0.1442,0.1456,0.1486,0.1546,0.1476,0.1443,0.1536,0.1515,0.1376,0.1529,0.1358,0.1486,0.1514,0.1541,0.1518,0.158,0.1564,0.1513,0.1432,0.143,0.1469,0.0557,0.1463,0.1398,0.1544,0.1482,0.1444,0.145,0.1513,0.1509
9/2/2021,5.012,0.1024,0.1,0.0952,0.0678,0.0286,0.1093,0.051,0.0926,0.063,0.0642,0.0935,0.1212,0.1069,0.1036,0.1123,0.1272,0.1141,0.0973,0.1159,0.1174,0.132,0.1027,0.0899,0.1221,0.1111,0.1227,0.1263,0.135,0.0749,0.1162,0.1437,0.1392,0.1275,0.1413,0.1428,0.1174,0.1165,0.1042,0.1339,-0.0172,0.1123,0.0893,0.0929,0.1141,0.1195,0.0967,0.1,0.1215
9/1/2021,7.6479,0.1572,0.159,0.1595,0.1587,0.1569,0.1594,0.1606,0.1575,0.1627,0.1616,0.1572,0.157,0.1622,0.1626,0.1617,0.161,0.162,0.1611,0.1617,0.1586,0.159,0.1631,0.1579,0.1622,0.1594,0.1631,0.1558,0.1619,0.1559,0.1604,0.1615,0.1618,0.1635,0.1615,0.1616,0.1609,0.1628,0.1621,0.1571,0.1131,0.1609,0.157,0.1618,0.1618,0.159,0.1624,0.1618,0.1604
8/31/2021,6.2484,0.1306,0.1227,0.1395,0.0991,0.1068,0.1238,0.1097,0.1294,0.1479,0.1192,0.1143,0.1231,0.146,0.143,0.1439,0.1306,0.1348,0.1395,0.1285,0.1336,0.1434,0.129,0.1234,0.1283,0.1397,0.1437,0.1211,0.1486,0.1185,0.1301,0.1502,0.1448,0.1407,0.1439,0.1486,0.1435,0.1365,0.1434,0.1345,-0.0135,0.1309,0.1444,0.139,0.1469,0.1386,0.1187,0.1248,0.1407
8/30/2021,7.3226,0.1583,0.1553,0.1499,0.1452,0.1398,0.1437,0.148,0.1497,0.1432,0.1481,0.149,0.1544,0.1578,0.1562,0.1512,0.1559,0.1559,0.156,0.1551,0.1518,0.1532,0.1533,0.1511,0.1538,0.1535,0.1575,0.148,0.1577,0.1566,0.1541,0.1617,0.16,0.1605,0.1563,0.1562,0.1554,0.1562,0.1538,0.1564,0.1094,0.15,0.1589,0.1535,0.1509,0.157,0.1525,0.1507,0.1599
8/29/2021,5.5974,0.1097,0.1292,0.1169,0.0915,0.085,0.1117,0.0859,0.0833,0.0811,0.1359,0.0838,0.1287,0.1277,0.133,0.1314,0.1246,0.1354,0.1275,0.1251,0.1318,0.1393,0.1097,0.1119,0.1028,0.1181,0.1285,0.1138,0.1321,0.1201,0.1239,0.1443,0.1342,0.1335,0.1381,0.1326,0.1287,0.11,0.1145,0.1296,-0.0409,0.1165,0.1131,0.1251,0.1229,0.115,0.1364,0.1357,0.1287
8/28/2021,7.2901,0.1476,0.1534,0.1523,0.1425,0.1466,0.1442,0.1447,0.145,0.1489,0.151,0.1573,0.1495,0.1543,0.153,0.1542,0.153,0.1574,0.1547,0.156,0.1554,0.1544,0.1557,0.1584,0.1507,0.1596,0.1543,0.1559,0.1587,0.1452,0.1527,0.1566,0.1555,0.1591,0.1569,0.1589,0.1552,0.1579,0.1549,0.1534,0.0922,0.1526,0.1594,0.1516,0.1539,0.1508,0.1481,0.1503,0.1562
8/27/2021,3.4499,0.0807,0.0625,0.0461,0.0192,-0.0126,0.0279,0.0538,0.0638,0.1016,0.0256,0.0406,0.0547,0.0889,0.1075,0.0684,0.0934,0.0966,0.0879,0.0993,0.087,0.0729,0.0565,0.0757,0.1057,0.092,0.0839,0.062,0.1116,0.032,0.0839,0.1316,0.0989,0.1139,0.1212,0.1116,0.1021,0.1021,0.1039,0.1223,-0.082,0.0452,0.0397,0.0552,0.0602,0.0561,0.0602,0.0752,0.0634
8/26/2021,2.8963,0.1034,0.0748,0.0717,-0.0375,-0.0018,0.0569,0.0774,0.0013,0.0222,0.0784,0.0273,0.0539,0.0615,0.0947,0.0768,0.0529,0.0682,0.1059,0.0549,0.0835,0.0661,0.06,0.0702,0.0626,0.0666,0.0574,-0.0033,0.0978,0.0044,0.061,0.109,0.0922,0.1039,0.0886,0.1064,0.1008,0.0881,0.0891,0.0874,-0.2777,0.1044,0.0202,0.0881,0.1008,0.0927,0.0661,0.0799,0.0871
8/25/2021,3.7429,0.0628,0.0594,0.1177,0.0692,-0.0415,0.0577,0.004,0.0415,0.0475,0.0773,0.0764,0.0726,0.1071,0.1028,0.1139,0.076,0.0726,0.1126,0.1024,0.0994,0.0905,0.1224,0.11,0.0968,0.1058,0.0798,0.0807,0.1156,0.0734,0.079,0.136,0.1309,0.1164,0.1092,0.1113,0.1079,0.0645,0.0794,0.0905,-0.26,0.0568,0.0441,0.0658,0.1122,0.0994,0.1173,0.0939,0.0819
8/24/2021,2.8638,0.0316,0.0444,0.0557,0.0054,0.0003,0.027,0.03,-0.0008,0.0696,0.0799,0.0044,0.0763,0.0706,0.0948,0.1071,0.048,0.0501,0.0465,0.0932,0.0706,0.0552,0.0665,0.0922,0.0475,0.1086,0.1066,0.0223,0.1004,0.066,0.0716,0.1235,0.1292,0.0973,0.0948,0.1251,0.0958,0.048,0.0511,0.0754,-0.3446,0.0706,0.0547,0.0901,0.0506,0.0989,0.0876,0.103,0.0711
8/23/2021,2.8969,0.033,0.0503,0.0595,-0.0079,0.0044,-0.0063,0.0355,0.0136,0.033,0.0758,0.0712,0.0386,0.1008,0.0585,0.0529,0.0876,0.0978,0.0978,0.083,0.0569,0.0871,0.0942,0.036,0.1034,0.0753,0.0871,0.0386,0.11,0.0789,0.0947,0.132,0.085,0.0978,0.1197,0.1136,0.0871,0.0697,0.0488,0.0747,-0.3487,0.0426,0.1029,0.0738,0.061,0.0462,0.0595,0.0799,0.11
8/22/2021,2.8636,0.0886,0.0275,0.0701,-0.0223,-0.066,-0.0249,0.0804,0.0239,0.1061,0.047,0.0573,0.0516,0.0942,0.1055,0.0511,0.0557,0.086,0.0978,0.0465,0.0455,0.0799,0.0639,0.0665,0.0372,0.0716,0.0876,0.0562,0.0953,0.0439,0.0973,0.1153,0.0824,0.0886,0.0963,0.0881,0.1014,0.0593,0.0557,0.0804,-0.3167,0.1097,0.1076,0.0927,0.0752,0.0557,0.0619,0.0937,0.0953
8/21/2021,2.8633,0.0804,0.0403,0.0737,0.0413,-0.0752,-0.0444,0.0716,0.0187,-0.0008,0.0942,-0.027,0.0634,0.0727,0.1066,0.0557,0.0855,0.0829,0.085,0.0927,0.0434,0.0799,0.0994,0.0331,0.0444,0.1199,0.0778,0.0994,0.0989,0.0413,0.0639,0.0984,0.1045,0.1261,0.1091,0.103,0.0788,0.0829,0.0634,0.0683,-0.3842,0.0783,0.1184,0.1102,0.0788,0.0958,0.0444,0.0716,0.0968
8/20/2021,2.9616,0.0432,0.0422,0.0473,0.0553,-0.0062,0.0654,0.0155,-0.0172,0.1082,0.0649,0.0185,0.0523,0.0689,0.0845,0.1012,0.0599,0.0986,0.0523,0.0513,0.0442,0.0599,0.0629,0.0311,0.0835,0.0624,0.0619,0.1153,0.1077,0.0886,0.074,0.0931,0.0986,0.1143,0.0886,0.0961,0.0886,0.0488,0.0629,0.1017,-0.1972,0.0311,0.0563,0.1057,0.0493,0.0644,0.0986,0.0639,0.0992
8/19/2021,2.8963,0.0457,0.0814,0.0452,-0.0089,0.0289,-0.0273,-0.038,-0.041,0.086,0.0523,0.0309,0.111,0.0937,0.058,0.086,0.1029,0.0467,0.0983,0.0508,0.0641,0.0947,0.1044,0.0784,0.0574,0.0794,0.0544,0.0079,0.1136,0.085,0.0876,0.0916,0.1263,0.1218,0.0927,0.1095,0.0911,0.0983,0.0702,0.0953,-0.2335,0.0615,0.0212,0.0799,0.0442,0.0743,0.0835,0.0483,0.0906
8/18/2021,3.2218,0.0596,0.0931,0.1036,0.0123,0.0071,0.0028,0.0042,-0.0321,0.0888,0.0176,-0.0092,0.0362,0.0854,0.0888,0.0807,0.0725,0.0563,0.0854,0.0596,0.0544,0.1108,0.0787,0.0582,0.0596,0.1122,0.0625,0.0338,0.0979,0.0682,0.0979,0.127,0.1184,0.128,0.0979,0.1237,0.0916,0.0491,0.0797,0.124,-0.0721,0.0673,0.0878,0.0592,0.0625,0.0792,0.0582,0.0912,0.1022
8/17/2021,2.8638,0.0794,0.0783,0.0537,-0.0229,0.0018,0.0568,0.0095,-0.0362,0.0475,0.0634,0.0398,0.0809,0.0783,0.0716,0.0537,0.0619,0.0778,0.0449,0.0722,0.0942,0.0778,0.1143,0.0593,0.0814,0.1148,0.0778,0.0583,0.0989,0.067,0.066,0.0912,0.0932,0.1025,0.0968,0.0989,0.0922,0.0819,0.0752,0.0854,-0.2888,0.1081,0.0167,0.0758,0.0778,0.0526,0.0419,0.0912,0.049
8/16/2021,2.9618,0.0387,0.0735,0.0629,-0.0011,-0.0525,-0.0293,0.0226,-0.0223,0.0019,0.0558,0.0347,0.081,0.0634,0.0855,0.0906,0.0992,0.0447,0.1002,0.084,0.0442,0.0553,0.0553,0.0407,0.08,0.081,0.0956,0.0357,0.1072,0.0956,0.0886,0.0936,0.0986,0.1163,0.1289,0.1133,0.08,0.0951,0.0614,0.098,-0.2181,0.1032,0.1138,0.0447,0.0614,0.0745,0.1022,0.0699,0.1123
8/15/2021,2.5387,0.0285,0.088,0.0695,0.023,-0.0026,-0.0026,-0.0021,-0.06,0.0547,0.0558,-0.0272,0.029,0.094,0.0962,0.0421,0.0957,0.0536,0.0815,0.0831,0.0815,0.0553,0.0891,0.0689,0.0454,0.1131,0.0842,0.0596,0.0973,0.0159,0.0509,0.1164,0.0984,0.1028,0.1121,0.1099,0.076,0.0908,0.0427,0.054,-0.4645,0.0711,0.0318,0.0891,0.1148,0.0902,0.1044,0.0749,0.0624
8/14/2021,3.1889,0.0377,0.0594,0.0445,0.0233,0.0353,0.0089,0.0502,0.0781,-0.0065,0.0204,0.0604,0.0709,0.0719,0.0695,0.0555,0.0868,0.0931,0.0502,0.07,0.0916,0.0873,0.0738,0.032,0.0911,0.0671,0.0781,0.0685,0.1186,0.0863,0.0887,0.1176,0.1253,0.1162,0.1214,0.107,0.0834,0.0786,0.107,0.1046,-0.1811,0.0608,0.0757,0.0483,0.0868,0.0777,0.0406,0.0757,0.0806
8/13/2021,2.8641,0.0778,0.0845,0.0336,0.0136,0.0023,-0.028,0.0783,0.0424,0.0157,-0.0018,0.0804,0.0598,0.0788,0.0701,0.0691,0.102,0.0948,0.067,0.0876,0.0814,0.0732,0.1174,0.0229,0.1025,0.065,0.0804,0.0691,0.103,0.0578,0.0942,0.1312,0.0876,0.1287,0.104,0.1004,0.0773,0.1102,0.0496,0.0494,-0.4906,0.0963,0.1035,0.0752,0.0598,0.0598,0.0419,0.0799,0.105
8/12/2021,2.8963,0.084,0.0437,0.0855,0.0054,0.0069,0.0008,-0.0436,0.0513,0.0156,0.0049,-0.0283,0.0503,0.0687,0.1039,0.0493,0.0916,0.0763,0.0518,0.0493,0.0937,0.0513,0.0825,0.1039,0.0947,0.0677,0.1013,0.0886,0.1019,0.0916,0.0819,0.1274,0.1243,0.1182,0.1064,0.1059,0.086,0.0901,0.0472,0.0755,-0.3439,0.0687,0.0646,0.0973,0.086,0.0978,0.0544,0.0529,0.111
8/11/2021,6.476,0.1328,0.1306,0.1302,0.1266,0.1208,0.1322,0.1124,0.1217,0.1255,0.1142,0.1261,0.1403,0.1415,0.1351,0.1447,0.1356,0.1411,0.1391,0.133,0.1395,0.1327,0.1324,0.1313,0.126,0.1452,0.1363,0.1478,0.1488,0.1202,0.1464,0.1426,0.1525,0.1555,0.1438,0.1427,0.1421,0.1405,0.1366,0.1468,0.0556,0.1475,0.1301,0.137,0.1351,0.1434,0.1438,0.1402,0.1501
8/10/2021,5.37,0.1241,0.0975,0.1112,0.067,0.0557,0.0575,0.0891,0.0772,0.072,0.1277,0.0778,0.0975,0.1306,0.1348,0.1212,0.1114,0.1254,0.1041,0.1262,0.1106,0.1293,0.1301,0.1233,0.1149,0.1377,0.1243,0.1162,0.1312,0.0896,0.1188,0.1435,0.1304,0.1341,0.1454,0.1304,0.1204,0.1156,0.1319,0.1418,0.0274,0.0993,0.1109,0.1204,0.1146,0.1291,0.1035,0.1285,0.1088
8/9/2021,3.2217,0.0912,0.085,0.0553,0.0544,-0.0713,-0.0245,0.0558,0.0534,0.0701,0.0386,0.0047,0.0721,0.1031,0.0897,0.0582,0.0553,0.0768,0.0749,0.0663,0.0926,0.0668,0.0725,0.0854,0.0611,0.1036,0.1079,0.0176,0.0988,0.0033,0.096,0.1304,0.1265,0.105,0.1313,0.1012,0.0854,0.0596,0.0635,0.1013,-0.1995,0.1093,0.0334,0.0926,0.096,0.1003,0.106,0.0802,0.0845
8/8/2021,6.1506,0.1326,0.1199,0.1354,0.1106,0.0735,0.1149,0.128,0.128,0.1447,0.1411,0.0995,0.1456,0.1347,0.1419,0.1395,0.1354,0.1404,0.1328,0.1332,0.1238,0.1432,0.1302,0.119,0.1423,0.1319,0.1419,0.1463,0.1421,0.1143,0.1347,0.1458,0.1521,0.1402,0.1522,0.1509,0.1363,0.1221,0.1408,0.1234,-0.0758,0.1221,0.1302,0.1447,0.1402,0.1395,0.1204,0.1326,0.1315
8/7/2021,7.4847,0.1556,0.1535,0.159,0.1548,0.1416,0.1506,0.148,0.1564,0.1574,0.1564,0.1476,0.1539,0.1565,0.1576,0.1605,0.156,0.1543,0.16,0.155,0.1554,0.1591,0.157,0.1568,0.1535,0.1602,0.1591,0.1604,0.1598,0.1495,0.1559,0.1588,0.1585,0.1629,0.1626,0.1623,0.1594,0.1545,0.158,0.16,0.1294,0.1577,0.1522,0.1607,0.1574,0.1539,0.159,0.1589,0.1571
8/6/2021,5.6626,0.1258,0.1117,0.1351,0.086,0.0729,0.1225,0.1148,0.0685,0.1304,0.1141,0.1272,0.1131,0.1335,0.1325,0.1349,0.1384,0.119,0.1311,0.1115,0.1295,0.1307,0.129,0.1255,0.1106,0.1372,0.118,0.141,0.1339,0.1267,0.1248,0.1417,0.1339,0.1435,0.1494,0.1372,0.1293,0.1141,0.1339,0.1091,-0.1558,0.1382,0.119,0.1136,0.1237,0.1223,0.1342,0.1166,0.1288
8/5/2021,5.6301,0.1257,0.1306,0.1072,0.102,0.0977,0.1188,0.1167,0.1093,0.1088,0.1005,0.1188,0.1366,0.1321,0.1283,0.1152,0.1257,0.1304,0.134,0.1195,0.1183,0.1207,0.1423,0.1015,0.1084,0.1342,0.1145,0.1114,0.142,0.088,0.1252,0.1309,0.1442,0.1415,0.1411,0.134,0.1318,0.1228,0.1354,0.112,-0.1396,0.1188,0.1273,0.1394,0.1152,0.1242,0.1387,0.1287,0.1193
8/4/2021,5.5005,0.1312,0.1329,0.1017,0.0834,0.0977,0.0997,0.0919,0.1079,0.1357,0.1057,0.0814,0.1209,0.1242,0.1347,0.1112,0.1182,0.1064,0.1127,0.1299,0.1259,0.1264,0.1367,0.1059,0.1112,0.1427,0.1189,0.0834,0.1347,0.0909,0.1232,0.1379,0.1299,0.1429,0.1382,0.1302,0.1267,0.1359,0.1137,0.1303,-0.0372,0.1154,0.0942,0.1082,0.1337,0.1104,0.1137,0.1099,0.1392
8/3/2021,5.988,0.117,0.1313,0.128,0.1206,0.1168,0.0977,0.1278,0.0856,0.1085,0.1331,0.1258,0.1319,0.1435,0.1393,0.1292,0.1254,0.1309,0.1341,0.1351,0.1357,0.128,0.1307,0.1162,0.1317,0.1274,0.1298,0.1045,0.1465,0.1367,0.1256,0.1439,0.1337,0.1518,0.1465,0.1467,0.1351,0.1208,0.1284,0.1247,-0.0688,0.119,0.1222,0.1431,0.1339,0.1274,0.1381,0.1296,0.1375
8/2/2021,6.4113,0.1335,0.1455,0.1296,0.123,0.0937,0.1084,0.1308,0.1036,0.1212,0.1123,0.1384,0.1468,0.1466,0.1459,0.1368,0.1362,0.1382,0.135,0.1282,0.1352,0.1481,0.1516,0.1452,0.1435,0.1462,0.1381,0.122,0.1443,0.1266,0.1411,0.1441,0.1455,0.1508,0.1459,0.143,0.1443,0.1339,0.1405,0.1378,0.0047,0.1274,0.1433,0.1405,0.15,0.1325,0.1405,0.142,0.149
8/1/2021,4.8489,0.0895,0.1163,0.0816,0.0731,0.0895,0.0797,0.0337,0.1046,0.1279,0.0869,0.0485,0.0863,0.1238,0.1166,0.1292,0.1213,0.1043,0.1046,0.0936,0.0917,0.1207,0.1203,0.097,0.1055,0.1364,0.1266,0.0955,0.1213,0.091,0.1219,0.1235,0.1263,0.1342,0.1178,0.1311,0.1181,0.1115,0.1036,0.1124,-0.1376,0.086,0.1197,0.1339,0.0999,0.1052,0.0923,0.1181,0.114
7/31/2021,6.6064,0.1427,0.1296,0.1389,0.1129,0.1212,0.112,0.1175,0.1127,0.1271,0.1361,0.138,0.1467,0.147,0.1467,0.1479,0.1389,0.1377,0.1364,0.1466,0.1426,0.1501,0.1391,0.1292,0.1529,0.1437,0.149,0.1446,0.149,0.1237,0.1424,0.1498,0.1526,0.1565,0.1484,0.1533,0.1488,0.1318,0.1341,0.1471,0.0572,0.1403,0.1511,0.1353,0.1374,0.1345,0.1446,0.1352,0.1455
7/30/2021,3.7429,0.0773,0.0756,0.0892,0.033,0.0564,0.0155,0.0113,0.0781,0.0432,0.0892,0.1075,0.0892,0.0934,0.0858,0.116,0.1003,0.0985,0.0845,0.0819,0.1041,0.1062,0.073,0.0636,0.0564,0.1122,0.0802,0.1024,0.1096,0.0385,0.0909,0.1186,0.1169,0.1092,0.1356,0.1075,0.1024,0.0947,0.096,0.0859,-0.286,0.1152,0.0879,0.0641,0.096,0.0807,0.0547,0.0836,0.1169
7/29/2021,4.9139,0.0833,0.1241,0.1037,0.05,0.0645,0.0522,0.0738,0.0738,0.1232,0.079,0.0469,0.1124,0.1303,0.1009,0.1043,0.1232,0.1191,0.0997,0.1077,0.1065,0.1161,0.1228,0.1117,0.1303,0.133,0.1247,0.0747,0.1225,0.0772,0.1049,0.1164,0.1151,0.1349,0.1315,0.1386,0.117,0.1124,0.134,0.1276,-0.052,0.0901,0.1259,0.1228,0.0975,0.0892,0.1108,0.0979,0.1077
7/28/2021,3.8075,0.0543,0.0577,0.0845,0.03,0.0254,0.064,0.0019,0.0199,0.0858,0.0568,0.0577,0.1067,0.1143,0.1168,0.0962,0.0946,0.1063,0.0614,0.0941,0.0866,0.1105,0.1176,0.1046,0.092,0.1239,0.0786,0.1143,0.1218,0.0841,0.1004,0.1214,0.1117,0.1369,0.1323,0.1155,0.0954,0.0681,0.1176,0.0686,-0.383,0.0895,0.0883,0.113,0.0891,0.1092,0.1071,0.0686,0.0954
7/27/2021,4.1656,0.1184,0.0942,0.0716,0.0543,-0.0251,0.0827,0.0513,0.0474,0.1122,0.1069,0.0589,0.0662,0.1026,0.0919,0.0884,0.0762,0.095,0.0957,0.0915,0.0735,0.1042,0.1076,0.0612,0.0777,0.1314,0.1049,0.1168,0.113,0.0451,0.0911,0.113,0.1042,0.1371,0.1299,0.1337,0.0984,0.0946,0.1126,0.1134,-0.1317,0.1111,0.0654,0.0723,0.1115,0.0716,0.0957,0.1076,0.1184
7/26/2021,4.3934,0.0797,0.0725,0.0787,0.0635,0.0336,0.0552,0.0412,0.0639,0.0754,0.0682,0.0487,0.0812,0.1046,0.1248,0.0866,0.0841,0.0841,0.1165,0.0801,0.0999,0.1201,0.0837,0.0989,0.1274,0.0999,0.1014,0.0765,0.1288,0.0913,0.0992,0.123,0.1328,0.1274,0.118,0.1162,0.1072,0.1097,0.1032,0.1305,-0.0359,0.1014,0.0664,0.1266,0.0989,0.1176,0.079,0.0877,0.114
7/25/2021,5.2396,0.1126,0.12,0.1272,0.088,0.0253,0.0872,0.1137,0.0505,0.1333,0.0731,0.1173,0.0957,0.1203,0.1159,0.1142,0.1037,0.1167,0.1004,0.1012,0.1233,0.1059,0.1054,0.1236,0.1302,0.1286,0.1092,0.0979,0.1366,0.0764,0.1228,0.1297,0.1335,0.133,0.146,0.1311,0.1247,0.1311,0.1363,0.1292,-0.0434,0.1233,0.1214,0.1357,0.1073,0.0993,0.0954,0.115,0.1148
7/24/2021,4.1652,0.0815,0.0881,0.0976,0.0792,0.0064,0.0075,0.0018,0.0532,0.0386,0.1176,0.0953,0.0796,0.0942,0.1107,0.0884,0.0769,0.0873,0.0808,0.1072,0.1038,0.1045,0.0884,0.0766,0.0704,0.1164,0.126,0.0904,0.1141,0.1088,0.1157,0.1256,0.1337,0.1325,0.1126,0.1348,0.1141,0.1199,0.0858,0.1035,-0.187,0.1111,0.0854,0.0915,0.0781,0.1103,0.0976,0.1053,0.1034
7/23/2021,3.7751,0.0805,0.0703,0.0855,0.0065,-0.0049,0.0074,0.0463,0.0653,0.1092,0.0602,0.0729,0.0771,0.097,0.0953,0.1003,0.0788,0.102,0.0957,0.0657,0.1067,0.1189,0.1122,0.0585,0.0712,0.1155,0.0788,0.0306,0.1189,0.1084,0.1096,0.1193,0.1215,0.1109,0.1244,0.1308,0.0995,0.0991,0.091,0.0843,-0.2951,0.0551,0.0906,0.0881,0.1012,0.0885,0.1193,0.0902,0.116
7/22/2021,4.7516,0.1228,0.1098,0.1111,0.0932,0.0195,0.0864,0.0955,0.05,0.079,0.1124,0.104,0.0842,0.1027,0.1108,0.128,0.1046,0.1082,0.1137,0.0932,0.1209,0.1157,0.1332,0.0825,0.1176,0.1345,0.1313,0.0637,0.1274,0.0757,0.1004,0.1225,0.143,0.1264,0.1166,0.1199,0.1176,0.1114,0.1056,0.102,-0.1958,0.1014,0.1056,0.1027,0.0881,0.0916,0.129,0.1176,0.1144
7/21/2021,4.9464,0.109,0.1071,0.0858,0.0995,0.0167,0.0705,0.0674,0.068,0.1322,0.1193,0.0836,0.1083,0.1251,0.108,0.098,0.1294,0.1181,0.1123,0.1074,0.0949,0.1111,0.098,0.1303,0.1016,0.1343,0.1334,0.0659,0.1331,0.1013,0.1025,0.1386,0.1419,0.141,0.1206,0.1209,0.1163,0.1038,0.0964,0.1212,-0.088,0.0882,0.1029,0.0967,0.1279,0.0986,0.0943,0.1196,0.1334
7/20/2021,5.239,0.0921,0.1255,0.1167,0.0623,0.0954,0.1076,0.0957,0.0607,0.0665,0.0814,0.0816,0.1255,0.1258,0.1269,0.1145,0.107,0.1327,0.1211,0.1208,0.1255,0.1222,0.1004,0.1023,0.1288,0.1418,0.1382,0.0775,0.13,0.0805,0.1288,0.1286,0.1346,0.1363,0.1424,0.1357,0.1308,0.1197,0.0999,0.1237,-0.0741,0.1206,0.0971,0.1134,0.1269,0.1021,0.1128,0.1239,0.1288
7/19/2021,5.37,0.1056,0.1059,0.0978,0.1025,0.0473,0.0801,0.0665,0.0993,0.0935,0.1254,0.0793,0.1225,0.1238,0.1106,0.1177,0.1267,0.1241,0.1291,0.1156,0.1238,0.1317,0.1354,0.1351,0.1214,0.1375,0.1096,0.0954,0.1322,0.1099,0.1222,0.1412,0.139,0.1319,0.1254,0.1412,0.1238,0.1083,0.1038,0.1246,-0.0692,0.1201,0.1209,0.1075,0.1246,0.1088,0.1288,0.1241,0.1377
7/18/2021,5.2068,0.0985,0.0988,0.1251,0.0547,0.0427,0.0555,0.0471,0.0745,0.1309,0.1309,0.0868,0.1183,0.1147,0.1214,0.1234,0.1292,0.1183,0.1089,0.0994,0.1181,0.113,0.1021,0.1312,0.1024,0.1195,0.1351,0.1217,0.132,0.094,0.117,0.1276,0.141,0.1401,0.1457,0.1228,0.1172,0.1206,0.1304,0.1305,-0.036,0.1049,0.0857,0.1329,0.1094,0.1091,0.1214,0.1172,0.1211
7/17/2021,5.6629,0.1269,0.1115,0.1293,0.0771,0.1108,0.1059,0.0748,0.0687,0.1253,0.1335,0.1029,0.1127,0.1295,0.1302,0.1346,0.1136,0.1251,0.1351,0.1244,0.1307,0.1251,0.1358,0.1323,0.1155,0.1384,0.1403,0.111,0.1407,0.129,0.119,0.1431,0.1438,0.1454,0.1344,0.1459,0.1288,0.1363,0.1265,0.1113,-0.1435,0.112,0.1141,0.1288,0.144,0.1337,0.1159,0.1309,0.1218
7/16/2021,6.5741,0.136,0.1476,0.147,0.1119,0.1287,0.1276,0.1416,0.1319,0.1463,0.1215,0.1473,0.1353,0.14,0.1484,0.1454,0.1337,0.1443,0.1347,0.1424,0.1466,0.1446,0.1409,0.1474,0.1407,0.1476,0.149,0.1239,0.1463,0.1179,0.1478,0.1451,0.1443,0.1517,0.1524,0.1541,0.1468,0.139,0.1389,0.1354,-0.0086,0.1284,0.1527,0.1347,0.1533,0.1373,0.1299,0.1393,0.1351
7/15/2021,5.9229,0.1372,0.1237,0.1417,0.0987,0.0836,0.1102,0.11,0.1251,0.1062,0.1243,0.0906,0.1274,0.1355,0.1393,0.1284,0.1341,0.128,0.1299,0.1332,0.1291,0.1307,0.1193,0.1185,0.1424,0.132,0.1341,0.1199,0.1409,0.137,0.1243,0.148,0.1382,0.1378,0.1492,0.1357,0.1351,0.1376,0.1278,0.1248,-0.0679,0.1309,0.1305,0.1172,0.1287,0.1264,0.1336,0.1183,0.1357
7/14/2021,5.8577,0.1176,0.115,0.1238,0.1052,0.0615,0.0958,0.0812,0.1093,0.0891,0.1382,0.1114,0.1384,0.1386,0.1313,0.1356,0.1405,0.117,0.1279,0.1165,0.1264,0.1414,0.1347,0.1377,0.1296,0.1225,0.1303,0.1075,0.1384,0.0943,0.1341,0.1459,0.1493,0.1495,0.1412,0.1365,0.1328,0.1418,0.1223,0.1369,0,0.1427,0.1285,0.1138,0.1176,0.1234,0.1414,0.1208,0.1225
7/13/2021,6.1834,0.1432,0.1369,0.1282,0.1149,0.1251,0.1185,0.0975,0.1303,0.1127,0.1127,0.1076,0.1298,0.1291,0.1278,0.1421,0.1234,0.1363,0.1372,0.1234,0.1242,0.1441,0.1271,0.1389,0.1243,0.1481,0.1414,0.1211,0.146,0.1303,0.138,0.1418,0.1372,0.1414,0.1529,0.1427,0.14,0.1405,0.1345,0.1344,-0.0143,0.1252,0.1193,0.1485,0.1414,0.134,0.1305,0.1265,0.1467
7/12/2021,6.8992,0.1517,0.1396,0.14,0.1314,0.136,0.1425,0.134,0.1421,0.1442,0.1369,0.1423,0.1376,0.1461,0.1472,0.1491,0.1444,0.1418,0.1415,0.1423,0.1506,0.146,0.145,0.1373,0.1448,0.1498,0.1548,0.1423,0.1535,0.1505,0.1472,0.151,0.1483,0.1586,0.1529,0.1516,0.15,0.1441,0.1538,0.1478,0.0611,0.1481,0.1419,0.1465,0.1401,0.1474,0.1432,0.1474,0.1529
7/11/2021,5.0446,0.1158,0.0928,0.1315,0.1019,0.021,0.0972,0.0857,0.0446,0.1141,0.0792,0.1087,0.0863,0.1164,0.1025,0.1324,0.125,0.1058,0.125,0.1155,0.1016,0.1229,0.1294,0.1274,0.091,0.1392,0.104,0.0804,0.1342,0.0969,0.1209,0.1342,0.1315,0.1229,0.1407,0.1259,0.1158,0.1191,0.0963,0.1167,-0.1132,0.091,0.1377,0.1123,0.1259,0.1152,0.1141,0.0972,0.112
7/10/2021,3.9381,0.0879,0.0911,0.1135,0.07,-0.0348,0.0306,0.0513,0.0407,0.0322,0.1074,0.0546,0.0732,0.0834,0.1041,0.1041,0.0866,0.0952,0.1074,0.1029,0.0988,0.0854,0.0773,0.0675,0.0879,0.1139,0.0793,0.0529,0.1191,0.0728,0.0935,0.1163,0.1346,0.12,0.109,0.1151,0.1005,0.1102,0.1216,0.1041,-0.1839,0.1009,0.0899,0.0753,0.1094,0.098,0.0684,0.0749,0.124
7/9/2021,4.8487,0.114,0.1046,0.0876,0.0526,0.0299,0.0781,0.0438,0.0447,0.0554,0.0885,0.0617,0.1118,0.1191,0.132,0.1055,0.1191,0.1181,0.1282,0.1185,0.1055,0.1068,0.1282,0.0951,0.1352,0.1065,0.1178,0.1159,0.1307,0.0914,0.0999,0.121,0.1342,0.12,0.1421,0.1292,0.1229,0.0973,0.1203,0.1318,-0.0288,0.1071,0.0895,0.1248,0.1156,0.0999,0.0806,0.1005,0.0945
7/8/2021,5.0118,0.1081,0.1006,0.1123,0.0436,0.0394,0.0746,0.0486,0.0519,0.1066,0.0982,0.0794,0.1099,0.1117,0.1018,0.1123,0.1,0.1162,0.1305,0.0976,0.1069,0.1027,0.115,0.1162,0.115,0.132,0.1332,0.1239,0.1296,0.0902,0.1105,0.1311,0.1434,0.1293,0.1266,0.1404,0.126,0.1171,0.1227,0.1257,-0.0631,0.103,0.0806,0.1132,0.1257,0.1111,0.1171,0.1183,0.1251
7/7/2021,6.7041,0.1391,0.1398,0.1471,0.133,0.1054,0.1328,0.1221,0.127,0.1337,0.1286,0.1347,0.1476,0.1494,0.1524,0.1442,0.1358,0.1494,0.1466,0.1472,0.1414,0.1497,0.1396,0.1418,0.1483,0.142,0.1457,0.1537,0.1527,0.1415,0.1427,0.1505,0.1488,0.1502,0.1488,0.1479,0.1455,0.1461,0.1462,0.1365,-0.0025,0.1459,0.1461,0.1492,0.1516,0.1476,0.1378,0.1498,0.1431
7/6/2021,5.3697,0.1067,0.0951,0.1196,0.067,0.0904,0.0672,0.052,0.0964,0.0896,0.0825,0.082,0.1001,0.1141,0.1099,0.1159,0.1135,0.1327,0.117,0.1051,0.1267,0.133,0.1025,0.1133,0.1341,0.1314,0.1338,0.1085,0.1346,0.1006,0.1185,0.1414,0.1362,0.1291,0.1356,0.1251,0.1243,0.1319,0.1109,0.1391,0.0124,0.1272,0.1012,0.1101,0.1212,0.1325,0.1346,0.1306,0.1325
7/5/2021,6.8341,0.141,0.1509,0.1406,0.1267,0.1106,0.1313,0.1216,0.143,0.1404,0.1347,0.1214,0.1465,0.1445,0.1437,0.1481,0.1506,0.1501,0.1376,0.1389,0.1407,0.1503,0.1423,0.1406,0.1378,0.1458,0.1444,0.1444,0.1535,0.1318,0.1467,0.1531,0.1501,0.1524,0.1485,0.1495,0.1473,0.1494,0.1453,0.1581,0.1184,0.1434,0.1537,0.1413,0.1498,0.1374,0.1456,0.1409,0.1494
7/4/2021,7.9735,0.1662,0.1662,0.1659,0.166,0.1655,0.1657,0.1657,0.1656,0.166,0.1659,0.1662,0.1659,0.1663,0.1663,0.1662,0.1664,0.1662,0.1661,0.1663,0.1662,0.1663,0.1661,0.1663,0.1664,0.1664,0.1664,0.1659,0.1664,0.1661,0.1663,0.1665,0.1662,0.1663,0.1664,0.1665,0.1662,0.1664,0.1661,0.1661,0.1634,0.1663,0.1663,0.1664,0.1661,0.1663,0.1662,0.1662,0.1662
7/3/2021,5.5322,0.1338,0.1237,0.1087,0.1067,0.0699,0.1015,0.0894,0.0756,0.1136,0.1284,0.0707,0.1205,0.1343,0.1383,0.1107,0.1099,0.12,0.1235,0.1309,0.1301,0.1158,0.1065,0.1299,0.1417,0.14,0.1292,0.1173,0.1405,0.1013,0.1151,0.1489,0.1321,0.1311,0.1474,0.1334,0.1235,0.1114,0.119,0.1184,-0.1036,0.1183,0.1176,0.1104,0.1432,0.1183,0.126,0.1262,0.1331
7/2/2021,6.2485,0.1241,0.1197,0.1402,0.1271,0.0791,0.0947,0.1215,0.1006,0.1404,0.1369,0.104,0.1309,0.1421,0.1325,0.1362,0.1439,0.1383,0.1281,0.1269,0.125,0.1329,0.1499,0.1302,0.1364,0.1406,0.1483,0.1173,0.1435,0.1101,0.1365,0.1521,0.1449,0.1502,0.1441,0.149,0.1379,0.1378,0.1418,0.1463,0.0525,0.1192,0.1224,0.1497,0.1274,0.135,0.1316,0.1269,0.1418
7/1/2021,5.4025,0.1215,0.128,0.0999,0.0841,0.1119,0.075,0.0796,0.0596,0.1319,0.1248,0.0908,0.1326,0.1181,0.1241,0.1339,0.1124,0.1124,0.1321,0.1069,0.1155,0.1158,0.1134,0.1264,0.1009,0.1212,0.1334,0.0848,0.1337,0.0932,0.1264,0.1428,0.142,0.1389,0.1441,0.1435,0.1277,0.128,0.1085,0.1234,-0.0756,0.1158,0.1183,0.1056,0.1267,0.1074,0.1129,0.1293,0.1189
6/30/2021,6.769,0.1344,0.1423,0.1472,0.1369,0.1083,0.1398,0.132,0.1324,0.1268,0.1451,0.13,0.1457,0.1478,0.1531,0.145,0.1385,0.1408,0.1392,0.1494,0.1375,0.1477,0.1392,0.1455,0.1486,0.1533,0.151,0.1416,0.1528,0.1247,0.145,0.1518,0.1529,0.156,0.1523,0.1525,0.1504,0.1531,0.1492,0.141,0.0227,0.1381,0.1451,0.1515,0.1369,0.151,0.1486,0.1514,0.1429
6/29/2021,4.8168,0.1234,0.0919,0.1132,0.0906,0.0084,0.04,0.0791,0.0533,0.0963,0.0906,0.0766,0.1285,0.1071,0.1141,0.1078,0.1036,0.1017,0.0874,0.1119,0.118,0.1243,0.0906,0.0826,0.1256,0.1046,0.1129,0.0826,0.1231,0.103,0.1215,0.1301,0.1352,0.1304,0.1231,0.1352,0.1246,0.0871,0.1014,0.1216,-0.0859,0.0839,0.1339,0.118,0.1125,0.1122,0.0985,0.1256,0.1151
6/28/2021,6.4437,0.1407,0.1441,0.1237,0.1122,0.1253,0.1298,0.1218,0.1362,0.1492,0.1187,0.1276,0.145,0.1455,0.1391,0.1432,0.1422,0.1365,0.1379,0.1408,0.1418,0.1483,0.1326,0.1357,0.1385,0.1373,0.1415,0.1488,0.1494,0.119,0.1371,0.1469,0.1436,0.1523,0.1452,0.143,0.1404,0.1453,0.1331,0.1263,-0.0594,0.1371,0.1489,0.1436,0.1393,0.1301,0.1435,0.1461,0.1489
6/27/2021,7.7779,0.1633,0.1636,0.1618,0.1608,0.16,0.1596,0.162,0.1597,0.1638,0.1601,0.1619,0.1632,0.1642,0.1637,0.1623,0.1638,0.1639,0.1637,0.1618,0.1624,0.164,0.1642,0.1609,0.1609,0.1639,0.162,0.1595,0.1638,0.1629,0.1631,0.1647,0.1634,0.1644,0.1649,0.1644,0.1631,0.1638,0.1628,0.161,0.135,0.1625,0.1644,0.1613,0.1616,0.1621,0.1632,0.1618,0.1627
6/26/2021,6.2813,0.124,0.1342,0.1337,0.0974,0.0912,0.127,0.094,0.1182,0.1292,0.1184,0.1065,0.1349,0.1466,0.1319,0.1309,0.129,0.1266,0.1393,0.1306,0.1306,0.1338,0.1411,0.1405,0.1481,0.1515,0.1361,0.1354,0.1471,0.1407,0.139,0.1521,0.1433,0.1515,0.1491,0.1495,0.1447,0.1436,0.1469,0.1393,0.0131,0.1232,0.135,0.1314,0.1388,0.1368,0.1237,0.1295,0.1423
6/25/2021,6.4112,0.1311,0.126,0.1373,0.1279,0.1125,0.1211,0.1397,0.1358,0.1174,0.1198,0.1401,0.1317,0.1446,0.1487,0.1465,0.1293,0.1325,0.1454,0.1317,0.1319,0.1411,0.1501,0.1468,0.1435,0.1424,0.149,0.1241,0.1465,0.1433,0.1333,0.147,0.1438,0.1524,0.1439,0.1468,0.1382,0.1281,0.1287,0.1377,0.0043,0.1427,0.125,0.1279,0.1452,0.1422,0.1255,0.1295,0.1312
6/24/2021,5.6624,0.1255,0.1071,0.1159,0.0713,0.104,0.0823,0.1113,0.0888,0.1038,0.123,0.1293,0.1017,0.1353,0.1251,0.1356,0.1265,0.1377,0.1173,0.1141,0.1339,0.1337,0.1157,0.1283,0.1323,0.129,0.1216,0.0928,0.1372,0.1344,0.1358,0.1321,0.1379,0.1339,0.1346,0.1297,0.1265,0.1209,0.1412,0.1263,-0.0594,0.1276,0.129,0.111,0.1407,0.1166,0.1183,0.1323,0.1129
6/23/2021,5.695,0.115,0.1321,0.1279,0.1114,0.112,0.1226,0.092,0.0945,0.0844,0.1273,0.1167,0.1358,0.1254,0.1314,0.1222,0.1178,0.1367,0.1261,0.1263,0.1164,0.1167,0.1289,0.1042,0.1395,0.1199,0.1367,0.1233,0.1395,0.1323,0.1173,0.1379,0.1434,0.1471,0.1468,0.1293,0.1335,0.1256,0.1316,0.103,-0.1899,0.1367,0.1284,0.1337,0.1332,0.1229,0.1266,0.1339,0.139
6/22/2021,7.3875,0.1542,0.158,0.1502,0.1479,0.1512,0.1524,0.143,0.1488,0.1509,0.1571,0.1436,0.1499,0.1549,0.1591,0.1566,0.1525,0.1542,0.1528,0.1541,0.1553,0.1575,0.1592,0.1514,0.1512,0.1602,0.1533,0.1574,0.1582,0.1492,0.1574,0.1627,0.1621,0.1591,0.1591,0.1601,0.1578,0.1523,0.1529,0.1585,0.1208,0.1578,0.1581,0.1567,0.1543,0.1536,0.1503,0.1524,0.1572
6/21/2021,6.4109,0.1473,0.1443,0.1279,0.1023,0.0901,0.1174,0.1018,0.1254,0.1487,0.1163,0.1104,0.1296,0.1425,0.1441,0.1451,0.1365,0.146,0.136,0.1293,0.1425,0.1343,0.1501,0.1249,0.125,0.1347,0.1336,0.1212,0.1439,0.1176,0.1333,0.1506,0.1501,0.1471,0.1519,0.1455,0.1447,0.1433,0.1341,0.1486,0.0654,0.1312,0.1481,0.1406,0.1433,0.1422,0.1311,0.1405,0.1505
6/20/2021,5.1745,0.1311,0.1073,0.1022,0.0655,0.0421,0.0483,0.0799,0.0686,0.1096,0.1102,0.1223,0.1155,0.1096,0.1215,0.102,0.1011,0.1135,0.1319,0.1,0.1113,0.1311,0.0986,0.1167,0.1311,0.1217,0.1356,0.1271,0.1297,0.0833,0.1215,0.1407,0.1452,0.1313,0.135,0.1378,0.1232,0.1172,0.1345,0.1148,-0.1239,0.1022,0.1135,0.1172,0.1155,0.1282,0.0952,0.1319,0.1251
6/19/2021,6.8993,0.1473,0.1463,0.1507,0.1339,0.11,0.1327,0.1349,0.1434,0.1423,0.1329,0.1499,0.1467,0.1464,0.1488,0.1521,0.1451,0.1432,0.1463,0.1473,0.1427,0.1494,0.1449,0.1369,0.1482,0.1536,0.1488,0.136,0.1521,0.1343,0.1442,0.1549,0.1557,0.1542,0.1511,0.1505,0.1499,0.1494,0.1441,0.1495,0.0707,0.1404,0.1514,0.1494,0.1524,0.1521,0.1363,0.1507,0.1453
6/18/2021,5.7282,0.1119,0.1094,0.109,0.1035,0.1033,0.0828,0.1171,0.0858,0.089,0.1003,0.1142,0.1128,0.1249,0.1276,0.1185,0.1262,0.1367,0.1151,0.1267,0.1301,0.1269,0.1226,0.1128,0.1433,0.1351,0.1274,0.114,0.1408,0.1264,0.1346,0.1478,0.138,0.1444,0.1333,0.148,0.1355,0.114,0.1144,0.1402,0.0182,0.1158,0.1158,0.1324,0.1208,0.1151,0.1239,0.1183,0.1235
6/17/2021,5.3369,0.1131,0.094,0.1046,0.0998,0.054,0.0948,0.1195,0.0825,0.0801,0.1283,0.1318,0.0977,0.1315,0.1374,0.1169,0.1259,0.1033,0.1275,0.1057,0.1262,0.1363,0.1374,0.0942,0.1323,0.1161,0.1259,0.082,0.1326,0.0878,0.1171,0.1424,0.1273,0.1318,0.1395,0.144,0.1235,0.1166,0.1352,0.1197,-0.0963,0.1262,0.0966,0.1126,0.1145,0.1273,0.1033,0.1299,0.1065
6/16/2021,6.6717,0.1327,0.1313,0.141,0.1146,0.1042,0.1153,0.1267,0.1153,0.1187,0.1441,0.1465,0.1335,0.1449,0.1463,0.1372,0.1479,0.1358,0.1501,0.1372,0.1389,0.1465,0.142,0.1372,0.14,0.1478,0.1389,0.1357,0.1501,0.1482,0.1455,0.1494,0.1455,0.1513,0.1465,0.154,0.1463,0.1463,0.1471,0.1482,0.063,0.1514,0.1523,0.1441,0.1451,0.1494,0.1453,0.143,0.1494
6/15/2021,6.9321,0.1403,0.1491,0.145,0.1422,0.1397,0.1247,0.1321,0.1262,0.1352,0.1465,0.1466,0.1516,0.1533,0.1467,0.1436,0.148,0.151,0.1534,0.1423,0.1461,0.1464,0.1528,0.1436,0.1524,0.1493,0.148,0.1473,0.1534,0.1397,0.1471,0.1557,0.1504,0.1535,0.1562,0.1496,0.1495,0.151,0.1423,0.1472,0.0575,0.1455,0.1375,0.1466,0.1563,0.1515,0.1414,0.1489,0.1479
6/14/2021,7.3876,0.1515,0.1517,0.152,0.1522,0.137,0.1503,0.1489,0.1548,0.1588,0.1563,0.1441,0.1564,0.1588,0.1581,0.1553,0.1578,0.1585,0.1569,0.1551,0.1556,0.1545,0.1523,0.1579,0.1538,0.1602,0.1563,0.151,0.1604,0.1464,0.1577,0.16,0.1617,0.1601,0.1582,0.1591,0.1559,0.1596,0.1542,0.1539,0.0951,0.1557,0.1512,0.1597,0.157,0.1569,0.156,0.1561,0.1566
6/13/2021,8.2337,0.17,0.1727,0.1708,0.1751,0.1783,0.1758,0.173,0.1746,0.1736,0.1745,0.1714,0.1719,0.1701,0.1707,0.1705,0.1696,0.1703,0.1721,0.1704,0.17,0.1707,0.1705,0.1701,0.1721,0.169,0.171,0.1707,0.1691,0.1726,0.1711,0.1699,0.1699,0.1683,0.1687,0.1692,0.1702,0.1712,0.1701,0.1699,0.1846,0.1704,0.1727,0.1714,0.1716,0.1698,0.1723,0.1712,0.17
6/12/2021,7.5176,0.1602,0.154,0.1607,0.1479,0.1477,0.1501,0.1482,0.148,0.1605,0.1542,0.1483,0.1547,0.1582,0.1569,0.1572,0.1559,0.1579,0.1553,0.1556,0.1555,0.1573,0.1585,0.155,0.1576,0.159,0.1587,0.1613,0.1598,0.157,0.1584,0.1595,0.162,0.1608,0.1618,0.1597,0.1582,0.1563,0.1562,0.1642,0.1529,0.1543,0.1567,0.1583,0.1559,0.1597,0.1574,0.1578,0.1563
6/11/2021,6.1184,0.1399,0.1358,0.1256,0.0942,0.1249,0.1097,0.0858,0.1083,0.1172,0.1232,0.1243,0.1377,0.1396,0.1431,0.1288,0.1288,0.1381,0.1375,0.1268,0.1332,0.136,0.1422,0.1349,0.1288,0.1396,0.1337,0.1236,0.1437,0.1136,0.1403,0.1522,0.1364,0.1433,0.1405,0.1475,0.136,0.1456,0.1415,0.1234,-0.076,0.1411,0.1345,0.1409,0.1394,0.1322,0.1322,0.1364,0.1324
6/10/2021,5.7927,0.1188,0.1265,0.1408,0.081,0.1077,0.0941,0.1256,0.0883,0.1402,0.0918,0.1203,0.1108,0.1382,0.1245,0.1322,0.119,0.1298,0.1148,0.1181,0.121,0.1342,0.1373,0.1349,0.1221,0.132,0.1358,0.1137,0.1406,0.1126,0.1344,0.1397,0.1459,0.1435,0.1459,0.134,0.1285,0.138,0.14,0.1326,-0.0242,0.1073,0.1031,0.1135,0.121,0.13,0.1093,0.1274,0.1161
6/9/2021,6.0204,0.1255,0.1261,0.131,0.1219,0.0738,0.1166,0.134,0.1279,0.1138,0.1116,0.1277,0.1156,0.132,0.1417,0.1304,0.1239,0.1205,0.131,0.1386,0.139,0.1261,0.1334,0.1429,0.1419,0.1399,0.1267,0.134,0.1457,0.0988,0.1338,0.1358,0.15,0.1461,0.136,0.1447,0.1324,0.1441,0.1297,0.1278,-0.0508,0.1136,0.1338,0.1192,0.1203,0.1275,0.1328,0.1285,0.1431
6/8/2021,6.9317,0.153,0.1384,0.1453,0.1318,0.1224,0.1374,0.1471,0.1273,0.1333,0.151,0.1448,0.1486,0.15,0.1503,0.1534,0.1481,0.1532,0.1434,0.1416,0.1496,0.1448,0.1505,0.14,0.1424,0.1513,0.154,0.1364,0.1534,0.1346,0.1489,0.1555,0.1585,0.1543,0.1552,0.1556,0.1514,0.1541,0.1482,0.1455,0.0483,0.1503,0.1506,0.1443,0.1417,0.1488,0.1381,0.1531,0.1519
6/7/2021,6.3462,0.1316,0.1429,0.1225,0.1204,0.0952,0.1084,0.1149,0.1055,0.1137,0.1182,0.1424,0.129,0.1448,0.1417,0.1402,0.1419,0.1309,0.1273,0.1379,0.1298,0.1424,0.1362,0.14,0.1395,0.1483,0.143,0.1359,0.1445,0.1361,0.1351,0.1505,0.1506,0.1508,0.1533,0.1453,0.1435,0.1417,0.1324,0.1388,0.0106,0.1333,0.1483,0.1281,0.1422,0.1285,0.1442,0.1341,0.1298
6/6/2021,7.843,0.164,0.1624,0.1639,0.1632,0.1622,0.1617,0.1608,0.1615,0.1613,0.1637,0.1644,0.1631,0.1648,0.1649,0.1644,0.1639,0.1634,0.1634,0.1633,0.1639,0.1647,0.1644,0.1638,0.1651,0.1652,0.164,0.1632,0.1648,0.1618,0.1644,0.1643,0.1652,0.1652,0.1647,0.1643,0.1642,0.1634,0.1641,0.1635,0.1489,0.1628,0.1636,0.1634,0.1644,0.1637,0.1637,0.1633,0.1647
6/5/2021,5.6628,0.1274,0.133,0.1064,0.0757,0.068,0.0814,0.1099,0.1232,0.1351,0.1265,0.1349,0.1211,0.1251,0.1374,0.1272,0.1377,0.1351,0.1188,0.1129,0.1246,0.136,0.1265,0.136,0.112,0.1328,0.1342,0.1241,0.1351,0.1054,0.1237,0.1519,0.148,0.1426,0.1482,0.14,0.1302,0.1078,0.1295,0.1084,-0.1598,0.1045,0.1351,0.1115,0.1185,0.1253,0.1239,0.1363,0.1337
6/4/2021,7.2899,0.1522,0.1537,0.1584,0.1438,0.138,0.1407,0.1426,0.1374,0.1443,0.1549,0.1389,0.1556,0.1539,0.1564,0.1552,0.1538,0.151,0.1505,0.1529,0.1515,0.1542,0.1598,0.152,0.1504,0.1551,0.1559,0.1584,0.1587,0.1451,0.1516,0.1595,0.1601,0.16,0.1595,0.1564,0.1573,0.1488,0.1502,0.1609,0.1344,0.1489,0.1486,0.1517,0.1515,0.15,0.1506,0.1579,0.1567
6/3/2021,5.5006,0.1247,0.1032,0.1164,0.1029,0.1002,0.1042,0.0979,0.0772,0.1014,0.1107,0.1197,0.1367,0.1302,0.1212,0.1337,0.1082,0.1227,0.1277,0.1279,0.1107,0.1267,0.1149,0.1192,0.1137,0.1364,0.1297,0.0834,0.1324,0.0954,0.1242,0.1377,0.1407,0.1269,0.1427,0.1467,0.1294,0.1262,0.1224,0.1199,-0.0953,0.1259,0.1179,0.1102,0.1129,0.1124,0.1124,0.1302,0.1279
6/2/2021,5.8256,0.1349,0.1317,0.1075,0.1182,0.0714,0.1253,0.0823,0.1012,0.1184,0.1293,0.1032,0.1262,0.1238,0.1304,0.1393,0.1297,0.1262,0.1286,0.1188,0.1232,0.1193,0.1147,0.1408,0.1304,0.1449,0.1412,0.1173,0.1425,0.1338,0.1364,0.1419,0.1421,0.1336,0.138,0.1467,0.1314,0.1151,0.1406,0.1191,-0.0996,0.1195,0.1308,0.1395,0.118,0.1173,0.1354,0.1234,0.1419
6/1/2021,6.7691,0.1462,0.1425,0.1435,0.1185,0.1075,0.1365,0.1238,0.1242,0.1493,0.1347,0.1224,0.1483,0.1515,0.1402,0.1464,0.1417,0.152,0.1436,0.1396,0.1457,0.1485,0.1465,0.1485,0.1432,0.1521,0.1476,0.1497,0.1496,0.1481,0.1411,0.1508,0.1552,0.1558,0.1525,0.1539,0.1491,0.1356,0.1457,0.1469,0.0556,0.1471,0.1358,0.1539,0.1428,0.1372,0.1361,0.1412,0.1409
5/31/2021,6.1186,0.1413,0.1302,0.1236,0.092,0.0884,0.0908,0.1132,0.1108,0.136,0.1375,0.0946,0.1351,0.1302,0.127,0.1307,0.1243,0.1435,0.1367,0.1273,0.1379,0.1441,0.124,0.1159,0.1251,0.1494,0.1396,0.1362,0.1452,0.1232,0.1335,0.1509,0.1494,0.1477,0.1456,0.1405,0.1356,0.1386,0.1335,0.1363,-0.0037,0.1159,0.1433,0.12,0.1364,0.1388,0.1275,0.1418,0.1332
5/30/2021,8.201,0.1715,0.1713,0.1712,0.1718,0.1735,0.1717,0.1754,0.1724,0.1703,0.1704,0.1745,0.1711,0.1708,0.1709,0.169,0.1704,0.1692,0.1717,0.1706,0.1698,0.1702,0.1686,0.1702,0.1695,0.1707,0.1698,0.169,0.1695,0.1703,0.1704,0.1681,0.1691,0.1697,0.1695,0.1688,0.1696,0.171,0.1692,0.1704,0.1877,0.1708,0.1699,0.1714,0.169,0.1698,0.1722,0.1701,0.169
5/29/2021,7.29,0.1495,0.1558,0.1475,0.1469,0.1371,0.1488,0.1444,0.1402,0.1566,0.1474,0.1471,0.1545,0.1556,0.1539,0.1515,0.1538,0.1579,0.1554,0.1514,0.1557,0.157,0.1572,0.1582,0.1489,0.1567,0.1593,0.1581,0.1589,0.1549,0.1526,0.1569,0.1585,0.1556,0.1569,0.1581,0.1571,0.1543,0.154,0.1531,0.0909,0.1512,0.1503,0.1549,0.1564,0.1547,0.151,0.1503,0.153
5/28/2021,6.3134,0.1399,0.1213,0.1316,0.1075,0.0872,0.1331,0.1336,0.1142,0.138,0.1437,0.1181,0.1431,0.1417,0.1431,0.1306,0.1353,0.127,0.1441,0.1392,0.1356,0.1309,0.1368,0.1432,0.126,0.1437,0.1491,0.1242,0.1468,0.1201,0.1415,0.154,0.141,0.1533,0.1512,0.1476,0.1373,0.1253,0.1321,0.1343,-0.0148,0.1451,0.1296,0.1277,0.1486,0.1368,0.1215,0.1339,0.1387
5/27/2021,7.4856,0.1583,0.1539,0.1577,0.1524,0.1472,0.1569,0.1511,0.1542,0.157,0.1533,0.1476,0.1546,0.158,0.1559,0.1548,0.1561,0.1566,0.1551,0.1569,0.1575,0.1593,0.1586,0.1577,0.1569,0.1597,0.1605,0.1569,0.1593,0.1497,0.1586,0.1601,0.1611,0.1612,0.162,0.1618,0.1589,0.1583,0.16,0.1563,0.1086,0.1587,0.1603,0.1571,0.157,0.1564,0.1573,0.1587,0.1595
5/26/2021,10.0887,0.2162,0.2157,0.1982,0.2375,0.2498,0.2531,0.2322,0.2423,0.2116,0.236,0.213,0.1959,0.2036,0.1919,0.2018,0.2015,0.2164,0.2041,0.216,0.2049,0.2059,0.1999,0.221,0.193,0.1911,0.1978,0.1888,0.1926,0.1957,0.2018,0.1848,0.1936,0.1836,0.1988,0.1876,0.1965,0.2045,0.2155,0.205,0.3815,0.1972,0.2195,0.203,0.189,0.1997,0.1901,0.2013,0.2082
5/25/2021,12.5943,0.259,0.2287,0.2742,0.339,0.288,0.2806,0.3261,0.3449,0.2999,0.2581,0.3334,0.27,0.2443,0.2342,0.2255,0.2503,0.2526,0.2379,0.2737,0.2714,0.2232,0.2383,0.2677,0.2416,0.2255,0.2521,0.2135,0.2167,0.2553,0.2411,0.2379,0.2227,0.2255,0.2259,0.2282,0.225,0.2296,0.2292,0.2596,0.6875,0.237,0.2563,0.236,0.2448,0.2305,0.2443,0.2682,0.2393
5/24/2021,12.5615,0.273,0.2825,0.2419,0.3309,0.3578,0.3387,0.2784,0.3396,0.3268,0.2862,0.3085,0.2168,0.2397,0.236,0.2647,0.267,0.241,0.2406,0.2346,0.2574,0.2369,0.2333,0.2908,0.2451,0.2127,0.2565,0.3012,0.2214,0.2474,0.2479,0.2095,0.2342,0.2168,0.2082,0.2328,0.2337,0.2743,0.2196,0.2202,0.4667,0.2433,0.2273,0.2561,0.2716,0.2629,0.2305,0.2684,0.2301
5/23/2021,12.9197,0.2439,0.237,0.2257,0.2793,0.3694,0.3064,0.2675,0.3467,0.3049,0.2321,0.2498,0.2572,0.2375,0.2444,0.2326,0.2252,0.2247,0.2498,0.2592,0.2449,0.2228,0.2242,0.2498,0.2351,0.2395,0.2734,0.2405,0.2159,0.3103,0.2572,0.2331,0.2055,0.2119,0.2252,0.2228,0.2341,0.2419,0.2296,0.3219,1.0367,0.2616,0.2779,0.2434,0.2518,0.2488,0.2296,0.2646,0.2724
5/22/2021,12.7897,0.2251,0.2687,0.2457,0.3611,0.3329,0.3099,0.296,0.2735,0.272,0.3185,0.2495,0.2826,0.2203,0.2395,0.2471,0.2433,0.2582,0.2682,0.2596,0.2792,0.2376,0.227,0.272,0.2519,0.2443,0.2299,0.2519,0.2213,0.2328,0.2658,0.2112,0.2251,0.2318,0.2155,0.217,0.239,0.2749,0.2663,0.2631,0.7072,0.2912,0.2261,0.2653,0.2787,0.2505,0.2601,0.2361,0.2452
5/21/2021,11.1948,0.2549,0.2124,0.2299,0.2775,0.3226,0.2561,0.2865,0.2769,0.2791,0.2187,0.2833,0.2162,0.2047,0.2219,0.2156,0.2216,0.2421,0.2325,0.2194,0.2162,0.235,0.2152,0.2162,0.2178,0.2274,0.2168,0.2414,0.2098,0.2127,0.2207,0.189,0.2136,0.1989,0.2018,0.2066,0.2235,0.2267,0.2063,0.2096,0.4074,0.2296,0.2194,0.2101,0.2408,0.2239,0.2395,0.2334,0.2136
5/20/2021,7.8431,0.1627,0.1644,0.1629,0.1631,0.161,0.1632,0.1631,0.1621,0.1649,0.1643,0.1619,0.1636,0.1636,0.1635,0.1643,0.1631,0.1634,0.1642,0.1633,0.1638,0.1632,0.165,0.1636,0.1645,0.1638,0.1632,0.165,0.1648,0.1627,0.1641,0.1644,0.1642,0.165,0.1653,0.1654,0.1644,0.1649,0.1629,0.1626,0.1441,0.1632,0.1651,0.1643,0.1647,0.1647,0.1633,0.1646,0.1637
5/19/2021,10.4464,0.2124,0.2244,0.2205,0.2494,0.2765,0.2452,0.2684,0.2633,0.2068,0.2058,0.2229,0.2217,0.1972,0.1955,0.2026,0.2061,0.2009,0.2087,0.2085,0.2227,0.2065,0.2232,0.2178,0.232,0.1975,0.2149,0.2034,0.1921,0.2202,0.1997,0.2061,0.1865,0.1999,0.1909,0.2058,0.2058,0.2129,0.2232,0.2023,0.3664,0.2119,0.1985,0.2004,0.2217,0.208,0.2247,0.2205,0.1941
5/18/2021,10.2842,0.2119,0.2256,0.2123,0.2608,0.216,0.2302,0.2233,0.2324,0.2327,0.2359,0.2484,0.1996,0.2037,0.2032,0.198,0.1938,0.2151,0.198,0.2018,0.2053,0.2059,0.2185,0.2071,0.1996,0.2005,0.1909,0.2057,0.1925,0.2133,0.2012,0.1982,0.1959,0.1977,0.1906,0.19,0.2034,0.1916,0.2153,0.2169,0.4481,0.2151,0.189,0.1975,0.2075,0.2174,0.2213,0.2016,0.2039
5/17/2021,10.1213,0.1934,0.2133,0.2157,0.2182,0.2509,0.2339,0.2227,0.2104,0.2282,0.2295,0.2093,0.2116,0.2082,0.2127,0.2068,0.215,0.1947,0.1972,0.1976,0.2008,0.2146,0.1928,0.1938,0.2186,0.1913,0.2057,0.1936,0.1904,0.2379,0.2089,0.1824,0.1932,0.1879,0.1834,0.1928,0.1974,0.2021,0.1983,0.2073,0.3944,0.2144,0.2186,0.2021,0.1978,0.2163,0.2074,0.1949,0.2129
5/16/2021,8.2013,0.1715,0.1711,0.1718,0.172,0.1754,0.1725,0.1721,0.1709,0.1717,0.173,0.1703,0.1704,0.1693,0.1696,0.1713,0.1701,0.1709,0.1694,0.1706,0.17,0.1712,0.1686,0.1721,0.1715,0.1689,0.1697,0.1716,0.1694,0.1695,0.1699,0.1697,0.1687,0.1698,0.1689,0.1687,0.1695,0.1695,0.171,0.1708,0.1898,0.1704,0.1689,0.1688,0.1699,0.1707,0.1694,0.1705,0.17
5/15/2021,5.9229,0.1203,0.1131,0.1289,0.0852,0.1195,0.0915,0.0767,0.1041,0.132,0.11,0.1253,0.1087,0.1284,0.1343,0.1413,0.123,0.1212,0.1301,0.1187,0.1158,0.128,0.1413,0.1154,0.1374,0.1426,0.1287,0.1318,0.1451,0.1027,0.1382,0.1519,0.1343,0.1442,0.1409,0.1378,0.1301,0.117,0.1301,0.1378,0.0049,0.1266,0.1409,0.1351,0.137,0.1282,0.11,0.1386,0.1382
5/14/2021,6.8017,0.1336,0.1443,0.1474,0.1353,0.1293,0.1359,0.1367,0.1384,0.1355,0.1282,0.1358,0.1449,0.148,0.1411,0.1471,0.1483,0.1519,0.1368,0.1474,0.1471,0.1489,0.1433,0.147,0.1526,0.1482,0.1526,0.1468,0.1507,0.1458,0.1444,0.1585,0.1525,0.1571,0.1559,0.1481,0.1487,0.1492,0.1383,0.1384,0.008,0.1398,0.1383,0.1415,0.1546,0.1465,0.1395,0.144,0.1495
5/13/2021,9.7631,0.2033,0.1993,0.2116,0.2256,0.2444,0.219,0.1968,0.201,0.2056,0.1947,0.23,0.1972,0.1906,0.1984,0.1885,0.2053,0.1996,0.1935,0.2086,0.2003,0.2032,0.1991,0.2097,0.2039,0.1831,0.1958,0.2162,0.1898,0.224,0.2002,0.1839,0.1818,0.1929,0.1824,0.1864,0.1922,0.207,0.2051,0.1908,0.3016,0.2125,0.1892,0.1859,0.2053,0.2099,0.2016,0.2092,0.1871
5/12/2021,11.6835,0.2215,0.2654,0.2308,0.3111,0.2878,0.2669,0.2978,0.3155,0.2908,0.2834,0.2503,0.2215,0.2359,0.2179,0.2267,0.2352,0.2153,0.2448,0.2366,0.223,0.209,0.2418,0.2315,0.2109,0.2064,0.2234,0.2293,0.2182,0.2436,0.2344,0.2179,0.216,0.2072,0.2112,0.2157,0.219,0.2149,0.2293,0.2419,0.588,0.2396,0.2068,0.2039,0.219,0.2297,0.2462,0.2227,0.2278
5/11/2021,9.7956,0.1977,0.1961,0.209,0.239,0.2257,0.2184,0.2356,0.2144,0.2074,0.2227,0.2022,0.1875,0.1925,0.1952,0.1936,0.1927,0.2033,0.2071,0.2019,0.2096,0.201,0.1981,0.2101,0.2123,0.202,0.1995,0.2137,0.1857,0.2098,0.1922,0.1861,0.1961,0.1911,0.1809,0.1911,0.1972,0.2098,0.1976,0.1867,0.2788,0.1992,0.199,0.2092,0.1914,0.2049,0.2038,0.1968,0.1999
5/10/2021,9.4378,0.2052,0.1917,0.1895,0.2,0.2266,0.2127,0.2191,0.2156,0.1976,0.2102,0.1999,0.1855,0.1887,0.1878,0.1967,0.1875,0.1838,0.1888,0.1983,0.1868,0.1956,0.1924,0.1963,0.1871,0.1815,0.1892,0.189,0.1826,0.1855,0.1895,0.1856,0.1792,0.1787,0.1805,0.1835,0.1859,0.1979,0.1967,0.2033,0.3718,0.1891,0.1887,0.1997,0.1888,0.1961,0.1826,0.1842,0.1848
5/9/2021,6.7365,0.139,0.1451,0.1472,0.1313,0.1075,0.117,0.1423,0.1372,0.1281,0.1276,0.1389,0.1501,0.1497,0.1393,0.1462,0.1414,0.1398,0.1353,0.1369,0.1371,0.1447,0.1433,0.1438,0.1537,0.1507,0.1535,0.1473,0.1499,0.1459,0.1417,0.1486,0.1501,0.1544,0.1502,0.1544,0.1505,0.1433,0.1387,0.1436,0.0375,0.1501,0.1314,0.1418,0.153,0.1351,0.148,0.1456,0.1487
5/8/2021,8.6237,0.1816,0.1831,0.1742,0.1863,0.1939,0.1799,0.1903,0.1787,0.175,0.1792,0.1831,0.1804,0.176,0.1745,0.1745,0.1749,0.179,0.1741,0.1806,0.1777,0.1765,0.1801,0.1749,0.1797,0.174,0.1752,0.1743,0.1755,0.1784,0.1788,0.1727,0.1723,0.1711,0.1725,0.1718,0.1748,0.1769,0.1805,0.1825,0.2553,0.1822,0.181,0.1765,0.1801,0.1763,0.176,0.1787,0.1781
5/7/2021,9.4703,0.1955,0.1911,0.2027,0.2175,0.2049,0.204,0.2227,0.1977,0.2072,0.1865,0.209,0.2009,0.183,0.195,0.1992,0.1986,0.1864,0.1917,0.2005,0.1975,0.1999,0.202,0.2033,0.1974,0.1815,0.1818,0.1921,0.1837,0.21,0.1884,0.1883,0.1873,0.1899,0.1828,0.1883,0.1915,0.1892,0.1831,0.1889,0.2912,0.193,0.1947,0.188,0.198,0.1952,0.2024,0.2009,0.1859
5/6/2021,7.2571,0.147,0.1557,0.1472,0.1499,0.1312,0.1497,0.1378,0.1365,0.1466,0.1424,0.1384,0.1459,0.1564,0.154,0.1563,0.1569,0.1562,0.1558,0.1521,0.1489,0.1538,0.1535,0.1548,0.1467,0.1588,0.1515,0.1454,0.157,0.1474,0.1547,0.16,0.1546,0.1549,0.1599,0.157,0.1551,0.1525,0.1566,0.1615,0.1379,0.1575,0.1514,0.1511,0.1522,0.1494,0.1464,0.1529,0.1577
5/5/2021,8.2339,0.1703,0.1707,0.172,0.1751,0.1774,0.1758,0.1762,0.1731,0.1748,0.1728,0.1757,0.1725,0.1703,0.1709,0.1701,0.1719,0.1702,0.1708,0.1721,0.1708,0.171,0.1694,0.1731,0.1716,0.1709,0.1708,0.1726,0.17,0.1718,0.1711,0.1691,0.1693,0.1703,0.169,0.1705,0.1702,0.1697,0.1702,0.1681,0.175,0.1709,0.1717,0.1714,0.1708,0.1708,0.17,0.1707,0.1704
5/4/2021,10.7721,0.2271,0.2296,0.2423,0.2751,0.259,0.2731,0.2368,0.28,0.2623,0.229,0.2193,0.2199,0.2055,0.2163,0.2157,0.2019,0.2307,0.2019,0.2085,0.2213,0.2163,0.2038,0.2124,0.2143,0.1988,0.2263,0.2426,0.1994,0.208,0.2224,0.211,0.2116,0.1966,0.1919,0.2002,0.2063,0.2304,0.2263,0.2081,0.3988,0.2182,0.2227,0.2274,0.1961,0.2138,0.2041,0.2099,0.1991
5/3/2021,11.8133,0.217,0.2288,0.2727,0.3078,0.3367,0.3249,0.286,0.2448,0.2856,0.2879,0.307,0.2578,0.2345,0.2319,0.2475,0.2181,0.2185,0.2178,0.2387,0.2487,0.2471,0.2418,0.2445,0.2338,0.2288,0.2075,0.2532,0.2174,0.2536,0.2418,0.2166,0.2082,0.2117,0.2216,0.2227,0.2338,0.2132,0.2544,0.2051,0.3819,0.2689,0.2227,0.2185,0.2113,0.2433,0.2361,0.2464,0.2147
5/2/2021,13.8958,0.3064,0.2657,0.3276,0.2999,0.4479,0.3147,0.3565,0.3748,0.3182,0.3176,0.3365,0.271,0.2645,0.2846,0.2528,0.248,0.2557,0.2586,0.271,0.3117,0.2421,0.2581,0.2351,0.3223,0.2239,0.2663,0.2522,0.2327,0.3565,0.2881,0.261,0.218,0.2604,0.2445,0.2415,0.2474,0.251,0.2374,0.2634,0.7085,0.2781,0.2722,0.2645,0.2227,0.2781,0.2822,0.3052,0.2987
5/1/2021,14.5142,0.3119,0.3015,0.2689,0.3582,0.4742,0.3836,0.4468,0.4207,0.3882,0.3536,0.2904,0.2468,0.2637,0.3041,0.308,0.2442,0.2826,0.2488,0.2579,0.3119,0.2663,0.265,0.3035,0.265,0.2559,0.2559,0.3667,0.2533,0.3856,0.2807,0.2273,0.2331,0.2416,0.2546,0.2233,0.2644,0.2592,0.2553,0.2428,0.5934,0.2611,0.3471,0.3119,0.2878,0.2676,0.3113,0.3106,0.2579
4/30/2021,14.0593,0.2788,0.2545,0.237,0.34,0.423,0.3848,0.3721,0.3163,0.343,0.3091,0.3115,0.2382,0.2824,0.2697,0.2648,0.2775,0.2848,0.3103,0.2636,0.2745,0.2424,0.2388,0.2981,0.3072,0.2448,0.2406,0.2351,0.2412,0.3599,0.2551,0.2224,0.2485,0.226,0.2497,0.2279,0.263,0.2521,0.2951,0.2979,0.9019,0.2485,0.3406,0.2582,0.2582,0.2533,0.3175,0.2703,0.2291
4/29/2021,11.5204,0.2265,0.236,0.2582,0.2751,0.2828,0.2969,0.2878,0.3004,0.2135,0.2276,0.2198,0.2624,0.223,0.2318,0.216,0.2297,0.2395,0.2547,0.2219,0.2311,0.2184,0.2522,0.2593,0.2367,0.2329,0.2131,0.2596,0.2072,0.2381,0.2367,0.2107,0.2181,0.1987,0.2093,0.2075,0.2216,0.2526,0.2293,0.2112,0.4161,0.2343,0.2233,0.2314,0.223,0.2339,0.2269,0.2476,0.236
4/28/2021,11.4227,0.2574,0.2303,0.2474,0.2611,0.27,0.2529,0.2724,0.2974,0.2118,0.217,0.2769,0.2296,0.2149,0.2348,0.2461,0.2324,0.2105,0.2194,0.2149,0.2474,0.2136,0.2033,0.2341,0.2348,0.2036,0.2327,0.2769,0.2012,0.2403,0.2283,0.2218,0.2067,0.2101,0.2023,0.2122,0.2149,0.2529,0.2067,0.2281,0.5109,0.2351,0.1999,0.2334,0.219,0.2406,0.2608,0.2177,0.2362
4/27/2021,9.8283,0.1893,0.2149,0.1879,0.223,0.2557,0.2312,0.2032,0.2244,0.2308,0.2007,0.1946,0.1985,0.1904,0.1977,0.1967,0.1904,0.2034,0.2043,0.2089,0.2091,0.2032,0.2084,0.1892,0.1957,0.1871,0.1996,0.2058,0.1915,0.2063,0.1977,0.1859,0.1917,0.1798,0.1848,0.1934,0.1934,0.1963,0.1921,0.2045,0.3786,0.2018,0.2175,0.1956,0.2078,0.1903,0.1956,0.1899,0.1897
4/26/2021,8.8194,0.1859,0.18,0.1759,0.1939,0.1909,0.1953,0.2008,0.1865,0.1921,0.1818,0.1881,0.189,0.1831,0.1756,0.1826,0.1863,0.1787,0.1768,0.1826,0.1822,0.183,0.1831,0.1824,0.1856,0.1799,0.1841,0.1776,0.1781,0.1776,0.1836,0.1772,0.1794,0.1737,0.178,0.1798,0.1791,0.1813,0.184,0.1784,0.2323,0.1859,0.1836,0.1819,0.1773,0.183,0.189,0.1766,0.1758
4/25/2021,7.6149,0.1585,0.1602,0.1585,0.1575,0.1569,0.157,0.1512,0.1582,0.1623,0.1569,0.1601,0.1575,0.159,0.1606,0.1586,0.1603,0.1608,0.1618,0.1582,0.1609,0.1617,0.1606,0.1567,0.1595,0.1617,0.1596,0.1594,0.1617,0.1556,0.1603,0.1617,0.1618,0.1606,0.162,0.1625,0.1612,0.1579,0.1601,0.1574,0.115,0.1615,0.1555,0.1624,0.1601,0.1583,0.1617,0.1606,0.1628
4/24/2021,10.1865,0.2259,0.1984,0.1988,0.2351,0.279,0.208,0.222,0.2403,0.2434,0.2338,0.199,0.2196,0.2117,0.196,0.2143,0.2091,0.2115,0.2141,0.1995,0.2189,0.1931,0.2135,0.2211,0.2043,0.1981,0.1986,0.225,0.1953,0.213,0.1977,0.1877,0.1971,0.1979,0.1852,0.1894,0.1986,0.2019,0.1912,0.1966,0.3346,0.2056,0.1997,0.199,0.2198,0.2196,0.2172,0.2054,0.2019
4/23/2021,8.9499,0.1907,0.1842,0.1909,0.19,0.2023,0.1904,0.1873,0.2026,0.1941,0.1794,0.1855,0.1924,0.1811,0.1857,0.1802,0.1822,0.187,0.1807,0.1826,0.1832,0.1877,0.187,0.1922,0.1865,0.1849,0.1819,0.1971,0.1794,0.1891,0.1846,0.181,0.1807,0.1801,0.1807,0.1764,0.1825,0.1839,0.1821,0.1809,0.2464,0.1783,0.1851,0.1795,0.1782,0.1844,0.1808,0.1857,0.1803
4/22/2021,10.5117,0.2086,0.2202,0.1953,0.241,0.2837,0.2435,0.2071,0.2395,0.1933,0.2091,0.2164,0.2104,0.1981,0.1988,0.2116,0.2202,0.2096,0.2119,0.2274,0.2086,0.2011,0.2053,0.2182,0.2036,0.2139,0.2001,0.2493,0.1986,0.2478,0.2174,0.19,0.185,0.1855,0.2033,0.2011,0.2114,0.2008,0.2192,0.2207,0.4695,0.2267,0.2192,0.2046,0.1928,0.2239,0.2043,0.2202,0.2239
4/21/2021,10.5767,0.203,0.2051,0.2027,0.2298,0.2983,0.2419,0.2509,0.2527,0.1958,0.1991,0.2344,0.2262,0.2195,0.2192,0.2252,0.2071,0.1994,0.2187,0.2087,0.2241,0.1963,0.22,0.2272,0.2058,0.2051,0.2004,0.2368,0.1927,0.2262,0.2079,0.2015,0.2009,0.2027,0.186,0.196,0.2043,0.2136,0.2058,0.2266,0.5023,0.228,0.2079,0.2025,0.1911,0.2053,0.2087,0.2015,0.2118
4/20/2021,11.5206,0.2128,0.2624,0.2332,0.2667,0.242,0.2564,0.2818,0.2881,0.2688,0.2603,0.2395,0.2448,0.2241,0.2431,0.2269,0.2402,0.2329,0.2318,0.235,0.2177,0.2272,0.2346,0.2642,0.2519,0.2019,0.2163,0.2181,0.2145,0.2853,0.2269,0.2043,0.2149,0.1938,0.2026,0.2191,0.2184,0.2427,0.2089,0.2205,0.4681,0.2617,0.2061,0.2413,0.2314,0.2314,0.2586,0.2114,0.236
4/19/2021,14.5147,0.297,0.3413,0.3119,0.4077,0.3452,0.4071,0.4416,0.3413,0.325,0.2585,0.3041,0.3074,0.2422,0.2468,0.2957,0.2957,0.2579,0.2917,0.3028,0.3074,0.2963,0.267,0.3152,0.3367,0.2631,0.2924,0.3341,0.2461,0.2637,0.267,0.2246,0.2201,0.252,0.2149,0.2246,0.2546,0.2559,0.3217,0.2666,0.7267,0.2742,0.3178,0.31,0.267,0.2787,0.308,0.2976,0.2898
4/18/2021,16.4671,0.3699,0.3538,0.3953,0.5062,0.4249,0.4884,0.375,0.4215,0.3902,0.3352,0.336,0.3174,0.3182,0.2894,0.3386,0.314,0.2954,0.3182,0.336,0.3453,0.3072,0.2767,0.3513,0.3343,0.2928,0.2657,0.3157,0.2573,0.2937,0.3182,0.2276,0.2674,0.2937,0.2573,0.2505,0.3148,0.3589,0.3343,0.3267,1.0633,0.3817,0.3013,0.3233,0.2886,0.2988,0.264,0.3064,0.3267
4/17/2021,16.0764,0.3371,0.3339,0.3347,0.4235,0.4502,0.3718,0.5002,0.48,0.4154,0.3888,0.3654,0.3581,0.2789,0.2797,0.2967,0.3056,0.3557,0.2789,0.3516,0.3419,0.3137,0.2595,0.2805,0.2579,0.283,0.2717,0.291,0.2733,0.3864,0.3015,0.2345,0.283,0.2797,0.2313,0.27,0.2773,0.3476,0.2991,0.3081,0.9589,0.2765,0.2579,0.3597,0.27,0.3516,0.2749,0.3387,0.291
4/16/2021,12.4641,0.2877,0.2787,0.2354,0.3466,0.2769,0.3368,0.2783,0.326,0.2216,0.2635,0.3028,0.2274,0.2207,0.2564,0.2336,0.2381,0.2318,0.268,0.2488,0.2336,0.2653,0.2555,0.2707,0.2832,0.235,0.2323,0.2479,0.2198,0.2899,0.243,0.2265,0.2247,0.2019,0.2327,0.2086,0.2421,0.272,0.2305,0.2304,0.5239,0.2399,0.2841,0.2158,0.2743,0.2568,0.2327,0.2461,0.2658
4/15/2021,13.7661,0.3027,0.2854,0.2543,0.361,0.455,0.3293,0.395,0.2745,0.3691,0.3368,0.3079,0.3102,0.2503,0.2405,0.2439,0.2624,0.252,0.2814,0.2958,0.3068,0.278,0.2826,0.3108,0.3091,0.2295,0.2831,0.2993,0.2318,0.252,0.2895,0.2163,0.2122,0.2301,0.2445,0.2405,0.2612,0.2716,0.2445,0.235,0.5498,0.2831,0.3304,0.2462,0.2509,0.2503,0.2878,0.2687,0.263
4/14/2021,16.5004,0.3724,0.3265,0.3741,0.5007,0.4854,0.38,0.5347,0.4157,0.335,0.3511,0.4302,0.3358,0.2653,0.3443,0.3052,0.3265,0.3537,0.284,0.3044,0.3656,0.3248,0.2695,0.3732,0.3384,0.261,0.3163,0.4183,0.2585,0.4506,0.3222,0.2474,0.2406,0.267,0.2933,0.2678,0.2967,0.2806,0.3503,0.2633,0.7083,0.3316,0.3171,0.2687,0.3401,0.3571,0.3035,0.2831,0.3605
4/13/2021,16.4673,0.3504,0.2835,0.2776,0.3631,0.5308,0.4334,0.3656,0.4325,0.4232,0.3555,0.3699,0.3834,0.2844,0.3309,0.2674,0.3572,0.3021,0.3301,0.3047,0.3216,0.3174,0.2988,0.3529,0.3386,0.2793,0.27,0.2776,0.2852,0.2742,0.3233,0.2353,0.2928,0.2793,0.2674,0.2852,0.2877,0.2717,0.3555,0.3691,1.3012,0.2903,0.2971,0.2793,0.3529,0.314,0.3191,0.3284,0.2564
4/12/2021,14.1895,0.2911,0.3301,0.3226,0.3233,0.4087,0.2818,0.34,0.2892,0.3777,0.3511,0.3765,0.3146,0.283,0.2905,0.2391,0.2552,0.244,0.2422,0.3028,0.2638,0.2898,0.2793,0.3177,0.2836,0.2812,0.244,0.2409,0.2546,0.353,0.2979,0.2378,0.2131,0.2453,0.2607,0.2193,0.2632,0.283,0.2985,0.2563,0.6687,0.3047,0.3332,0.2886,0.2818,0.2843,0.2546,0.2744,0.2527
4/11/2021,12.3021,0.248,0.2239,0.2381,0.2798,0.3159,0.2609,0.3491,0.3103,0.217,0.2381,0.254,0.2854,0.245,0.2458,0.2613,0.2441,0.2295,0.2622,0.2364,0.2682,0.2196,0.2424,0.254,0.22,0.2321,0.2381,0.2415,0.2273,0.3035,0.2256,0.211,0.2256,0.2222,0.226,0.208,0.2415,0.263,0.2381,0.2598,0.6886,0.2493,0.229,0.2398,0.2355,0.2604,0.214,0.2437,0.2295
4/10/2021,11.4554,0.243,0.2562,0.232,0.2589,0.2437,0.2423,0.3018,0.2631,0.2631,0.2582,0.27,0.2264,0.2213,0.2057,0.2365,0.2188,0.2358,0.2085,0.2192,0.2195,0.2074,0.2106,0.2506,0.2468,0.2126,0.2299,0.2766,0.2164,0.2479,0.2354,0.1898,0.2016,0.1981,0.2199,0.2206,0.2161,0.2088,0.2399,0.2322,0.5338,0.2589,0.2209,0.2005,0.2199,0.2271,0.2313,0.241,0.2368
4/9/2021,9.34,0.1949,0.2015,0.2019,0.2081,0.2184,0.2118,0.2045,0.1933,0.2011,0.201,0.1878,0.1873,0.1944,0.1928,0.1834,0.1982,0.1987,0.1983,0.1884,0.1986,0.1916,0.1809,0.1896,0.1799,0.1876,0.1805,0.2112,0.1845,0.2061,0.1864,0.1846,0.1775,0.1799,0.1814,0.1873,0.1882,0.1834,0.1864,0.1891,0.2926,0.2016,0.2051,0.187,0.1882,0.1836,0.1886,0.1874,0.1854
4/8/2021,13.8961,0.284,0.2522,0.3188,0.3565,0.4078,0.4078,0.3123,0.307,0.2763,0.2528,0.3801,0.274,0.2622,0.2793,0.2492,0.2675,0.2421,0.2421,0.287,0.2728,0.2952,0.3076,0.2746,0.297,0.2616,0.294,0.2864,0.2327,0.2934,0.2775,0.2421,0.2404,0.2132,0.2209,0.2303,0.2722,0.3123,0.2993,0.2757,0.7776,0.2374,0.2256,0.2457,0.2881,0.2474,0.2693,0.2752,0.2716
4/7/2021,14.1241,0.31,0.2628,0.2524,0.4037,0.3381,0.3828,0.3626,0.3283,0.242,0.261,0.3841,0.329,0.2542,0.2573,0.2873,0.3136,0.2414,0.2696,0.3026,0.2855,0.264,0.2328,0.2885,0.2285,0.2696,0.2328,0.2781,0.2285,0.3492,0.2885,0.2101,0.2383,0.242,0.2634,0.2451,0.2751,0.2671,0.2745,0.2885,0.8495,0.3179,0.3143,0.2359,0.2598,0.31,0.3094,0.2604,0.234
4/6/2021,12.4967,0.2773,0.2651,0.2786,0.3011,0.3681,0.2633,0.3596,0.3286,0.2625,0.2454,0.2728,0.2642,0.2427,0.2539,0.2346,0.2269,0.2278,0.2642,0.2678,0.2593,0.2476,0.2593,0.2238,0.2184,0.2287,0.2323,0.2881,0.226,0.2845,0.2364,0.2337,0.2256,0.2215,0.2359,0.2256,0.2377,0.2768,0.2206,0.2305,0.5246,0.2589,0.2391,0.2683,0.2179,0.2296,0.2705,0.2526,0.2184
4/5/2021,13.083,0.2292,0.2744,0.2353,0.309,0.3822,0.3517,0.2612,0.3207,0.2734,0.3146,0.3197,0.2353,0.2226,0.2246,0.2775,0.2592,0.2683,0.28,0.2378,0.2815,0.278,0.2815,0.3014,0.3008,0.2414,0.2221,0.2393,0.2195,0.3364,0.2612,0.2236,0.2404,0.2155,0.246,0.2393,0.2566,0.2551,0.2327,0.2363,0.5566,0.2475,0.2165,0.2739,0.2902,0.2795,0.2978,0.2831,0.2526
4/4/2021,12.3993,0.2423,0.2709,0.2683,0.3246,0.325,0.3123,0.3365,0.2529,0.3255,0.2595,0.2705,0.2876,0.2533,0.2274,0.2511,0.2199,0.2274,0.2674,0.2604,0.2428,0.2643,0.2485,0.2305,0.2529,0.241,0.2481,0.2124,0.2252,0.2942,0.2511,0.2362,0.2252,0.2283,0.2283,0.223,0.2428,0.2379,0.2155,0.2109,0.4145,0.2762,0.2428,0.2591,0.2441,0.2744,0.2872,0.2269,0.2322
4/3/2021,8.4615,0.1788,0.1785,0.1718,0.1823,0.1902,0.1754,0.1859,0.1757,0.1791,0.1732,0.1845,0.172,0.1759,0.1757,0.1769,0.1764,0.1727,0.1735,0.1772,0.1764,0.1725,0.1779,0.1754,0.1743,0.1718,0.1759,0.1771,0.1721,0.1778,0.1759,0.1709,0.1702,0.1725,0.1716,0.1721,0.1736,0.1719,0.1722,0.1734,0.2042,0.177,0.1763,0.1761,0.1733,0.1781,0.1718,0.1777,0.1758
4/2/2021,7.2249,0.1455,0.1559,0.1476,0.1404,0.1329,0.1514,0.1536,0.1402,0.1484,0.1568,0.1407,0.1453,0.1508,0.1508,0.1528,0.1497,0.1488,0.1504,0.154,0.1488,0.1553,0.1591,0.1497,0.1525,0.1579,0.151,0.1446,0.1571,0.145,0.1527,0.1567,0.1604,0.1586,0.1574,0.1587,0.1556,0.1505,0.1518,0.1544,0.0979,0.1515,0.1587,0.1555,0.1578,0.1521,0.1542,0.1525,0.1509
4/1/2021,8.0056,0.1668,0.1668,0.1667,0.1668,0.1668,0.1669,0.1668,0.1668,0.1668,0.1669,0.1668,0.1667,0.1667,0.1668,0.1667,0.1668,0.1668,0.1668,0.1668,0.1668,0.1668,0.1667,0.1668,0.1667,0.1667,0.1668,0.1669,0.1667,0.1669,0.1668,0.1667,0.1667,0.1667,0.1667,0.1667,0.1667,0.1668,0.1668,0.1668,0.1672,0.1668,0.1668,0.1667,0.1668,0.1668,0.1668,0.1668,0.1667
3/31/2021,7.1602,0.1452,0.1459,0.15,0.1472,0.1309,0.1433,0.1404,0.1368,0.1566,0.1561,0.1489,0.1542,0.1536,0.1543,0.1541,0.1559,0.1531,0.1558,0.1546,0.1467,0.1541,0.1582,0.153,0.1549,0.1533,0.1531,0.1578,0.1553,0.1541,0.1529,0.1585,0.1594,0.1574,0.1551,0.157,0.1547,0.157,0.1489,0.1421,0.029,0.1504,0.1462,0.1574,0.1531,0.1457,0.1557,0.1529,0.1494
3/30/2021,9.1449,0.1838,0.193,0.1885,0.1921,0.2054,0.2099,0.2078,0.2114,0.1811,0.1924,0.1906,0.1867,0.188,0.1818,0.1903,0.1856,0.1896,0.1939,0.1874,0.192,0.1897,0.187,0.1889,0.1948,0.1866,0.1791,0.2028,0.1802,0.205,0.1898,0.1773,0.1804,0.1785,0.1824,0.1804,0.1868,0.185,0.1933,0.1822,0.2535,0.1806,0.1885,0.1943,0.1852,0.1842,0.1814,0.1892,0.1865
3/29/2021,10.6419,0.2208,0.2066,0.215,0.2618,0.2832,0.2454,0.2356,0.2393,0.2317,0.2177,0.2235,0.234,0.2155,0.2232,0.228,0.2298,0.2076,0.2084,0.2264,0.2081,0.2219,0.196,0.2007,0.1957,0.2,0.2179,0.2251,0.1986,0.2095,0.2068,0.2007,0.1939,0.1978,0.1976,0.1968,0.2047,0.22,0.1963,0.222,0.4765,0.2126,0.2002,0.2324,0.2087,0.2187,0.2052,0.2227,0.2013
3/28/2021,14.417,0.2918,0.2758,0.3393,0.3617,0.4144,0.4214,0.3566,0.4208,0.3226,0.3033,0.4047,0.3329,0.2886,0.2835,0.3085,0.304,0.3066,0.2822,0.2822,0.2725,0.3001,0.2629,0.347,0.2937,0.252,0.279,0.3662,0.2321,0.2713,0.2963,0.209,0.2546,0.261,0.2225,0.2623,0.2501,0.2732,0.2982,0.2155,0.44,0.2494,0.3277,0.2905,0.2302,0.3207,0.329,0.2417,0.2674
3/27/2021,15.0678,0.2748,0.3434,0.3002,0.3215,0.4918,0.4169,0.407,0.3518,0.3186,0.3709,0.2663,0.3031,0.2578,0.2981,0.2896,0.3116,0.3349,0.284,0.2663,0.3222,0.2861,0.337,0.2684,0.3356,0.2324,0.3066,0.2974,0.2381,0.2776,0.2925,0.2161,0.2508,0.267,0.2706,0.2578,0.2642,0.3038,0.2529,0.285,0.83,0.2904,0.3709,0.267,0.3299,0.284,0.3533,0.2593,0.3123
3/26/2021,15.7185,0.3481,0.3388,0.3295,0.3936,0.4631,0.4114,0.3187,0.3565,0.2585,0.3944,0.3334,0.3102,0.2601,0.3318,0.3334,0.3241,0.3041,0.3141,0.2855,0.2917,0.3156,0.328,0.3774,0.2778,0.3017,0.2716,0.2917,0.2732,0.3565,0.3126,0.2477,0.2863,0.2446,0.2516,0.2886,0.2662,0.2508,0.2616,0.3066,0.9507,0.2554,0.3905,0.3318,0.274,0.328,0.3334,0.3164,0.3272
3/25/2021,13.6686,0.2398,0.2874,0.297,0.3673,0.4087,0.2727,0.3157,0.3594,0.3509,0.2863,0.2687,0.2948,0.2749,0.267,0.2755,0.2806,0.2336,0.2931,0.305,0.2772,0.2528,0.2676,0.2738,0.246,0.237,0.2551,0.2608,0.2438,0.2562,0.2693,0.2029,0.2313,0.216,0.2177,0.212,0.2557,0.297,0.2494,0.2905,0.8603,0.2579,0.2987,0.2279,0.2262,0.2755,0.2953,0.2948,0.2415
3/24/2021,16.1748,0.3694,0.3767,0.3302,0.443,0.528,0.4544,0.4152,0.4193,0.4135,0.3024,0.4242,0.2983,0.3342,0.322,0.295,0.3457,0.3203,0.3351,0.3432,0.3114,0.2631,0.2778,0.2934,0.2827,0.2738,0.2803,0.3686,0.2803,0.3882,0.2917,0.2721,0.3032,0.2934,0.2926,0.2353,0.2729,0.3547,0.2738,0.299,0.9082,0.3089,0.2517,0.25,0.2664,0.2787,0.2599,0.331,0.3416
3/23/2021,15.7838,0.271,0.3262,0.334,0.436,0.4749,0.4842,0.3714,0.4547,0.3885,0.3597,0.3792,0.3838,0.3138,0.2601,0.3309,0.3052,0.2725,0.2974,0.3278,0.3418,0.3029,0.3402,0.3083,0.3348,0.2881,0.3138,0.4126,0.2546,0.2679,0.2694,0.2336,0.2468,0.2461,0.2873,0.2585,0.2982,0.257,0.3364,0.2597,0.6878,0.3558,0.2531,0.2538,0.3185,0.2982,0.3722,0.2826,0.3325
3/22/2021,18.4851,0.3816,0.3334,0.4005,0.5273,0.6479,0.4938,0.3386,0.4665,0.2904,0.3061,0.4068,0.3984,0.2946,0.2914,0.412,0.3743,0.3596,0.3166,0.3638,0.3869,0.3281,0.3208,0.3334,0.3523,0.3365,0.281,0.368,0.281,0.4204,0.3889,0.2443,0.2568,0.2464,0.2537,0.3218,0.2998,0.4026,0.3061,0.441,1.7041,0.3827,0.3292,0.3061,0.2705,0.3103,0.4288,0.3816,0.3984
3/21/2021,19.917,0.324,0.3681,0.3812,0.5206,0.5838,0.4253,0.6815,0.4682,0.3132,0.4443,0.3645,0.4658,0.3204,0.3919,0.3085,0.4503,0.3311,0.3633,0.3597,0.3752,0.3037,0.287,0.3871,0.3454,0.355,0.3275,0.3383,0.3192,0.3824,0.3645,0.2978,0.2763,0.349,0.2703,0.3597,0.3442,0.2989,0.318,0.493,1.995,0.3728,0.4455,0.4181,0.3395,0.43,0.4455,0.4002,0.4122
3/20/2021,19.6565,0.4126,0.3881,0.4033,0.4453,0.6597,0.5816,0.4511,0.6003,0.4989,0.3287,0.5035,0.3508,0.2984,0.3182,0.3182,0.3508,0.3135,0.4324,0.4441,0.3951,0.4289,0.4254,0.3194,0.3299,0.3124,0.4184,0.5408,0.3077,0.3683,0.3287,0.2599,0.2669,0.2984,0.2588,0.2786,0.3555,0.2961,0.4278,0.3699,1.3052,0.4196,0.4173,0.394,0.3683,0.4394,0.415,0.4208,0.3905
3/19/2021,19.2662,0.3424,0.392,0.3638,0.6331,0.5824,0.3875,0.4213,0.5317,0.3143,0.4044,0.3942,0.4314,0.3064,0.3131,0.3176,0.3762,0.3492,0.4156,0.3514,0.4247,0.3019,0.2996,0.3244,0.4235,0.3379,0.4044,0.2962,0.3176,0.3672,0.3852,0.2534,0.3537,0.2681,0.3447,0.3435,0.3661,0.3909,0.3312,0.403,1.4907,0.4371,0.4708,0.3312,0.3965,0.4404,0.3289,0.4055,0.3999
3/18/2021,14.2215,0.2699,0.3154,0.2874,0.3645,0.4199,0.4068,0.4379,0.3415,0.3527,0.3502,0.3832,0.321,0.2836,0.2998,0.2905,0.2874,0.3011,0.2743,0.2799,0.306,0.2544,0.3073,0.3004,0.278,0.2581,0.283,0.3371,0.2444,0.321,0.2513,0.2444,0.2326,0.2419,0.2345,0.2488,0.2575,0.2849,0.2413,0.2084,0.4005,0.2482,0.2874,0.2699,0.3191,0.25,0.3297,0.2743,0.2401
3/17/2021,14.7751,0.2744,0.2778,0.2439,0.3205,0.4695,0.4499,0.3042,0.4302,0.2486,0.3537,0.3787,0.3543,0.2893,0.2676,0.2459,0.2703,0.2981,0.2588,0.3083,0.2805,0.3198,0.3164,0.3089,0.3455,0.2669,0.3076,0.3909,0.2507,0.3625,0.2873,0.227,0.2419,0.2554,0.2629,0.2534,0.2744,0.2656,0.3096,0.2372,0.5616,0.3001,0.3299,0.2893,0.2771,0.3076,0.3171,0.2791,0.3049
3/16/2021,14.6122,0.3121,0.2592,0.3452,0.3426,0.4226,0.3227,0.3432,0.4404,0.2731,0.2685,0.2731,0.2407,0.2692,0.2923,0.2857,0.2454,0.2877,0.2718,0.2619,0.2711,0.2645,0.2725,0.3366,0.2612,0.2645,0.3095,0.3697,0.2381,0.3842,0.2705,0.2659,0.2387,0.2255,0.2645,0.2546,0.2652,0.2764,0.2731,0.3276,1.0683,0.3465,0.2368,0.2526,0.2414,0.2678,0.2897,0.2546,0.2632
3/15/2021,19.2659,0.3965,0.3762,0.4359,0.5103,0.6083,0.5148,0.5959,0.4449,0.3999,0.3773,0.3638,0.4303,0.3503,0.2985,0.3143,0.3266,0.3638,0.3582,0.4179,0.3649,0.4021,0.3897,0.374,0.2872,0.2895,0.4066,0.5317,0.3233,0.3289,0.3221,0.3109,0.2782,0.2579,0.3019,0.3435,0.3559,0.3052,0.4337,0.3542,1.2173,0.3807,0.3627,0.4213,0.383,0.4089,0.4573,0.3661,0.4235
3/14/2021,16.5648,0.3174,0.4013,0.296,0.4502,0.3662,0.4699,0.4322,0.3611,0.3345,0.4347,0.32,0.3191,0.3131,0.2737,0.2789,0.3063,0.2977,0.3208,0.3448,0.2866,0.2686,0.2652,0.3234,0.2634,0.3422,0.3131,0.3602,0.29,0.427,0.3397,0.23,0.3028,0.2934,0.3003,0.2515,0.2909,0.2849,0.2643,0.3455,1.1689,0.3337,0.3671,0.3397,0.296,0.3106,0.3457,0.3688,0.3534
3/13/2021,17.7687,0.3767,0.3777,0.3288,0.5017,0.4822,0.3914,0.4627,0.4422,0.3327,0.3112,0.2985,0.2731,0.3327,0.2927,0.3376,0.3425,0.3171,0.4099,0.3073,0.3044,0.3845,0.3953,0.2888,0.4119,0.3542,0.2741,0.4627,0.2761,0.4236,0.3406,0.3249,0.2644,0.2858,0.2722,0.2565,0.3171,0.3093,0.3581,0.3602,1.2509,0.3523,0.4382,0.3835,0.3894,0.3415,0.406,0.2829,0.3406
3/12/2021,15.9789,0.3805,0.3446,0.3741,0.3765,0.4683,0.4747,0.3685,0.4898,0.4459,0.272,0.3917,0.3701,0.2895,0.2632,0.3454,0.3438,0.3255,0.3574,0.2999,0.3199,0.2895,0.256,0.2792,0.3406,0.2425,0.2744,0.3151,0.2728,0.284,0.3326,0.2608,0.2449,0.276,0.2584,0.2784,0.3039,0.3294,0.339,0.2864,0.8376,0.2576,0.3278,0.331,0.2568,0.3358,0.3199,0.2648,0.2824
3/11/2021,16.3048,0.3095,0.3294,0.2597,0.4565,0.5686,0.3967,0.346,0.4665,0.3901,0.3436,0.3344,0.3726,0.322,0.2788,0.3577,0.3568,0.3361,0.3037,0.3585,0.3411,0.2896,0.2829,0.3427,0.3444,0.297,0.3344,0.4424,0.273,0.3195,0.2887,0.2705,0.2755,0.2422,0.2713,0.2838,0.2813,0.2763,0.3203,0.2965,0.8939,0.3901,0.3161,0.297,0.2505,0.3411,0.2987,0.2921,0.2647
3/10/2021,17.3134,0.3287,0.4107,0.4228,0.3725,0.5616,0.4023,0.4703,0.5485,0.4815,0.3418,0.2887,0.3669,0.3399,0.2877,0.3576,0.3315,0.3706,0.3809,0.2971,0.3492,0.3064,0.3641,0.3371,0.2905,0.2514,0.3464,0.2905,0.2645,0.4125,0.3436,0.2812,0.2868,0.2989,0.2971,0.2663,0.3064,0.3529,0.3399,0.3073,0.9546,0.2766,0.3362,0.3883,0.3473,0.3352,0.4023,0.3008,0.3175
3/9/2021,20.4699,0.4186,0.4759,0.3263,0.5545,0.6355,0.5196,0.4684,0.4896,0.4086,0.5395,0.6555,0.4048,0.3861,0.3787,0.3999,0.4672,0.4597,0.4186,0.36,0.4248,0.3824,0.3325,0.4547,0.4996,0.3126,0.3787,0.4734,0.3425,0.5582,0.4148,0.2876,0.2577,0.2889,0.3587,0.3338,0.3624,0.3587,0.345,0.3281,1.0714,0.4335,0.4497,0.34,0.4273,0.3375,0.3774,0.3437,0.4273
3/8/2021,19.1361,0.4506,0.3961,0.454,0.5709,0.6344,0.5019,0.6266,0.6177,0.2869,0.3415,0.4729,0.297,0.3671,0.3215,0.3248,0.3571,0.4027,0.3415,0.3393,0.3961,0.3159,0.2869,0.2981,0.3894,0.337,0.3359,0.3437,0.2903,0.4996,0.3994,0.2858,0.2814,0.2992,0.3192,0.2981,0.317,0.2947,0.356,0.4095,1.5274,0.3137,0.3482,0.3025,0.4395,0.3293,0.3749,0.2981,0.3448
3/7/2021,21.0233,0.3763,0.3737,0.4975,0.5196,0.6303,0.6811,0.5717,0.4076,0.319,0.3685,0.5769,0.3737,0.4363,0.392,0.3724,0.4428,0.4766,0.4493,0.4128,0.4844,0.4428,0.3399,0.336,0.4115,0.3516,0.3633,0.4766,0.3373,0.4792,0.3477,0.3659,0.28,0.3399,0.3321,0.3164,0.3985,0.3542,0.4284,0.4136,1.5503,0.4857,0.3776,0.3894,0.3659,0.4076,0.4167,0.3724,0.3803
3/6/2021,19.6563,0.4627,0.352,0.4173,0.6236,0.5443,0.4546,0.4348,0.4697,0.4184,0.4476,0.4266,0.359,0.338,0.3508,0.3462,0.3089,0.3777,0.3858,0.3718,0.3602,0.4091,0.2832,0.4767,0.2972,0.352,0.331,0.2844,0.3205,0.4802,0.3567,0.2692,0.3019,0.303,0.3334,0.2996,0.3403,0.4336,0.4324,0.4541,1.777,0.4476,0.3462,0.3217,0.2809,0.4219,0.3275,0.3916,0.3334
3/5/2021,17.9316,0.3742,0.3375,0.3325,0.5272,0.5262,0.4964,0.5639,0.3891,0.4537,0.2968,0.5351,0.3822,0.3226,0.3325,0.3047,0.2858,0.3742,0.3256,0.3127,0.3226,0.2849,0.3603,0.3723,0.3405,0.3087,0.2958,0.4815,0.2779,0.4527,0.3276,0.2521,0.2739,0.3146,0.268,0.3166,0.3315,0.3216,0.2749,0.3481,1.183,0.3027,0.4368,0.3812,0.2729,0.3266,0.4289,0.2908,0.3097
3/4/2021,16.5005,0.3605,0.3426,0.3664,0.4387,0.4251,0.4412,0.3392,0.4599,0.2653,0.3333,0.3741,0.3647,0.2814,0.2942,0.3554,0.3537,0.3639,0.3027,0.3018,0.369,0.3341,0.295,0.3673,0.3103,0.3044,0.3503,0.4013,0.2704,0.4021,0.3154,0.2712,0.284,0.2406,0.2933,0.2857,0.301,0.3503,0.3061,0.2693,0.7415,0.3537,0.3681,0.301,0.3375,0.2814,0.3435,0.3273,0.3613
3/3/2021,13.8962,0.2398,0.2592,0.3153,0.3158,0.4338,0.2982,0.3866,0.3866,0.2298,0.3512,0.2557,0.304,0.2728,0.2315,0.2757,0.307,0.2421,0.2386,0.2498,0.2598,0.274,0.2734,0.2439,0.2362,0.2245,0.2828,0.2345,0.2345,0.3559,0.2693,0.2581,0.2292,0.2374,0.2333,0.2162,0.2415,0.2592,0.2575,0.3333,1.1003,0.3164,0.2675,0.2239,0.2327,0.2439,0.2934,0.2398,0.2303
3/2/2021,11.8786,0.2349,0.2667,0.2392,0.3028,0.2551,0.2532,0.3078,0.3156,0.2625,0.2462,0.2757,0.259,0.214,0.2206,0.2481,0.2497,0.2365,0.2342,0.2345,0.2245,0.2396,0.2202,0.2384,0.2501,0.238,0.2217,0.2826,0.2194,0.2245,0.2268,0.2159,0.2314,0.2229,0.2229,0.2256,0.2314,0.2601,0.2175,0.2162,0.4441,0.2578,0.2148,0.233,0.2586,0.2621,0.2438,0.2501,0.2283
3/1/2021,18.1922,0.394,0.4194,0.3134,0.5152,0.6335,0.5163,0.556,0.3817,0.449,0.448,0.394,0.3624,0.3664,0.2778,0.3919,0.3797,0.2941,0.3216,0.3246,0.3868,0.2849,0.2869,0.2971,0.3348,0.3195,0.3165,0.3399,0.291,0.4816,0.3155,0.2778,0.2727,0.289,0.3012,0.2808,0.345,0.3675,0.3246,0.3436,1.1578,0.3287,0.3297,0.3185,0.3644,0.4174,0.4429,0.3542,0.2829
2/28/2021,18.8104,0.3796,0.3829,0.4499,0.4823,0.651,0.424,0.464,0.5634,0.5094,0.3796,0.4672,0.3504,0.3623,0.3937,0.2942,0.3958,0.3753,0.3548,0.3472,0.3948,0.3202,0.3277,0.3115,0.2845,0.2867,0.344,0.4272,0.291,0.5137,0.398,0.2813,0.265,0.2596,0.3104,0.3159,0.3115,0.3677,0.4131,0.3454,1.1684,0.3883,0.3786,0.3277,0.3602,0.3602,0.3991,0.3213,0.3104
2/27/2021,15.914,0.3083,0.2838,0.2585,0.3732,0.5165,0.3408,0.4294,0.4041,0.2885,0.3629,0.2941,0.3653,0.2988,0.279,0.3147,0.3384,0.2608,0.3519,0.3147,0.3012,0.3044,0.3384,0.2703,0.3376,0.2917,0.2577,0.3819,0.268,0.3329,0.2909,0.2601,0.2988,0.2672,0.2648,0.249,0.287,0.287,0.302,0.3421,1.1498,0.3447,0.2719,0.3257,0.317,0.3107,0.2743,0.306,0.2972
2/26/2021,17.2155,0.3713,0.3657,0.327,0.4818,0.3915,0.3888,0.327,0.5335,0.4809,0.4173,0.4302,0.3501,0.2726,0.3206,0.3215,0.3243,0.2754,0.3279,0.3648,0.3344,0.292,0.3252,0.3925,0.3537,0.2653,0.2653,0.4487,0.2892,0.4625,0.3436,0.2957,0.2809,0.2708,0.2413,0.2699,0.2975,0.3408,0.3694,0.3069,0.9526,0.3233,0.3206,0.3915,0.2791,0.3399,0.3749,0.3556,0.3602
2/25/2021,15.3932,0.3441,0.2924,0.3153,0.3293,0.4106,0.4594,0.4513,0.4225,0.3278,0.35,0.3175,0.3071,0.2569,0.268,0.265,0.279,0.3286,0.2724,0.2746,0.2798,0.3249,0.2569,0.2768,0.2768,0.2746,0.3197,0.3212,0.2717,0.2635,0.3086,0.2635,0.2864,0.2554,0.2214,0.2687,0.2946,0.333,0.3404,0.2999,0.9132,0.3175,0.2783,0.2916,0.2931,0.316,0.3426,0.3264,0.3049
2/24/2021,16.597,0.2862,0.3885,0.3034,0.3575,0.4426,0.4306,0.3704,0.5071,0.4684,0.3051,0.4899,0.4065,0.3214,0.3249,0.3412,0.3747,0.2741,0.281,0.3034,0.2853,0.3274,0.3059,0.287,0.281,0.2483,0.2578,0.3635,0.2802,0.3438,0.3421,0.3008,0.2526,0.2655,0.2724,0.2724,0.2767,0.3455,0.3403,0.3109,0.975,0.3558,0.3317,0.3507,0.3292,0.3567,0.336,0.336,0.2896
2/23/2021,18.778,0.3402,0.4437,0.3283,0.5935,0.7066,0.3941,0.5234,0.4706,0.351,0.4749,0.4307,0.4167,0.2917,0.3456,0.3025,0.2982,0.3434,0.3758,0.3456,0.4124,0.3176,0.324,0.3294,0.4016,0.337,0.2949,0.3391,0.2852,0.3488,0.3434,0.2841,0.3003,0.268,0.3219,0.3197,0.3111,0.3844,0.3003,0.4115,1.5385,0.3704,0.4016,0.3542,0.3165,0.3262,0.3984,0.3564,0.3046
2/22/2021,16.7928,0.2933,0.2862,0.3504,0.383,0.5483,0.3601,0.5025,0.5105,0.3276,0.3223,0.4964,0.3689,0.3258,0.2827,0.2889,0.2977,0.3469,0.3293,0.3751,0.3372,0.3117,0.2678,0.3408,0.2942,0.2871,0.2678,0.2687,0.2775,0.3707,0.3522,0.2493,0.2669,0.2924,0.2748,0.2476,0.3223,0.368,0.2854,0.3049,0.9411,0.3733,0.4093,0.3821,0.3724,0.3082,0.3847,0.3531,0.2854
2/21/2021,13.4083,0.2424,0.3067,0.3035,0.3841,0.4398,0.37,0.2705,0.2894,0.2975,0.3181,0.3197,0.2732,0.2391,0.257,0.2765,0.2343,0.2316,0.237,0.2662,0.2808,0.2683,0.2786,0.2608,0.2581,0.2635,0.2662,0.3116,0.2229,0.3186,0.2775,0.2126,0.2467,0.2224,0.2343,0.2148,0.2462,0.2456,0.2262,0.2396,0.5756,0.3084,0.2824,0.2948,0.2343,0.2505,0.2667,0.2727,0.271
2/20/2021,13.3104,0.2607,0.2989,0.2564,0.3743,0.437,0.3669,0.3308,0.3525,0.3143,0.3143,0.3026,0.2808,0.2299,0.2405,0.232,0.2564,0.2346,0.2421,0.2792,0.2723,0.241,0.2315,0.2686,0.24,0.215,0.2362,0.2235,0.2426,0.3286,0.266,0.233,0.2548,0.2198,0.2378,0.2214,0.2426,0.2341,0.2442,0.2822,0.8142,0.2288,0.2219,0.2315,0.2739,0.258,0.2649,0.241,0.2368
2/19/2021,14.8399,0.326,0.2638,0.2453,0.4314,0.5005,0.3199,0.3,0.3493,0.3917,0.3924,0.2912,0.2836,0.2966,0.3055,0.2891,0.3137,0.2939,0.2959,0.2939,0.3206,0.2843,0.2405,0.3329,0.3219,0.2433,0.3171,0.3042,0.2474,0.3671,0.257,0.2241,0.2241,0.2248,0.2501,0.2693,0.2782,0.2959,0.2658,0.2752,0.7749,0.2597,0.3329,0.2556,0.3076,0.2741,0.3438,0.2672,0.2966
2/18/2021,13.9614,0.2656,0.305,0.2996,0.3425,0.3592,0.3032,0.3592,0.3127,0.327,0.2442,0.3574,0.3318,0.2448,0.2668,0.2454,0.2883,0.2734,0.2454,0.2615,0.2626,0.2638,0.2632,0.3056,0.2936,0.2483,0.2364,0.3348,0.2507,0.3461,0.2603,0.2263,0.243,0.2245,0.2406,0.2388,0.2525,0.2978,0.2573,0.2768,0.7838,0.2692,0.3211,0.2668,0.2609,0.3133,0.3109,0.2424,0.237
2/17/2021,13.9941,0.268,0.2788,0.3285,0.3519,0.3681,0.3333,0.2716,0.3908,0.3393,0.3261,0.2812,0.2973,0.2841,0.2524,0.2566,0.2829,0.3117,0.2835,0.3069,0.3075,0.2596,0.2368,0.3099,0.2548,0.2656,0.241,0.2901,0.25,0.3189,0.2853,0.2104,0.2206,0.2392,0.25,0.2446,0.2608,0.2644,0.2776,0.2778,0.7892,0.2458,0.2907,0.2865,0.2464,0.2554,0.2788,0.2716,0.2518
2/16/2021,16.6627,0.3616,0.365,0.3287,0.5071,0.4101,0.5184,0.4257,0.5227,0.4161,0.3096,0.2923,0.4084,0.346,0.3035,0.365,0.3053,0.32,0.3391,0.2957,0.3287,0.2992,0.2871,0.3105,0.3035,0.2516,0.2689,0.4239,0.281,0.4595,0.3027,0.2507,0.2784,0.2983,0.2585,0.3018,0.2862,0.3304,0.3183,0.2834,0.8209,0.2931,0.3468,0.2507,0.3399,0.3555,0.3061,0.3694,0.3174
2/15/2021,16.337,0.3593,0.3868,0.2775,0.3868,0.5293,0.4893,0.4635,0.4326,0.3467,0.3509,0.3467,0.3976,0.3034,0.2642,0.2934,0.3326,0.3384,0.2909,0.3309,0.3668,0.3543,0.2909,0.2659,0.3918,0.265,0.3192,0.3042,0.2634,0.4126,0.3092,0.2434,0.2575,0.2567,0.27,0.2859,0.2884,0.2734,0.2717,0.2928,0.8734,0.2759,0.2934,0.2717,0.3501,0.3417,0.3734,0.3668,0.2867
2/14/2021,17.0531,0.3767,0.3233,0.3314,0.4111,0.3785,0.3613,0.3124,0.4428,0.4392,0.3133,0.4093,0.3106,0.2844,0.3441,0.3414,0.3151,0.3097,0.3894,0.3079,0.383,0.364,0.2599,0.3025,0.2907,0.2771,0.2798,0.3532,0.2961,0.3224,0.3206,0.2835,0.3007,0.3034,0.3088,0.2835,0.2988,0.3133,0.3468,0.4028,1.4895,0.3414,0.2789,0.3124,0.3468,0.3794,0.2699,0.3685,0.2735
2/13/2021,15.5235,0.3164,0.2938,0.3164,0.4337,0.3833,0.4736,0.3051,0.3156,0.351,0.3359,0.4593,0.272,0.2592,0.2712,0.2863,0.3427,0.2622,0.2585,0.3217,0.3472,0.2901,0.3307,0.2554,0.2983,0.2788,0.2743,0.3066,0.2705,0.3766,0.269,0.2818,0.2434,0.2457,0.2366,0.2758,0.2652,0.2901,0.3262,0.3368,1.1198,0.3578,0.3081,0.2577,0.2682,0.3502,0.2697,0.2773,0.2577
2/12/2021,16.077,0.2943,0.3484,0.2951,0.4534,0.4025,0.4833,0.417,0.4162,0.3032,0.3759,0.3985,0.3201,0.2814,0.2822,0.262,0.2854,0.312,0.3654,0.3371,0.3007,0.2773,0.3589,0.3807,0.3839,0.2983,0.3306,0.2531,0.2676,0.4187,0.329,0.2604,0.283,0.2604,0.2676,0.2709,0.304,0.2612,0.2999,0.2686,0.7376,0.3056,0.329,0.3088,0.354,0.3112,0.346,0.3613,0.3153
2/11/2021,16.8249,0.4032,0.3608,0.3855,0.4358,0.4447,0.3802,0.5029,0.5144,0.284,0.3511,0.3132,0.2796,0.284,0.3026,0.2787,0.3388,0.2805,0.2735,0.3608,0.3635,0.3379,0.2646,0.3723,0.3441,0.2646,0.3105,0.4367,0.2637,0.2902,0.3079,0.2284,0.262,0.269,0.2946,0.2611,0.3035,0.3855,0.2646,0.3642,1.2735,0.4076,0.254,0.3105,0.337,0.3061,0.2937,0.3785,0.3008
2/10/2021,19.0057,0.3604,0.4594,0.4099,0.5783,0.5541,0.4088,0.5915,0.521,0.5651,0.3141,0.3978,0.422,0.3868,0.3835,0.4121,0.3593,0.367,0.444,0.3956,0.4176,0.3086,0.4154,0.4407,0.4242,0.3538,0.3428,0.5144,0.313,0.5067,0.3285,0.2998,0.2679,0.2822,0.3108,0.302,0.3064,0.4429,0.4121,0.2295,0.5187,0.3351,0.3505,0.389,0.4044,0.3527,0.4418,0.2987,0.3648
2/9/2021,18.4198,0.3084,0.3709,0.2813,0.4813,0.4741,0.5366,0.3501,0.598,0.2896,0.3667,0.3417,0.349,0.3782,0.3834,0.4022,0.3209,0.298,0.3792,0.3626,0.4001,0.3053,0.2729,0.4095,0.2896,0.3667,0.3303,0.4751,0.3146,0.3146,0.3334,0.2667,0.2927,0.2625,0.2573,0.3146,0.3459,0.399,0.3334,0.4026,1.4885,0.4292,0.4355,0.3688,0.4126,0.3209,0.2844,0.3542,0.3667
2/8/2021,19.3637,0.4223,0.3178,0.3383,0.4473,0.5098,0.5553,0.4644,0.5189,0.4508,0.3496,0.3723,0.3598,0.3894,0.411,0.4087,0.3485,0.4303,0.3258,0.4019,0.4235,0.3905,0.4428,0.3326,0.4598,0.3928,0.3212,0.5076,0.3155,0.3542,0.4019,0.2417,0.2871,0.2746,0.3417,0.2735,0.3633,0.3712,0.3246,0.394,1.4405,0.4758,0.3701,0.286,0.2905,0.3826,0.4508,0.3417,0.2894
2/7/2021,20.8932,0.4271,0.3536,0.4387,0.5805,0.6386,0.4581,0.6669,0.6643,0.6205,0.547,0.3975,0.3794,0.3717,0.4052,0.4,0.3498,0.4103,0.4606,0.4103,0.4348,0.449,0.4684,0.3214,0.3859,0.3485,0.3472,0.4864,0.3317,0.578,0.4,0.3356,0.2775,0.3575,0.3098,0.3072,0.3588,0.3652,0.4735,0.3885,1.4095,0.4477,0.3046,0.2956,0.3124,0.4091,0.3291,0.3678,0.3124
2/6/2021,17.0205,0.3714,0.3227,0.3805,0.4102,0.3877,0.4346,0.5212,0.468,0.3011,0.3777,0.3092,0.4039,0.3092,0.3272,0.2939,0.329,0.2984,0.3859,0.2921,0.3272,0.2902,0.2875,0.3516,0.2623,0.3047,0.2893,0.3642,0.2875,0.2921,0.3462,0.2343,0.302,0.2821,0.2614,0.2451,0.3209,0.3786,0.2758,0.3982,1.4641,0.3011,0.3462,0.3236,0.3182,0.293,0.3191,0.2812,0.3489
2/5/2021,18.3871,0.4388,0.309,0.2809,0.444,0.6414,0.5385,0.5084,0.5863,0.3869,0.4908,0.3661,0.3723,0.284,0.3277,0.391,0.2913,0.3734,0.3619,0.3806,0.3973,0.3453,0.4139,0.418,0.3287,0.282,0.2788,0.336,0.2757,0.4409,0.3755,0.2373,0.257,0.3162,0.3194,0.2508,0.3484,0.3744,0.3318,0.2955,0.8886,0.3516,0.3931,0.3973,0.4025,0.4128,0.4502,0.3484,0.3464
2/4/2021,14.8397,0.2734,0.3431,0.2706,0.3281,0.428,0.3213,0.404,0.3643,0.4102,0.285,0.3411,0.2542,0.2658,0.2535,0.2658,0.324,0.2959,0.3048,0.3124,0.311,0.2843,0.2761,0.3561,0.326,0.2994,0.3103,0.3712,0.2371,0.3486,0.313,0.2501,0.257,0.2542,0.2378,0.2467,0.2679,0.3007,0.2959,0.2495,0.631,0.3411,0.2638,0.2959,0.2652,0.3226,0.2912,0.2665,0.324
2/3/2021,15.3609,0.2918,0.2822,0.3124,0.3809,0.5075,0.3963,0.3315,0.4022,0.3404,0.2646,0.3117,0.2675,0.2557,0.3176,0.2786,0.2881,0.2903,0.3507,0.3095,0.2977,0.2631,0.2808,0.2668,0.2822,0.3161,0.2741,0.336,0.2535,0.3441,0.2668,0.2226,0.2381,0.2373,0.2572,0.2778,0.2668,0.3323,0.2734,0.34,1.1379,0.2962,0.2705,0.2388,0.3404,0.3249,0.3676,0.3352,0.2432
2/2/2021,14.1567,0.2953,0.2566,0.3157,0.3741,0.4659,0.3581,0.2744,0.3157,0.2633,0.3668,0.2596,0.296,0.2787,0.2756,0.291,0.2596,0.2695,0.2726,0.2615,0.3015,0.2566,0.2529,0.2485,0.2319,0.2799,0.2418,0.331,0.2529,0.2867,0.2935,0.2529,0.2172,0.2153,0.2184,0.2332,0.2769,0.3046,0.2824,0.2738,0.7669,0.2916,0.3194,0.2978,0.3175,0.2916,0.2639,0.2984,0.3077
2/1/2021,17.8017,0.3323,0.3754,0.3353,0.4744,0.5185,0.5117,0.4372,0.4166,0.3058,0.4921,0.4813,0.3039,0.3068,0.2735,0.3068,0.3078,0.3264,0.3196,0.3078,0.3196,0.3686,0.3882,0.3539,0.4313,0.3245,0.3264,0.3166,0.3,0.4725,0.3735,0.3098,0.2412,0.2676,0.2706,0.3225,0.3323,0.3304,0.3402,0.3369,1.1206,0.3882,0.3402,0.3598,0.3441,0.3607,0.3127,0.3999,0.3157
1/31/2021,18.3222,0.368,0.3225,0.3329,0.5476,0.3907,0.5465,0.403,0.4092,0.3803,0.3803,0.3649,0.371,0.3349,0.3329,0.3163,0.3793,0.3009,0.4144,0.3814,0.4144,0.2936,0.4123,0.3009,0.2854,0.2596,0.3814,0.2823,0.2998,0.5083,0.3318,0.2802,0.2544,0.3215,0.3132,0.2627,0.3329,0.403,0.3225,0.4087,1.5226,0.368,0.4412,0.2874,0.3535,0.307,0.3483,0.3793,0.369
1/30/2021,17.8017,0.4225,0.3892,0.3323,0.4931,0.5234,0.4686,0.3578,0.4627,0.4597,0.2902,0.4411,0.2872,0.3107,0.3176,0.3019,0.349,0.2853,0.3313,0.3598,0.3392,0.3637,0.3333,0.3843,0.2617,0.3264,0.2843,0.4176,0.299,0.347,0.3098,0.3088,0.2686,0.3186,0.2617,0.2902,0.3294,0.3235,0.3558,0.3754,1.3361,0.4019,0.3509,0.3617,0.346,0.3029,0.3921,0.2843,0.3441
1/29/2021,15.5236,0.3555,0.354,0.281,0.439,0.5496,0.3706,0.4676,0.3352,0.3683,0.3171,0.4353,0.3111,0.3059,0.2532,0.3412,0.3006,0.3472,0.2901,0.348,0.3284,0.2908,0.2569,0.3201,0.3352,0.2645,0.3059,0.2923,0.2464,0.4059,0.3104,0.2878,0.2825,0.2404,0.2299,0.2389,0.2991,0.2976,0.3096,0.2324,0.535,0.275,0.2607,0.3337,0.3209,0.3292,0.2998,0.2901,0.3337
1/28/2021,13.0177,0.2485,0.2449,0.2826,0.3603,0.3011,0.2951,0.3112,0.3734,0.3307,0.2856,0.2816,0.252,0.25,0.2715,0.263,0.2705,0.2811,0.2485,0.2389,0.2545,0.262,0.2259,0.257,0.255,0.252,0.2685,0.2776,0.2244,0.3232,0.2725,0.2434,0.2304,0.2073,0.2214,0.2289,0.2495,0.2886,0.2469,0.2408,0.5822,0.2269,0.3016,0.2324,0.2168,0.2344,0.2946,0.2565,0.252
1/27/2021,15.2632,0.2567,0.2901,0.325,0.3323,0.3366,0.2996,0.2938,0.4049,0.3758,0.3359,0.2967,0.333,0.2589,0.3098,0.2553,0.3214,0.2778,0.2647,0.2698,0.3403,0.2487,0.2458,0.2749,0.2974,0.2415,0.2938,0.2516,0.2633,0.2792,0.3083,0.2742,0.2589,0.2771,0.2197,0.232,0.2684,0.2647,0.2756,0.3979,1.4622,0.2727,0.3134,0.3228,0.3228,0.3374,0.2843,0.3286,0.2676
1/26/2021,19.4937,0.3977,0.3322,0.3011,0.5299,0.554,0.4126,0.5494,0.385,0.4402,0.5207,0.3713,0.4425,0.346,0.3379,0.4172,0.3195,0.4184,0.3046,0.3713,0.431,0.3862,0.3437,0.3345,0.4241,0.2977,0.3506,0.546,0.3253,0.4103,0.3747,0.2517,0.3563,0.3195,0.3138,0.3322,0.3161,0.3908,0.4287,0.4117,1.5399,0.3126,0.4414,0.354,0.3138,0.3862,0.4057,0.3322,0.3115
1/25/2021,20.3072,0.3784,0.4387,0.4571,0.638,0.7451,0.483,0.5888,0.6454,0.574,0.446,0.5457,0.307,0.3094,0.382,0.3857,0.3784,0.4362,0.3882,0.3427,0.3956,0.4042,0.3254,0.3131,0.4005,0.2873,0.3205,0.3057,0.3328,0.3734,0.35,0.3045,0.286,0.2762,0.3045,0.307,0.3784,0.3353,0.4608,0.4086,1.5222,0.323,0.2922,0.451,0.4128,0.4239,0.4177,0.3144,0.4104
1/24/2021,19.3635,0.311,0.4201,0.4269,0.5212,0.5519,0.4905,0.5133,0.6383,0.3689,0.5223,0.5303,0.3121,0.303,0.3417,0.3905,0.3201,0.3883,0.3189,0.4064,0.4223,0.3076,0.3246,0.3871,0.2996,0.3383,0.3792,0.3269,0.303,0.4598,0.3917,0.2883,0.3292,0.2951,0.2973,0.2678,0.3587,0.3553,0.3462,0.4002,1.4752,0.4133,0.3201,0.303,0.3814,0.3587,0.4689,0.3598,0.3292
1/23/2021,20.893,0.4232,0.3768,0.4091,0.4735,0.7817,0.5444,0.578,0.4361,0.5883,0.4439,0.4709,0.3253,0.4013,0.4013,0.3407,0.3923,0.3498,0.489,0.4271,0.3498,0.4529,0.333,0.3304,0.4129,0.3201,0.4271,0.5522,0.3265,0.5199,0.4116,0.351,0.3394,0.2801,0.3124,0.3343,0.3742,0.4323,0.3871,0.3879,1.4062,0.4194,0.3652,0.3149,0.4078,0.44,0.5122,0.4181,0.3214
1/22/2021,17.3456,0.3031,0.3414,0.2854,0.419,0.5872,0.3657,0.4227,0.4779,0.4545,0.2844,0.4564,0.2984,0.3452,0.3302,0.3199,0.3199,0.3891,0.3059,0.3106,0.3433,0.3115,0.3265,0.3956,0.3461,0.3536,0.3171,0.3564,0.2713,0.3601,0.3078,0.2489,0.2648,0.2732,0.2919,0.2807,0.2994,0.3975,0.3854,0.3187,1.0184,0.4181,0.4349,0.2695,0.3938,0.3199,0.3349,0.3882,0.3012
1/21/2021,16.9883,0.2988,0.4004,0.3509,0.3833,0.4201,0.3797,0.4336,0.3833,0.4624,0.3231,0.4687,0.3267,0.3042,0.3545,0.368,0.3815,0.3473,0.2961,0.3554,0.386,0.3096,0.3428,0.315,0.3806,0.2925,0.2835,0.2565,0.2943,0.439,0.3168,0.288,0.2422,0.2332,0.2646,0.2422,0.3177,0.3311,0.3267,0.3345,1.1071,0.3437,0.2673,0.3761,0.3725,0.2799,0.2745,0.3815,0.3509
1/20/2021,16.7927,0.3944,0.339,0.3689,0.5052,0.5887,0.3469,0.4683,0.4401,0.4665,0.3065,0.4261,0.3997,0.2643,0.303,0.3065,0.2994,0.2898,0.2977,0.3091,0.3135,0.3056,0.3038,0.4076,0.3197,0.3293,0.3496,0.3812,0.2546,0.3126,0.3364,0.2326,0.2783,0.2713,0.3003,0.2748,0.2968,0.3645,0.2924,0.2866,0.8389,0.2783,0.3821,0.2783,0.3794,0.368,0.2775,0.3073,0.3513
1/19/2021,20.7957,0.4175,0.3688,0.3266,0.58,0.6311,0.4264,0.6299,0.6695,0.6056,0.571,0.5659,0.3714,0.3522,0.4111,0.3983,0.4239,0.3663,0.4546,0.4597,0.4136,0.3688,0.3522,0.3931,0.4507,0.3906,0.3484,0.58,0.301,0.5748,0.429,0.3266,0.278,0.3036,0.278,0.3676,0.3394,0.4789,0.4571,0.2643,0.7139,0.4891,0.3023,0.4456,0.4533,0.3548,0.4469,0.475,0.3893
1/18/2021,20.5679,0.4746,0.3816,0.4017,0.5927,0.4834,0.692,0.6983,0.6644,0.604,0.5538,0.4017,0.3791,0.3916,0.4205,0.4582,0.452,0.4633,0.4494,0.4645,0.4507,0.3502,0.3539,0.3803,0.4381,0.3678,0.3866,0.3476,0.3225,0.55,0.4029,0.3175,0.2911,0.359,0.3099,0.2798,0.3552,0.3275,0.408,0.216,0.4429,0.4595,0.4733,0.3765,0.4482,0.4243,0.4293,0.4256,0.4469
1/17/2021,17.2808,0.3699,0.3662,0.3152,0.3885,0.4228,0.5054,0.4637,0.4386,0.3282,0.4423,0.3866,0.3198,0.3504,0.3198,0.3495,0.2799,0.3059,0.3207,0.3643,0.3773,0.3244,0.265,0.3699,0.3671,0.2836,0.3671,0.2855,0.2762,0.3421,0.3597,0.2502,0.2901,0.2353,0.2558,0.2521,0.3328,0.2678,0.3254,0.3851,1.3905,0.3365,0.2715,0.3913,0.3207,0.3439,0.3978,0.3059,0.2725
1/16/2021,20.8284,0.4874,0.4232,0.4515,0.5169,0.4373,0.6221,0.4989,0.6875,0.4951,0.413,0.3565,0.4091,0.3411,0.3206,0.3334,0.3873,0.3463,0.3193,0.4758,0.4425,0.3373,0.3386,0.4707,0.3527,0.345,0.3424,0.472,0.3091,0.5772,0.3758,0.2513,0.2603,0.3681,0.3681,0.3347,0.3835,0.3642,0.4014,0.4505,1.757,0.3629,0.3681,0.3245,0.3232,0.4822,0.5194,0.4502,0.3732
1/15/2021,21.1536,0.3587,0.4337,0.4653,0.4824,0.4429,0.5626,0.4942,0.6126,0.3955,0.5468,0.389,0.3613,0.3995,0.4324,0.4508,0.4324,0.4258,0.4613,0.3784,0.4771,0.4047,0.4797,0.4587,0.3232,0.4389,0.41,0.5442,0.3469,0.4679,0.3955,0.3153,0.2943,0.2627,0.3377,0.3732,0.3613,0.4455,0.3469,0.4003,1.4759,0.5008,0.4902,0.3508,0.4468,0.4376,0.335,0.3298,0.3771
1/14/2021,17.5086,0.3683,0.3359,0.3473,0.3749,0.586,0.411,0.3578,0.3873,0.4006,0.3597,0.3863,0.4139,0.2722,0.3188,0.3369,0.3188,0.3245,0.2798,0.3597,0.3121,0.316,0.2589,0.431,0.3302,0.2827,0.3625,0.3854,0.2798,0.3873,0.3378,0.3188,0.2646,0.3026,0.3007,0.2789,0.2893,0.3578,0.3787,0.367,1.289,0.3435,0.2627,0.3074,0.3806,0.3064,0.3702,0.3911,0.3759
1/13/2021,20.3075,0.43,0.3513,0.3562,0.4904,0.5864,0.5125,0.4916,0.6602,0.6011,0.5888,0.5987,0.4239,0.4091,0.3993,0.3808,0.419,0.3833,0.3144,0.4079,0.4399,0.3722,0.3205,0.4768,0.4707,0.2811,0.414,0.5556,0.3168,0.478,0.3882,0.3365,0.355,0.323,0.3574,0.339,0.3464,0.4411,0.43,0.2325,0.5353,0.4251,0.5088,0.4682,0.3611,0.4362,0.3624,0.3968,0.334
1/12/2021,26.6536,0.5621,0.508,0.4465,0.5789,0.786,0.758,0.9762,0.896,0.8251,0.4409,0.8028,0.6834,0.4092,0.5062,0.3924,0.4353,0.5938,0.5229,0.5845,0.6125,0.5472,0.3551,0.4856,0.5882,0.4614,0.4539,0.5714,0.3886,0.605,0.4726,0.4502,0.4353,0.3364,0.3663,0.3719,0.4689,0.5528,0.5379,0.4268,1.6245,0.4931,0.48,0.5416,0.3775,0.4073,0.5099,0.5192,0.5043
1/11/2021,27.4023,0.6575,0.5469,0.5916,0.7856,0.6362,0.8244,0.5431,0.6187,0.5838,0.4228,0.8302,0.6013,0.5489,0.3937,0.6207,0.4616,0.4538,0.5489,0.5799,0.4771,0.4887,0.5334,0.6828,0.5081,0.384,0.5159,0.5062,0.4111,0.5217,0.5819,0.4752,0.4538,0.3549,0.4422,0.4364,0.5062,0.6207,0.6362,0.4796,1.9201,0.4519,0.6711,0.6498,0.3762,0.5237,0.5314,0.5004,0.512
1/10/2021,26.165,0.4809,0.5827,0.4936,0.6281,0.6299,0.5554,0.6353,0.5463,0.5954,0.4282,0.5663,0.5209,0.4936,0.5027,0.5881,0.4827,0.5481,0.5245,0.5663,0.4446,0.3756,0.5881,0.5881,0.3483,0.47,0.4955,0.7516,0.4246,0.4519,0.5282,0.3774,0.3792,0.4555,0.3865,0.3283,0.4264,0.5245,0.4282,0.548,2.3031,0.5154,0.3919,0.4791,0.5808,0.5481,0.6226,0.5045,0.53
1/9/2021,26.6209,0.6154,0.4981,0.5037,0.7886,0.7923,0.5987,0.6341,0.7756,0.4441,0.4721,0.4069,0.6415,0.4925,0.3976,0.4814,0.6098,0.4683,0.6024,0.4739,0.5372,0.3789,0.4125,0.5875,0.6471,0.5223,0.3566,0.4665,0.418,0.4236,0.4739,0.3547,0.4534,0.3957,0.3585,0.418,0.4218,0.4907,0.4795,0.5544,2.3393,0.4888,0.5596,0.621,0.567,0.5298,0.6341,0.4795,0.554
1/8/2021,3.3518,0.0811,0.0746,0.0681,0.0235,0.0031,-0.0169,-0.0262,0.0319,0.1048,0.0375,-0.0146,0.0495,0.0844,0.1044,0.0997,0.1104,0.0914,0.0872,0.0723,0.0974,0.0821,0.1114,0.0756,0.109,0.1183,0.109,0.0398,0.1146,0.0732,0.0681,0.1309,0.116,0.1318,0.1207,0.0942,0.1035,0.089,0.0946,0.0624,-0.4175,0.1137,0.1025,0.1141,0.0988,0.1067,0.0495,0.0574,0.1188
1/7/2021,28.053,0.4715,0.5978,0.5577,0.8545,0.8244,0.7923,0.5116,0.8625,0.5818,0.7322,0.7763,0.676,0.4614,0.5316,0.5697,0.5878,0.6098,0.6519,0.5717,0.4675,0.4534,0.5798,0.6981,0.4013,0.4895,0.4534,0.4334,0.4173,0.6299,0.5256,0.3151,0.4975,0.3933,0.3632,0.4594,0.4514,0.4675,0.5176,0.5202,2.1473,0.5477,0.3632,0.5697,0.4655,0.6459,0.4534,0.4855,0.6179
1/6/2021,23.6272,0.5058,0.4558,0.3761,0.723,0.587,0.4667,0.612,0.4995,0.5964,0.4526,0.7402,0.5183,0.4636,0.4058,0.5214,0.4433,0.4542,0.4964,0.4089,0.523,0.412,0.4401,0.548,0.3683,0.3417,0.3573,0.4761,0.3261,0.587,0.412,0.3323,0.4058,0.3323,0.3964,0.3354,0.437,0.4042,0.3698,0.5117,2.1,0.5355,0.3964,0.5058,0.3229,0.4933,0.3417,0.523,0.3651
1/5/2021,22.1623,0.3692,0.4896,0.5207,0.5986,0.6057,0.7487,0.702,0.4598,0.6539,0.6114,0.3848,0.4088,0.3649,0.3437,0.474,0.44,0.372,0.3848,0.4003,0.4287,0.4485,0.3437,0.5037,0.3989,0.406,0.3423,0.4683,0.3692,0.4669,0.4655,0.3536,0.3621,0.2729,0.3012,0.287,0.3692,0.3635,0.4046,0.4528,1.7698,0.3961,0.4768,0.3083,0.4825,0.3607,0.4386,0.331,0.457
1/4/2021,22.8784,0.5773,0.555,0.4955,0.5044,0.5922,0.7514,0.6041,0.5535,0.5877,0.4017,0.4226,0.4122,0.4062,0.4538,0.3601,0.4866,0.3928,0.5118,0.5089,0.4925,0.4077,0.3943,0.5669,0.552,0.4315,0.3973,0.5669,0.3526,0.4241,0.4761,0.3854,0.4032,0.3765,0.3898,0.3259,0.372,0.3854,0.3393,0.4168,1.5681,0.4627,0.4583,0.3184,0.4047,0.427,0.5252,0.3541,0.3259
1/3/2021,24.6682,0.61,0.53,0.6,0.61,0.8467,0.52,0.7067,0.63,0.495,0.44,0.395,0.4917,0.4217,0.41,0.4534,0.3784,0.3884,0.4634,0.5134,0.53,0.475,0.3984,0.5284,0.52,0.4234,0.4067,0.3767,0.4034,0.6917,0.405,0.31,0.395,0.4017,0.3717,0.3067,0.3934,0.5084,0.42,0.5506,2.318,0.5867,0.4467,0.4317,0.3584,0.4,0.4017,0.555,0.45
1/2/2021,23.0084,0.5344,0.4458,0.3333,0.776,0.5734,0.6529,0.6229,0.7865,0.6619,0.3843,0.4188,0.4443,0.3678,0.3603,0.4503,0.4143,0.5284,0.3768,0.4098,0.5044,0.4413,0.3348,0.5284,0.4668,0.4323,0.3798,0.4383,0.3228,0.4758,0.4458,0.3693,0.3753,0.3303,0.3092,0.3648,0.3618,0.4488,0.4518,0.4671,1.8503,0.4233,0.5644,0.3963,0.3633,0.3633,0.4053,0.4488,0.4023
1/1/2021,18.3874,0.2934,0.3755,0.2851,0.5209,0.5188,0.5271,0.3952,0.5905,0.2986,0.4378,0.4243,0.3796,0.3422,0.363,0.3661,0.3568,0.416,0.418,0.3162,0.3588,0.2996,0.2872,0.4191,0.3682,0.3204,0.2788,0.444,0.2934,0.3827,0.3038,0.2695,0.2674,0.3266,0.2975,0.3235,0.3246,0.4191,0.4108,0.351,1.1997,0.2944,0.4648,0.2892,0.3142,0.4004,0.4274,0.3422,0.284
12/31/2020,15.9795,0.3733,0.3079,0.3582,0.4819,0.5545,0.4244,0.3167,0.4507,0.3821,0.2888,0.4132,0.3111,0.3175,0.3207,0.2808,0.2888,0.268,0.2616,0.3414,0.3406,0.3063,0.3462,0.3295,0.3478,0.2465,0.3366,0.2688,0.2648,0.4196,0.272,0.2927,0.2912,0.2919,0.2824,0.2632,0.2999,0.2744,0.3462,0.2672,0.73,0.2672,0.3055,0.2752,0.3326,0.3207,0.3398,0.26,0.3191
12/30/2020,19.6085,0.3211,0.458,0.4824,0.5706,0.4232,0.5439,0.4221,0.6008,0.4917,0.3129,0.609,0.3083,0.3942,0.3547,0.3837,0.3652,0.3756,0.3373,0.4267,0.3756,0.3466,0.4418,0.3269,0.2851,0.371,0.3164,0.5242,0.2851,0.3431,0.3489,0.2735,0.3408,0.3489,0.3083,0.2874,0.3373,0.4081,0.4476,0.3826,1.3763,0.3872,0.3303,0.3896,0.3803,0.3338,0.3118,0.4209,0.3977
12/29/2020,17.2217,0.3428,0.3409,0.4129,0.4876,0.625,0.3668,0.4664,0.3668,0.3944,0.3244,0.2939,0.3004,0.34,0.2718,0.3179,0.352,0.3631,0.2773,0.3474,0.3705,0.3096,0.3668,0.329,0.3834,0.3345,0.3446,0.2709,0.2626,0.4313,0.3511,0.3151,0.2912,0.2607,0.245,0.281,0.3004,0.305,0.3778,0.3594,1.2465,0.3013,0.2995,0.3078,0.3234,0.3511,0.2865,0.3078,0.3161
12/28/2020,20.2137,0.5025,0.3657,0.3914,0.6491,0.4244,0.5624,0.4964,0.5441,0.472,0.4476,0.5563,0.4305,0.3816,0.3804,0.4268,0.4231,0.3572,0.3279,0.3609,0.4659,0.3181,0.3511,0.4842,0.4036,0.3328,0.3267,0.3609,0.3047,0.5795,0.3682,0.3535,0.2693,0.2632,0.279,0.3621,0.3413,0.3132,0.3523,0.3298,1.0808,0.4989,0.5245,0.389,0.4512,0.4586,0.4317,0.3548,0.3645
12/27/2020,22.3462,0.5497,0.3646,0.3331,0.5268,0.8036,0.5526,0.4579,0.5009,0.6387,0.3603,0.5856,0.5282,0.3862,0.4765,0.4062,0.3833,0.488,0.4019,0.4278,0.4651,0.4708,0.3876,0.3876,0.3273,0.4235,0.4192,0.4206,0.3517,0.4321,0.4507,0.3044,0.389,0.346,0.3001,0.3417,0.4192,0.4679,0.4651,0.4524,1.7675,0.3646,0.4249,0.4507,0.3919,0.4034,0.5555,0.3962,0.3976
12/26/2020,17.1576,0.3434,0.3343,0.304,0.3993,0.5568,0.3361,0.4249,0.467,0.3562,0.3626,0.522,0.3242,0.2802,0.3397,0.3516,0.3077,0.3233,0.2775,0.3397,0.3553,0.3278,0.2711,0.2729,0.3736,0.294,0.3022,0.3452,0.261,0.3196,0.3288,0.2903,0.2628,0.2482,0.2995,0.2647,0.3214,0.2848,0.2885,0.3676,1.2926,0.3397,0.4167,0.3388,0.381,0.3306,0.3361,0.3416,0.3507
12/25/2020,18.6854,0.452,0.4477,0.3483,0.4402,0.4413,0.3611,0.531,0.4498,0.2906,0.3227,0.3045,0.4648,0.2928,0.3312,0.3975,0.3045,0.3131,0.3889,0.4092,0.3419,0.3024,0.3953,0.3216,0.4285,0.2703,0.2821,0.4627,0.3205,0.5236,0.3355,0.2949,0.3291,0.2842,0.3088,0.2735,0.3056,0.297,0.3772,0.4223,1.5993,0.4402,0.3227,0.4124,0.3451,0.3152,0.3836,0.3921,0.3066
12/24/2020,16.9663,0.3039,0.3056,0.3299,0.4769,0.4294,0.3989,0.329,0.5217,0.3397,0.3872,0.2868,0.3666,0.3245,0.3012,0.3424,0.363,0.3469,0.2994,0.3442,0.3245,0.3325,0.2527,0.3621,0.3406,0.2536,0.2787,0.4204,0.2868,0.363,0.3245,0.2868,0.2527,0.268,0.2662,0.2949,0.2868,0.3317,0.2859,0.3979,1.4624,0.294,0.2662,0.3774,0.3003,0.2985,0.3236,0.3272,0.3092
12/23/2020,16.2984,0.3575,0.2903,0.3791,0.4895,0.4845,0.3575,0.4513,0.438,0.3924,0.438,0.4928,0.2654,0.2945,0.2754,0.2729,0.2903,0.2754,0.2671,0.3152,0.3086,0.2762,0.3359,0.3426,0.3459,0.2588,0.2862,0.3559,0.2654,0.3451,0.3426,0.277,0.2331,0.2281,0.2953,0.2945,0.2969,0.3492,0.3376,0.2506,0.637,0.3783,0.3608,0.3716,0.3509,0.3625,0.3642,0.2862,0.3343
12/22/2020,13.9111,0.279,0.266,0.2565,0.3789,0.4451,0.3487,0.2967,0.3014,0.305,0.2784,0.2896,0.3333,0.2323,0.2683,0.253,0.2435,0.3056,0.2784,0.2612,0.2867,0.2949,0.2364,0.2772,0.2565,0.2654,0.2914,0.2388,0.2299,0.2589,0.2849,0.2376,0.2624,0.2335,0.2116,0.2482,0.2447,0.2459,0.2506,0.3075,0.9556,0.3121,0.2926,0.2618,0.2861,0.2837,0.2323,0.237,0.266
12/21/2020,16.139,0.3368,0.3311,0.3189,0.4499,0.4629,0.3978,0.5207,0.4955,0.2977,0.4296,0.3408,0.3962,0.2562,0.34,0.3083,0.2855,0.3083,0.2896,0.3278,0.3596,0.3465,0.3254,0.3001,0.3742,0.3026,0.3392,0.4084,0.2578,0.3156,0.34,0.2212,0.2863,0.2651,0.2879,0.2831,0.2977,0.2676,0.3018,0.2356,0.5527,0.327,0.3001,0.3262,0.3107,0.2831,0.3718,0.3319,0.3262
12/20/2020,14.2606,0.305,0.2712,0.2531,0.352,0.4177,0.429,0.3614,0.2806,0.3708,0.3426,0.2549,0.2462,0.2837,0.2662,0.2593,0.3169,0.2662,0.2537,0.2906,0.2969,0.3075,0.2931,0.2837,0.3088,0.2531,0.2524,0.3676,0.2443,0.2606,0.2756,0.233,0.2506,0.2249,0.2587,0.2631,0.2625,0.3032,0.2787,0.2505,0.6363,0.3,0.2718,0.2869,0.3188,0.3119,0.3063,0.2775,0.2612
12/19/2020,17.4123,0.3643,0.3408,0.3436,0.3935,0.5036,0.3841,0.4424,0.4716,0.3408,0.3041,0.5375,0.3022,0.3549,0.3709,0.3549,0.3135,0.3464,0.3709,0.3389,0.3126,0.305,0.273,0.4104,0.2693,0.3314,0.3229,0.3493,0.3003,0.4895,0.3201,0.2646,0.3031,0.242,0.3107,0.2636,0.3126,0.3897,0.2721,0.3651,1.2784,0.306,0.2655,0.321,0.2542,0.3926,0.3879,0.3399,0.2806
12/18/2020,16.2347,0.3816,0.3009,0.2927,0.4252,0.3396,0.4121,0.515,0.4491,0.459,0.2803,0.4071,0.3577,0.2951,0.2696,0.3132,0.2811,0.3346,0.2754,0.3305,0.2935,0.3305,0.3404,0.3948,0.2943,0.3338,0.3034,0.2762,0.2721,0.2992,0.3116,0.2185,0.2803,0.2877,0.2976,0.2375,0.3001,0.3182,0.2614,0.3223,1.0387,0.2688,0.2836,0.3322,0.3215,0.3668,0.2663,0.3314,0.3322
12/17/2020,14.1335,0.3255,0.3298,0.2949,0.3715,0.3372,0.4077,0.3826,0.2912,0.3378,0.2605,0.2556,0.312,0.247,0.2679,0.3102,0.2593,0.2501,0.2777,0.3065,0.2722,0.2869,0.3041,0.2531,0.312,0.2599,0.2844,0.2826,0.2489,0.3366,0.2519,0.2231,0.2464,0.2323,0.2305,0.2347,0.2623,0.236,0.2887,0.2645,0.7147,0.2789,0.3255,0.2666,0.2801,0.3102,0.301,0.2906,0.2298
12/16/2020,15.1202,0.2813,0.3169,0.255,0.4479,0.3311,0.3141,0.4159,0.3632,0.3589,0.2692,0.4194,0.2535,0.302,0.2713,0.2649,0.2621,0.339,0.2998,0.3397,0.2664,0.25,0.2592,0.3433,0.2898,0.2642,0.2507,0.3425,0.2614,0.2849,0.2692,0.2699,0.2621,0.2229,0.2671,0.2756,0.2934,0.2706,0.2884,0.3357,1.1141,0.2535,0.3368,0.2599,0.3133,0.3219,0.3012,0.2785,0.2685
12/15/2020,14.7703,0.2587,0.2804,0.3319,0.3251,0.4117,0.3569,0.2858,0.4382,0.2459,0.3501,0.409,0.2547,0.3041,0.2601,0.2838,0.2851,0.2472,0.2872,0.3115,0.319,0.2804,0.2967,0.2777,0.2628,0.2405,0.275,0.3061,0.252,0.361,0.2567,0.231,0.229,0.2709,0.2296,0.2384,0.2723,0.3292,0.2723,0.2974,0.8991,0.3346,0.3339,0.2763,0.3082,0.3319,0.3373,0.2777,0.2459
12/14/2020,15.025,0.3268,0.3374,0.2453,0.324,0.4715,0.3718,0.3606,0.3767,0.3858,0.2833,0.3479,0.2475,0.2636,0.3037,0.3114,0.3303,0.3114,0.2791,0.3093,0.272,0.2601,0.2446,0.2959,0.2685,0.3037,0.3184,0.3992,0.2664,0.3606,0.2903,0.2615,0.2489,0.2453,0.2692,0.2566,0.2763,0.2573,0.2517,0.2704,0.7479,0.2931,0.2812,0.3184,0.2734,0.3114,0.3388,0.3325,0.324
12/13/2020,15.248,0.2978,0.3537,0.3537,0.3283,0.4928,0.3913,0.3761,0.4674,0.2602,0.3986,0.4182,0.3138,0.2667,0.2957,0.2739,0.3058,0.2551,0.3377,0.2978,0.3073,0.3297,0.3087,0.2892,0.2609,0.3145,0.308,0.2863,0.242,0.408,0.316,0.2464,0.2377,0.2428,0.2515,0.2283,0.2754,0.2899,0.2551,0.2712,0.7522,0.2739,0.3334,0.2718,0.3283,0.2928,0.287,0.2739,0.2812
12/12/2020,15.1202,0.3048,0.3254,0.2507,0.4451,0.3853,0.4558,0.3283,0.4031,0.3112,0.3468,0.3767,0.3034,0.3041,0.3212,0.2963,0.2599,0.2799,0.3105,0.272,0.3027,0.2913,0.3133,0.2777,0.3226,0.2364,0.25,0.3632,0.2507,0.3326,0.297,0.2806,0.2407,0.2514,0.272,0.2457,0.282,0.2948,0.2699,0.2965,0.8941,0.2592,0.319,0.2386,0.2386,0.319,0.2827,0.3276,0.2898
12/11/2020,14.2926,0.3252,0.2755,0.3341,0.3567,0.3101,0.3731,0.4247,0.4203,0.3007,0.2843,0.3108,0.2799,0.2415,0.2579,0.2422,0.2415,0.2642,0.3007,0.3171,0.2799,0.2736,0.2856,0.2535,0.2296,0.2554,0.2994,0.3536,0.2309,0.3731,0.2806,0.2283,0.2139,0.2359,0.234,0.2611,0.2504,0.285,0.3133,0.2754,0.7759,0.3315,0.2346,0.2736,0.2686,0.285,0.2673,0.312,0.2711
12/10/2020,17.2529,0.3147,0.3601,0.3036,0.4341,0.5923,0.4544,0.4646,0.5386,0.4859,0.2981,0.5192,0.3129,0.336,0.3443,0.3175,0.3545,0.2971,0.3073,0.3175,0.373,0.348,0.274,0.3573,0.3351,0.3082,0.2888,0.447,0.2685,0.3018,0.3378,0.2814,0.2453,0.3045,0.2731,0.3055,0.2953,0.3369,0.361,0.3109,0.9746,0.3286,0.2962,0.3184,0.3295,0.3573,0.2897,0.3813,0.2712
12/9/2020,20.8822,0.3857,0.4539,0.3728,0.4887,0.7773,0.4694,0.6278,0.6085,0.3084,0.3612,0.4179,0.5003,0.3406,0.3213,0.4578,0.4166,0.4179,0.423,0.4011,0.4166,0.4462,0.3213,0.5145,0.4204,0.3174,0.405,0.5853,0.3058,0.4037,0.4192,0.3109,0.2852,0.2826,0.2994,0.3367,0.3535,0.3998,0.3715,0.4014,1.4817,0.3869,0.3547,0.4655,0.4088,0.3573,0.49,0.4372,0.3535
12/8/2020,18.5899,0.3689,0.4335,0.4547,0.585,0.6485,0.5373,0.5903,0.4621,0.3774,0.531,0.4325,0.3562,0.3573,0.3711,0.3668,0.3562,0.3499,0.3149,0.3795,0.3763,0.3118,0.3636,0.4113,0.4208,0.3467,0.3922,0.424,0.2863,0.5013,0.3149,0.2916,0.3234,0.3022,0.3033,0.3213,0.3181,0.3827,0.3298,0.2262,0.5001,0.4484,0.2715,0.3954,0.3732,0.3573,0.3689,0.3732,0.281
12/7/2020,17.7943,0.3792,0.3439,0.3351,0.3998,0.4644,0.3694,0.4497,0.4399,0.3802,0.3557,0.5447,0.2979,0.3508,0.3616,0.3322,0.3057,0.295,0.3008,0.3665,0.4037,0.3626,0.2744,0.389,0.3195,0.3626,0.2793,0.3959,0.3067,0.4713,0.3146,0.2391,0.2911,0.2382,0.2989,0.2656,0.3253,0.3361,0.3351,0.3902,1.4191,0.341,0.2764,0.3537,0.2803,0.3753,0.4262,0.3302,0.3204
12/6/2020,21.9643,0.3664,0.4292,0.5409,0.6163,0.573,0.5381,0.4096,0.5493,0.6345,0.4278,0.358,0.4725,0.411,0.3412,0.4599,0.3971,0.4222,0.351,0.4753,0.4613,0.3747,0.4362,0.3342,0.5046,0.4041,0.4096,0.4655,0.3259,0.432,0.4041,0.3273,0.3887,0.2784,0.3552,0.3217,0.3985,0.3761,0.5046,0.4145,1.5554,0.5144,0.4348,0.4976,0.4753,0.4515,0.4613,0.4669,0.4166
12/5/2020,20.8501,0.4134,0.5149,0.398,0.4905,0.5882,0.5522,0.556,0.6216,0.3697,0.4841,0.6665,0.3903,0.344,0.389,0.3466,0.3736,0.4712,0.3222,0.362,0.4622,0.3877,0.3967,0.4339,0.4262,0.3491,0.3633,0.5252,0.3286,0.4185,0.3851,0.2579,0.2618,0.3106,0.326,0.335,0.3324,0.3234,0.3723,0.4128,1.546,0.4982,0.5419,0.3054,0.3825,0.3401,0.3915,0.3414,0.4404
12/4/2020,18.7495,0.3365,0.43,0.2946,0.6052,0.4623,0.4945,0.6149,0.6149,0.2871,0.3247,0.4666,0.416,0.3279,0.3924,0.3204,0.3881,0.3795,0.3677,0.387,0.4203,0.3774,0.3602,0.3473,0.343,0.3225,0.3129,0.3279,0.2774,0.4494,0.3709,0.2602,0.3107,0.2978,0.3344,0.3053,0.3301,0.4107,0.3505,0.3343,1.1062,0.3516,0.3268,0.4182,0.301,0.3225,0.4107,0.3698,0.3892
12/3/2020,15.5021,0.3655,0.355,0.3107,0.4045,0.3287,0.3122,0.472,0.4172,0.4375,0.3445,0.3512,0.2679,0.2612,0.316,0.3212,0.295,0.3047,0.3475,0.2897,0.3152,0.2529,0.3032,0.313,0.2514,0.3145,0.2852,0.3932,0.2529,0.3377,0.3272,0.2537,0.2439,0.2589,0.2845,0.2807,0.2867,0.3265,0.325,0.2618,0.6995,0.3557,0.313,0.3392,0.2552,0.3092,0.3302,0.2604,0.2694
12/2/2020,17.7624,0.4224,0.4303,0.3805,0.3971,0.6431,0.5093,0.5699,0.4595,0.3892,0.4449,0.523,0.3024,0.317,0.3492,0.3004,0.2975,0.3932,0.4117,0.3277,0.359,0.3063,0.3629,0.3102,0.2614,0.3648,0.278,0.4771,0.2682,0.4556,0.3648,0.3248,0.2809,0.2721,0.2516,0.2594,0.3414,0.3717,0.3687,0.2415,0.5858,0.4312,0.3229,0.3717,0.3307,0.2916,0.3795,0.2867,0.3736
12/1/2020,14.3882,0.2452,0.2587,0.311,0.4203,0.4088,0.3871,0.3379,0.336,0.2574,0.2785,0.3807,0.2759,0.2797,0.2504,0.3123,0.2484,0.251,0.3059,0.258,0.2567,0.2714,0.235,0.3308,0.2963,0.2619,0.3034,0.3711,0.2504,0.3609,0.2548,0.2312,0.2702,0.2267,0.2401,0.2242,0.2689,0.3245,0.3027,0.2731,0.7629,0.3315,0.2887,0.3225,0.2535,0.3027,0.265,0.2721,0.2318
11/30/2020,13.4013,0.2639,0.3136,0.2331,0.3114,0.2941,0.3789,0.3924,0.3622,0.292,0.2817,0.3147,0.3103,0.2769,0.2282,0.245,0.2326,0.285,0.2796,0.2839,0.2525,0.258,0.2331,0.2542,0.2736,0.2212,0.2774,0.3157,0.2358,0.2855,0.238,0.2282,0.2439,0.2417,0.2272,0.252,0.2374,0.2979,0.2693,0.2595,0.6869,0.2909,0.2601,0.2504,0.2201,0.2742,0.2358,0.259,0.2423
11/29/2020,15.5979,0.3756,0.3011,0.2502,0.3923,0.4599,0.346,0.3042,0.4805,0.4371,0.3498,0.4425,0.2578,0.2875,0.2624,0.3232,0.3171,0.3118,0.2875,0.3042,0.2776,0.2692,0.2966,0.2753,0.3505,0.2989,0.3308,0.3938,0.2708,0.2867,0.2791,0.2472,0.2495,0.232,0.2594,0.2411,0.2867,0.2662,0.2875,0.2884,0.8488,0.3483,0.3733,0.2533,0.2913,0.3277,0.3536,0.3483,0.2753
11/28/2020,16.0119,0.2676,0.2973,0.3197,0.4423,0.4415,0.3814,0.3998,0.3597,0.286,0.2965,0.3365,0.262,0.3181,0.3397,0.3349,0.3069,0.3101,0.3453,0.282,0.3573,0.3005,0.2989,0.3654,0.2997,0.2973,0.2604,0.3718,0.254,0.3277,0.3261,0.2308,0.2916,0.2828,0.2516,0.278,0.2973,0.3662,0.3357,0.3127,0.9852,0.3718,0.399,0.2452,0.3317,0.2924,0.379,0.3245,0.25
11/27/2020,14.4518,0.2583,0.2847,0.2441,0.4054,0.4602,0.2847,0.4415,0.2899,0.3331,0.2783,0.2815,0.3351,0.2647,0.2699,0.3002,0.3015,0.2641,0.248,0.2841,0.2905,0.2854,0.2938,0.248,0.3286,0.2615,0.268,0.2396,0.2596,0.3809,0.2563,0.2125,0.2505,0.2667,0.2576,0.2447,0.2647,0.3234,0.3112,0.2958,0.8904,0.268,0.2996,0.2518,0.2725,0.2802,0.2667,0.2989,0.2551
11/26/2020,15.5975,0.2913,0.2761,0.3771,0.4432,0.3566,0.3186,0.4698,0.368,0.3695,0.3224,0.3566,0.2525,0.254,0.3308,0.2776,0.3361,0.2996,0.3407,0.2913,0.2882,0.254,0.2928,0.3323,0.33,0.2624,0.2822,0.3528,0.2715,0.371,0.27,0.2328,0.2692,0.2237,0.2282,0.2586,0.2829,0.3087,0.3156,0.2985,0.9055,0.2692,0.3604,0.3391,0.3255,0.3574,0.33,0.3179,0.3353
11/25/2020,16.1388,0.292,0.3791,0.2985,0.4971,0.4825,0.4515,0.4434,0.362,0.3539,0.3962,0.279,0.3734,0.2627,0.3376,0.2985,0.3229,0.3351,0.3335,0.3083,0.2928,0.2993,0.349,0.3229,0.336,0.2611,0.3351,0.3148,0.27,0.3864,0.2961,0.2538,0.2586,0.2269,0.292,0.2741,0.2855,0.2749,0.2985,0.3209,1.0307,0.305,0.2814,0.3018,0.2692,0.3058,0.3213,0.2928,0.2749
11/24/2020,16.8076,0.3684,0.2944,0.3049,0.3913,0.4864,0.4459,0.5154,0.4379,0.3208,0.4494,0.4098,0.312,0.327,0.3428,0.3728,0.3446,0.3437,0.3728,0.3234,0.3613,0.3322,0.2565,0.4124,0.327,0.3005,0.2847,0.2759,0.2776,0.3314,0.3322,0.2539,0.3032,0.2451,0.2433,0.275,0.319,0.3789,0.2935,0.3057,0.9454,0.3754,0.2644,0.2812,0.3032,0.3877,0.3754,0.3049,0.297
11/23/2020,17.062,0.299,0.3452,0.3769,0.3751,0.4177,0.405,0.5056,0.4712,0.4186,0.4159,0.2953,0.3805,0.337,0.2953,0.3298,0.3778,0.3524,0.2818,0.2981,0.3117,0.3234,0.3823,0.3198,0.3289,0.3071,0.2682,0.3126,0.2881,0.4204,0.2944,0.2953,0.2799,0.25,0.2953,0.3089,0.3171,0.3842,0.3407,0.339,1.1325,0.3044,0.3234,0.3842,0.3733,0.3488,0.2691,0.2827,0.2981
11/22/2020,19.4495,0.446,0.4037,0.3922,0.6224,0.4506,0.5754,0.359,0.6498,0.509,0.4644,0.3579,0.3407,0.3086,0.359,0.3602,0.3338,0.4014,0.4174,0.4105,0.3728,0.3682,0.3109,0.4186,0.3579,0.3098,0.3796,0.4472,0.2846,0.3991,0.3373,0.2514,0.2754,0.3418,0.2617,0.3464,0.3315,0.406,0.3304,0.4169,1.5686,0.3212,0.4518,0.2846,0.3441,0.3831,0.335,0.3212,0.3304
11/21/2020,20.2134,0.4586,0.3303,0.4207,0.4781,0.6589,0.4293,0.6344,0.4989,0.2961,0.4561,0.4464,0.5086,0.3584,0.3987,0.3926,0.345,0.3377,0.4439,0.3413,0.3865,0.4061,0.4293,0.3144,0.3853,0.3071,0.3291,0.3853,0.3389,0.5062,0.3816,0.2766,0.2583,0.2607,0.268,0.3022,0.3804,0.4402,0.3071,0.4129,1.5461,0.4341,0.4952,0.45,0.3719,0.4708,0.4561,0.367,0.312
11/20/2020,16.3617,0.3632,0.2879,0.3046,0.3866,0.5772,0.5045,0.4961,0.3414,0.257,0.3423,0.2921,0.3891,0.3189,0.2779,0.3381,0.2971,0.2787,0.3314,0.3005,0.3347,0.2996,0.2494,0.3097,0.2979,0.3046,0.3197,0.2628,0.2829,0.4259,0.3147,0.2294,0.2319,0.2285,0.2586,0.2913,0.2904,0.3565,0.2971,0.3395,1.1352,0.3715,0.3138,0.3615,0.2963,0.3473,0.3255,0.3473,0.2536
11/19/2020,12.0016,0.2207,0.2275,0.2131,0.2959,0.2539,0.3335,0.2991,0.3239,0.2315,0.2747,0.2647,0.2711,0.2419,0.2411,0.2183,0.2207,0.2355,0.2407,0.2459,0.2495,0.2383,0.2087,0.2319,0.2263,0.2487,0.2471,0.2175,0.2211,0.2495,0.2319,0.2231,0.1963,0.2151,0.2147,0.2131,0.2355,0.2451,0.2631,0.2409,0.5829,0.2251,0.2555,0.2367,0.2571,0.2659,0.2619,0.2179,0.2275
11/18/2020,11.5237,0.2255,0.216,0.2636,0.2776,0.2604,0.2555,0.2498,0.2583,0.2424,0.284,0.2762,0.2333,0.2326,0.2111,0.2466,0.2262,0.2392,0.2336,0.216,0.2414,0.2435,0.2417,0.2657,0.2382,0.2368,0.222,0.247,0.2135,0.2294,0.2287,0.2015,0.2111,0.1924,0.2167,0.2202,0.223,0.2354,0.2199,0.2181,0.4549,0.2456,0.2685,0.2065,0.2266,0.2502,0.2502,0.2178,0.2093
11/17/2020,12.6376,0.239,0.2534,0.2608,0.2826,0.3675,0.2562,0.245,0.2812,0.2603,0.3016,0.329,0.2845,0.2256,0.2538,0.2446,0.2367,0.2427,0.2334,0.246,0.2381,0.2641,0.2409,0.2923,0.2121,0.246,0.227,0.2956,0.2325,0.2636,0.2576,0.2116,0.2395,0.2052,0.2014,0.2177,0.2321,0.2701,0.2237,0.2755,0.7766,0.2529,0.2817,0.2367,0.2116,0.2279,0.2729,0.2543,0.2325
11/16/2020,10.823,0.2065,0.2426,0.2206,0.2677,0.2344,0.2816,0.2689,0.2341,0.2635,0.207,0.2387,0.2008,0.2,0.2028,0.2237,0.2195,0.211,0.2034,0.2251,0.2209,0.2039,0.2299,0.2355,0.2372,0.2099,0.2084,0.2519,0.2056,0.2307,0.2231,0.1915,0.2022,0.1873,0.2056,0.1972,0.2127,0.2093,0.2175,0.2107,0.4134,0.2022,0.2175,0.2062,0.2276,0.2339,0.2161,0.2316,0.2316
11/15/2020,10.6955,0.2222,0.2238,0.2146,0.2737,0.2354,0.2386,0.2828,0.25,0.1963,0.2508,0.2583,0.2241,0.213,0.2141,0.2006,0.2227,0.2211,0.2122,0.2195,0.2087,0.2198,0.2109,0.2233,0.2106,0.209,0.2219,0.2157,0.1982,0.2572,0.2238,0.2009,0.1874,0.1917,0.1934,0.2044,0.2031,0.212,0.2241,0.201,0.3593,0.2292,0.2179,0.226,0.223,0.2028,0.202,0.2241,0.2203
11/14/2020,12.6058,0.2643,0.2325,0.2224,0.2804,0.2749,0.3362,0.3306,0.2988,0.2915,0.3035,0.2556,0.2546,0.2473,0.2629,0.2316,0.2279,0.2592,0.274,0.2514,0.2537,0.2293,0.2648,0.2436,0.2634,0.2569,0.2381,0.2173,0.2311,0.2445,0.2394,0.2206,0.2196,0.21,0.2307,0.2132,0.2316,0.2496,0.2519,0.2532,0.6513,0.2883,0.2984,0.2178,0.2261,0.2804,0.2781,0.2597,0.2436
11/13/2020,11.1091,0.2164,0.2388,0.24,0.2786,0.2898,0.2708,0.236,0.2786,0.2758,0.209,0.2718,0.2503,0.2083,0.2245,0.2027,0.2096,0.2282,0.231,0.2273,0.2183,0.2285,0.231,0.2279,0.2096,0.1943,0.2086,0.2581,0.2083,0.2186,0.2264,0.2086,0.194,0.2133,0.2021,0.2086,0.2177,0.2118,0.2077,0.2119,0.42,0.2494,0.2096,0.2114,0.227,0.2083,0.2282,0.2391,0.2233
11/12/2020,9.1359,0.1889,0.1921,0.1851,0.2024,0.2151,0.2042,0.1976,0.1888,0.1806,0.1981,0.1979,0.1823,0.1802,0.1802,0.1848,0.1915,0.1837,0.1885,0.1935,0.1844,0.1802,0.1861,0.181,0.1898,0.1779,0.1819,0.1857,0.1822,0.1903,0.1873,0.1825,0.185,0.1803,0.1783,0.181,0.1827,0.1882,0.1896,0.1924,0.3111,0.18,0.1796,0.1813,0.1901,0.192,0.1963,0.1919,0.1913
11/11/2020,12.3828,0.26,0.2705,0.2315,0.2951,0.2758,0.3297,0.2403,0.3021,0.3109,0.2609,0.2657,0.257,0.235,0.2223,0.2307,0.2438,0.2675,0.2215,0.2377,0.2508,0.2171,0.2613,0.2714,0.228,0.2149,0.2561,0.3074,0.2232,0.2293,0.2394,0.2377,0.2026,0.2324,0.1995,0.2144,0.2412,0.2745,0.2149,0.2389,0.5717,0.2653,0.2872,0.2543,0.2683,0.2477,0.2456,0.2653,0.2644
11/10/2020,9.9958,0.2004,0.2014,0.2164,0.2481,0.2501,0.2447,0.2106,0.2411,0.198,0.2283,0.1974,0.2098,0.197,0.209,0.2072,0.1958,0.203,0.2126,0.1976,0.2124,0.2024,0.2092,0.2215,0.207,0.1964,0.1896,0.1876,0.1874,0.2185,0.1932,0.1954,0.1832,0.1936,0.182,0.1942,0.1974,0.2056,0.2008,0.1974,0.3387,0.1904,0.2094,0.1886,0.2122,0.2084,0.1996,0.2002,0.205
11/9/2020,10.3459,0.1967,0.204,0.2115,0.242,0.2185,0.2624,0.268,0.2401,0.2349,0.2255,0.2333,0.2288,0.2,0.1965,0.2162,0.199,0.2152,0.2197,0.2054,0.2159,0.1974,0.2075,0.1958,0.1894,0.2056,0.2169,0.2138,0.1927,0.2084,0.2028,0.2021,0.2047,0.1861,0.1972,0.1941,0.2023,0.2035,0.215,0.2082,0.3995,0.2108,0.1906,0.1908,0.2089,0.2241,0.2291,0.2014,0.2136
11/8/2020,10.5363,0.2103,0.2105,0.2118,0.2595,0.2841,0.245,0.2476,0.2428,0.2374,0.228,0.2179,0.2007,0.2083,0.2073,0.2255,0.206,0.1999,0.223,0.2202,0.2111,0.2169,0.205,0.2275,0.2001,0.1953,0.2225,0.2232,0.1991,0.2131,0.2187,0.1844,0.1859,0.1867,0.188,0.19,0.2105,0.2133,0.2055,0.2075,0.3952,0.2265,0.2141,0.2199,0.2253,0.2288,0.1999,0.2275,0.209
11/7/2020,9.8046,0.1914,0.199,0.2074,0.2221,0.2277,0.2275,0.2168,0.2076,0.2136,0.2148,0.2376,0.2161,0.1977,0.2024,0.2049,0.2087,0.2082,0.1977,0.2078,0.2031,0.1934,0.199,0.2163,0.2062,0.184,0.199,0.202,0.186,0.2145,0.1934,0.1948,0.1862,0.1905,0.1807,0.1874,0.197,0.1941,0.2089,0.1825,0.2553,0.2047,0.2174,0.2058,0.1952,0.1943,0.2112,0.2022,0.1905
11/6/2020,13.4652,0.3017,0.271,0.2514,0.3508,0.3038,0.394,0.2973,0.3164,0.3252,0.2525,0.3465,0.2995,0.2279,0.282,0.2924,0.2694,0.2661,0.2902,0.2448,0.2421,0.235,0.2967,0.3071,0.2864,0.2732,0.2383,0.2312,0.2377,0.3131,0.2689,0.235,0.2235,0.2104,0.2519,0.2317,0.2426,0.229,0.2989,0.2485,0.6253,0.3,0.2552,0.2563,0.2355,0.2995,0.2743,0.2984,0.2366
11/5/2020,12.3829,0.2267,0.2837,0.2754,0.2986,0.2771,0.2688,0.2385,0.267,0.2587,0.2377,0.3389,0.2793,0.239,0.2311,0.2543,0.267,0.2464,0.2298,0.2307,0.2666,0.239,0.2158,0.2644,0.2526,0.2508,0.235,0.2534,0.2153,0.2666,0.2565,0.2057,0.2342,0.2342,0.2271,0.2276,0.2399,0.2188,0.2605,0.2442,0.601,0.2447,0.2653,0.2539,0.2675,0.2705,0.2372,0.2513,0.2346
11/4/2020,12.7011,0.2814,0.2588,0.2856,0.3514,0.3143,0.3547,0.3063,0.3157,0.3143,0.2301,0.3439,0.2348,0.2386,0.2344,0.2753,0.2597,0.248,0.2739,0.2734,0.2781,0.2409,0.233,0.2781,0.2264,0.2447,0.2442,0.2174,0.2344,0.3082,0.2663,0.2047,0.2362,0.2264,0.2043,0.2146,0.2358,0.2687,0.2198,0.2386,0.57,0.2254,0.2301,0.2419,0.2381,0.232,0.2447,0.2555,0.248
11/3/2020,10.3773,0.2171,0.2185,0.2216,0.2306,0.2477,0.2197,0.2164,0.2577,0.1926,0.2109,0.2553,0.2121,0.2087,0.2149,0.2114,0.2004,0.2142,0.2009,0.2095,0.2045,0.2014,0.2211,0.195,0.1935,0.1985,0.2016,0.2225,0.195,0.2273,0.2149,0.1821,0.2023,0.184,0.1961,0.199,0.1992,0.2149,0.208,0.2136,0.4295,0.2285,0.1954,0.2145,0.2045,0.2099,0.2273,0.2221,0.2109
11/2/2020,6.1437,0.1416,0.1242,0.1269,0.1221,0.0759,0.1024,0.1106,0.1188,0.1069,0.1372,0.1032,0.131,0.136,0.1399,0.1403,0.1409,0.1368,0.1359,0.1255,0.1373,0.1331,0.1485,0.1201,0.1453,0.1386,0.1331,0.105,0.1464,0.1171,0.1388,0.1401,0.1455,0.1511,0.1403,0.1505,0.1368,0.1405,0.1264,0.1291,-0.0441,0.1423,0.1377,0.1275,0.1488,0.1433,0.1368,0.1305,0.1412
11/1/2020,10.0588,0.2227,0.1996,0.2122,0.2177,0.2159,0.234,0.2258,0.2235,0.2107,0.2105,0.2033,0.2241,0.2025,0.1996,0.2013,0.1928,0.2101,0.2027,0.2161,0.2064,0.2054,0.1994,0.2101,0.2087,0.1973,0.1899,0.2043,0.1938,0.2367,0.2004,0.1821,0.1901,0.1879,0.1903,0.1864,0.1992,0.1891,0.213,0.2164,0.4452,0.1965,0.2091,0.1883,0.1971,0.1992,0.2008,0.2033,0.1873
10/31/2020,11.8416,0.2604,0.2431,0.2362,0.2715,0.3165,0.2811,0.2516,0.2773,0.2105,0.2381,0.2819,0.2293,0.2374,0.2439,0.2254,0.2274,0.2139,0.2343,0.2324,0.2431,0.2128,0.255,0.2216,0.2408,0.2116,0.2147,0.2823,0.2139,0.2285,0.2381,0.2108,0.2024,0.1959,0.2247,0.1974,0.222,0.2527,0.255,0.2507,0.6377,0.2466,0.2228,0.2408,0.2604,0.255,0.212,0.2516,0.2285
10/30/2020,9.0089,0.179,0.189,0.1869,0.19,0.1942,0.1866,0.2069,0.1979,0.1942,0.1806,0.1869,0.1905,0.1863,0.1858,0.1891,0.1908,0.189,0.1825,0.1863,0.1915,0.186,0.1805,0.1787,0.1793,0.1817,0.1856,0.1779,0.177,0.1955,0.1854,0.1829,0.1805,0.1757,0.1742,0.1766,0.1837,0.1903,0.1856,0.1935,0.3168,0.1793,0.1773,0.1768,0.184,0.1803,0.1795,0.1785,0.1818
10/29/2020,9.7407,0.1912,0.2027,0.2093,0.2347,0.2349,0.214,0.2351,0.2297,0.2074,0.2008,0.2025,0.2058,0.1903,0.1968,0.2055,0.1917,0.1889,0.199,0.197,0.206,0.1891,0.2032,0.2077,0.2077,0.1956,0.1923,0.2109,0.1881,0.1893,0.1923,0.1815,0.1952,0.1822,0.1909,0.1889,0.1973,0.2055,0.1978,0.1898,0.2964,0.21,0.1983,0.2062,0.1912,0.1928,0.194,0.2003,0.2029
10/28/2020,9.6452,0.1994,0.2058,0.1913,0.2124,0.2185,0.2113,0.231,0.2127,0.2251,0.1907,0.194,0.1866,0.1936,0.1923,0.193,0.2043,0.195,0.1956,0.1915,0.1987,0.1964,0.1915,0.2093,0.2004,0.1978,0.2004,0.1941,0.1902,0.2006,0.1912,0.1856,0.181,0.1909,0.1821,0.1876,0.1932,0.2009,0.1951,0.197,0.3368,0.1885,0.2037,0.1894,0.2068,0.194,0.2083,0.2043,0.1853
10/27/2020,11.5548,0.247,0.2591,0.242,0.2648,0.2605,0.2349,0.316,0.3003,0.2065,0.2804,0.2125,0.2154,0.2161,0.2193,0.2445,0.2147,0.2168,0.2321,0.2435,0.2317,0.2154,0.2267,0.2139,0.2335,0.21,0.2068,0.215,0.2139,0.2836,0.2406,0.2207,0.2044,0.2036,0.2228,0.2115,0.2239,0.2093,0.2356,0.2479,0.6219,0.2179,0.2669,0.2211,0.204,0.2431,0.2264,0.2214,0.2349
10/26/2020,14.229,0.2944,0.2576,0.2863,0.4015,0.4389,0.4102,0.3567,0.3199,0.2769,0.267,0.2476,0.3193,0.2894,0.2894,0.2769,0.313,0.2601,0.3006,0.2875,0.2738,0.2726,0.3074,0.3174,0.262,0.2458,0.2906,0.2308,0.2339,0.3672,0.2975,0.2277,0.257,0.2557,0.2514,0.2252,0.2464,0.3118,0.2508,0.2692,0.7412,0.3112,0.2458,0.267,0.2694,0.3155,0.2701,0.2794,0.242
10/25/2020,12.3824,0.2854,0.2534,0.2377,0.285,0.3117,0.2889,0.2372,0.3074,0.2587,0.3174,0.2368,0.2267,0.2359,0.2416,0.2285,0.2359,0.2591,0.2206,0.2552,0.2618,0.2477,0.2355,0.2605,0.2442,0.2403,0.2267,0.3038,0.2293,0.2635,0.2337,0.2364,0.2065,0.2188,0.2004,0.2039,0.2311,0.2648,0.2517,0.2571,0.6736,0.2342,0.2622,0.2543,0.2434,0.242,0.2469,0.2197,0.2653
10/24/2020,8.2447,0.1717,0.1719,0.1704,0.1738,0.1792,0.1751,0.1731,0.1711,0.1755,0.1705,0.1721,0.171,0.1697,0.1716,0.1708,0.1715,0.1708,0.1696,0.1722,0.1718,0.1695,0.1715,0.1725,0.1697,0.1696,0.1709,0.1724,0.1699,0.1744,0.1706,0.1698,0.1688,0.1699,0.1688,0.1705,0.1698,0.1696,0.1703,0.1707,0.1892,0.1725,0.1737,0.1712,0.1721,0.1698,0.1703,0.1718,0.1715
10/23/2020,8.1808,0.17,0.1696,0.1702,0.1732,0.1733,0.1728,0.1706,0.1732,0.1686,0.169,0.1704,0.1706,0.1699,0.1691,0.17,0.171,0.1704,0.1705,0.1699,0.1694,0.1699,0.1698,0.1695,0.1687,0.1697,0.1706,0.1724,0.1693,0.1725,0.1693,0.1684,0.169,0.1685,0.1684,0.1686,0.1699,0.1712,0.1708,0.17,0.1852,0.1706,0.1689,0.1699,0.1696,0.1692,0.169,0.1703,0.1699
10/22/2020,7.6397,0.1616,0.1574,0.162,0.1561,0.1591,0.158,0.1587,0.1529,0.1628,0.1563,0.1534,0.162,0.1604,0.1613,0.161,0.1616,0.1583,0.1612,0.1585,0.161,0.1601,0.1631,0.1588,0.1623,0.1623,0.1605,0.1568,0.1627,0.1598,0.1599,0.164,0.1638,0.1622,0.1618,0.1624,0.1606,0.1576,0.1613,0.1586,0.1216,0.1582,0.1599,0.1603,0.161,0.1608,0.1578,0.159,0.1589
10/21/2020,8.69,0.1825,0.1771,0.1799,0.1844,0.1821,0.1934,0.195,0.1874,0.189,0.1853,0.1872,0.1839,0.178,0.1753,0.1794,0.1792,0.1813,0.1794,0.1791,0.177,0.1803,0.1767,0.1839,0.1836,0.1806,0.1796,0.1764,0.1749,0.1792,0.1774,0.1731,0.173,0.1723,0.1744,0.1773,0.1779,0.1823,0.1744,0.1766,0.2223,0.1769,0.183,0.1798,0.1811,0.1799,0.1798,0.178,0.1794
10/20/2020,11.9372,0.2175,0.234,0.26,0.3206,0.2804,0.3123,0.2856,0.2832,0.3068,0.2348,0.297,0.2336,0.236,0.2257,0.256,0.2427,0.2198,0.2257,0.2222,0.223,0.2427,0.2301,0.2297,0.2671,0.2253,0.2458,0.2238,0.2112,0.284,0.2505,0.1982,0.2249,0.2139,0.2131,0.2241,0.2371,0.258,0.2092,0.2284,0.5124,0.2682,0.206,0.249,0.2269,0.2171,0.2407,0.2442,0.2387
10/19/2020,14.07,0.2438,0.2662,0.3026,0.3773,0.3075,0.4192,0.2838,0.353,0.3633,0.3324,0.3069,0.2468,0.2444,0.296,0.2395,0.2753,0.2893,0.2438,0.3142,0.2516,0.2419,0.2268,0.2972,0.2832,0.2759,0.2917,0.2601,0.2462,0.373,0.2838,0.2219,0.2516,0.2104,0.2504,0.228,0.268,0.2371,0.2887,0.2903,0.8594,0.3221,0.2632,0.2413,0.2656,0.3057,0.2395,0.3026,0.2875
10/18/2020,14.9288,0.2616,0.2976,0.3253,0.3496,0.4639,0.4376,0.369,0.378,0.2443,0.2796,0.414,0.3621,0.2574,0.2762,0.2595,0.2484,0.2567,0.3281,0.2893,0.3253,0.3059,0.2547,0.3399,0.2734,0.2872,0.2387,0.3371,0.2512,0.2567,0.281,0.2519,0.2186,0.2491,0.2595,0.2519,0.2699,0.333,0.2859,0.2923,0.8705,0.2789,0.36,0.2914,0.2609,0.3177,0.2914,0.317,0.2796
10/17/2020,10.1226,0.2199,0.1996,0.1964,0.2242,0.2673,0.2219,0.2032,0.2214,0.2159,0.227,0.1985,0.2053,0.2066,0.2023,0.2117,0.2134,0.1924,0.2083,0.1991,0.2108,0.2074,0.2108,0.2121,0.2231,0.2013,0.1972,0.2265,0.1881,0.2223,0.2089,0.1974,0.1915,0.1843,0.183,0.1909,0.197,0.1898,0.2061,0.2095,0.4068,0.217,0.2093,0.1883,0.1989,0.1953,0.2191,0.1919,0.2036
10/16/2020,11.9369,0.2655,0.2612,0.2493,0.3163,0.3415,0.2466,0.3367,0.323,0.2954,0.2749,0.2895,0.271,0.2466,0.2403,0.2572,0.2379,0.2549,0.2616,0.2364,0.2411,0.2273,0.2328,0.2281,0.2249,0.2387,0.2304,0.208,0.2178,0.2938,0.2257,0.1938,0.2115,0.2025,0.2222,0.2009,0.2344,0.2454,0.2155,0.2045,0.3788,0.2131,0.2273,0.2308,0.2202,0.2553,0.2509,0.2352,0.2202
10/15/2020,13.4335,0.2547,0.296,0.3058,0.3845,0.29,0.3041,0.3726,0.284,0.2645,0.3536,0.3552,0.2688,0.2509,0.2797,0.2493,0.2982,0.2607,0.2324,0.2476,0.2759,0.2384,0.2373,0.2677,0.2851,0.2672,0.2704,0.2389,0.2444,0.2721,0.2656,0.2063,0.2449,0.2237,0.2487,0.2145,0.2531,0.2949,0.2786,0.2607,0.6936,0.3128,0.2737,0.2704,0.2759,0.2368,0.2487,0.2438,0.2368
10/14/2020,13.5286,0.2551,0.3154,0.3071,0.3624,0.327,0.3602,0.2977,0.3242,0.2546,0.275,0.3187,0.2712,0.2424,0.2524,0.2734,0.2557,0.2634,0.2374,0.2485,0.2927,0.2424,0.2629,0.3143,0.2369,0.2584,0.2855,0.3253,0.2463,0.3264,0.2662,0.2247,0.233,0.2131,0.2391,0.2363,0.2618,0.2479,0.243,0.2739,0.7676,0.2485,0.3071,0.2319,0.2546,0.2795,0.3043,0.2341,0.2291
10/13/2020,13.7196,0.2439,0.3154,0.2485,0.3034,0.2971,0.3548,0.2713,0.3611,0.3022,0.3188,0.2559,0.2342,0.2399,0.2336,0.2347,0.2542,0.2559,0.2496,0.2948,0.2862,0.2639,0.3062,0.2799,0.2616,0.2307,0.2753,0.348,0.2399,0.3348,0.2759,0.2267,0.217,0.2273,0.257,0.2542,0.2656,0.2559,0.2302,0.3054,0.9442,0.2736,0.3205,0.2736,0.2599,0.241,0.3177,0.2439,0.2342
10/12/2020,11.6186,0.2488,0.2336,0.2383,0.3136,0.3248,0.2463,0.2655,0.2676,0.2727,0.2872,0.2727,0.2249,0.23,0.2372,0.2209,0.2148,0.2115,0.2445,0.2427,0.2557,0.2086,0.209,0.2242,0.2365,0.2242,0.2162,0.2083,0.2065,0.2267,0.2209,0.1895,0.2177,0.217,0.2123,0.2032,0.222,0.243,0.2275,0.2305,0.5244,0.222,0.2264,0.2416,0.2409,0.2296,0.2629,0.2314,0.2423
10/11/2020,12.1919,0.2773,0.2803,0.2224,0.313,0.3029,0.2878,0.3293,0.3,0.2601,0.3063,0.2824,0.2421,0.2161,0.2564,0.2329,0.2451,0.2266,0.2233,0.2622,0.2467,0.2207,0.2379,0.2832,0.2455,0.2186,0.217,0.2346,0.2103,0.2572,0.2417,0.2023,0.2308,0.2216,0.2186,0.2216,0.2304,0.2254,0.2484,0.2317,0.5309,0.2379,0.2618,0.2224,0.2333,0.2635,0.2467,0.2417,0.243
10/10/2020,8.563,0.1784,0.1802,0.1772,0.1805,0.1841,0.1774,0.1847,0.1854,0.1832,0.1759,0.178,0.1821,0.1758,0.1729,0.1761,0.1749,0.1798,0.18,0.1785,0.1785,0.175,0.1762,0.1762,0.1782,0.1743,0.1778,0.1802,0.1733,0.1743,0.1779,0.1722,0.1711,0.1739,0.173,0.1751,0.1767,0.1786,0.1785,0.1777,0.2288,0.1771,0.1811,0.1733,0.1766,0.1767,0.1747,0.1783,0.1726
10/9/2020,6.9713,0.1519,0.1416,0.1449,0.143,0.1346,0.1357,0.1477,0.1281,0.1366,0.1487,0.1402,0.1543,0.1549,0.1451,0.1451,0.1501,0.1426,0.1417,0.1467,0.1434,0.1489,0.145,0.1463,0.1444,0.1519,0.1536,0.1528,0.1539,0.151,0.1519,0.1568,0.1556,0.1545,0.1584,0.1543,0.153,0.1445,0.1515,0.1445,0.0427,0.1388,0.1442,0.1414,0.1511,0.1502,0.1498,0.1493,0.1541
10/8/2020,7.6719,0.1623,0.1598,0.1585,0.1565,0.1564,0.1537,0.1563,0.1568,0.1588,0.1582,0.1582,0.1575,0.1599,0.1595,0.1624,0.1606,0.1619,0.1595,0.1616,0.1616,0.1627,0.1608,0.1626,0.1607,0.161,0.1597,0.1589,0.162,0.157,0.16,0.1625,0.1631,0.1633,0.1623,0.1629,0.1622,0.1611,0.159,0.1609,0.1342,0.1621,0.1632,0.1627,0.1591,0.1622,0.1631,0.1606,0.162
10/7/2020,10.7592,0.2092,0.2045,0.2207,0.2475,0.3027,0.2608,0.2812,0.2707,0.2312,0.2558,0.2583,0.2329,0.2152,0.207,0.2285,0.2078,0.2216,0.2252,0.223,0.2105,0.2094,0.2144,0.2045,0.2403,0.2221,0.1962,0.2083,0.1945,0.2514,0.2205,0.197,0.1912,0.1954,0.2036,0.2047,0.205,0.2161,0.2196,0.1831,0.2589,0.2381,0.2249,0.2216,0.2276,0.2315,0.237,0.2194,0.2086
10/6/2020,10.7912,0.2325,0.2041,0.2317,0.2579,0.2415,0.2457,0.2577,0.2473,0.2267,0.2337,0.2691,0.2163,0.206,0.2004,0.2091,0.2102,0.2169,0.2002,0.2094,0.2097,0.1993,0.2105,0.208,0.2046,0.1968,0.2144,0.1979,0.2046,0.2038,0.2085,0.1843,0.208,0.1918,0.2057,0.2077,0.2091,0.2172,0.2247,0.2355,0.5522,0.2306,0.2172,0.2158,0.2242,0.2286,0.2091,0.2303,0.2247
10/5/2020,10.7594,0.2268,0.2227,0.2023,0.2511,0.2666,0.2693,0.2183,0.2798,0.2326,0.2299,0.2638,0.2213,0.2152,0.2191,0.2133,0.2191,0.2185,0.207,0.2196,0.2238,0.2241,0.1951,0.2213,0.2034,0.1962,0.2177,0.2003,0.2003,0.2053,0.2169,0.2014,0.194,0.1865,0.1901,0.189,0.2122,0.199,0.2285,0.2252,0.4947,0.2243,0.2072,0.2246,0.1954,0.2332,0.2304,0.2034,0.2196
10/4/2020,11.8099,0.228,0.2608,0.2112,0.3183,0.313,0.3111,0.2417,0.2535,0.2383,0.2421,0.2981,0.2611,0.2272,0.2333,0.2547,0.2425,0.257,0.2543,0.2291,0.2589,0.252,0.2029,0.2627,0.2566,0.2269,0.2349,0.2573,0.217,0.2284,0.2333,0.2044,0.2257,0.2139,0.2029,0.2223,0.2253,0.2425,0.249,0.2125,0.4237,0.2493,0.2379,0.2379,0.2086,0.236,0.2432,0.2577,0.2109
10/3/2020,15.439,0.3586,0.2894,0.3534,0.3958,0.3415,0.3073,0.4017,0.3876,0.3311,0.3214,0.2939,0.3571,0.314,0.2723,0.2716,0.276,0.3021,0.279,0.3162,0.3281,0.2686,0.2998,0.3638,0.3333,0.2976,0.276,0.3511,0.2716,0.3846,0.3073,0.2842,0.2619,0.2195,0.2232,0.2835,0.2849,0.2656,0.3422,0.2955,0.8888,0.3452,0.2678,0.3221,0.2738,0.334,0.3259,0.2604,0.3087
10/2/2020,10.2184,0.2248,0.2192,0.2217,0.2545,0.2625,0.2547,0.2379,0.2452,0.2064,0.2235,0.203,0.2146,0.1931,0.2015,0.1948,0.1959,0.2093,0.2033,0.1975,0.1975,0.2026,0.1993,0.1982,0.2164,0.1904,0.2077,0.19,0.1946,0.2119,0.2093,0.2026,0.1926,0.2002,0.1979,0.1902,0.2059,0.2124,0.1951,0.2003,0.3549,0.2252,0.215,0.2141,0.1893,0.2141,0.2212,0.2141,0.192
10/1/2020,9.6451,0.1997,0.1887,0.1923,0.2109,0.2395,0.2261,0.2318,0.1973,0.2134,0.2063,0.2272,0.1862,0.1935,0.1913,0.1928,0.1946,0.1909,0.1871,0.2015,0.1923,0.1879,0.1839,0.2101,0.2104,0.1839,0.2001,0.2139,0.1899,0.1881,0.2004,0.1854,0.189,0.1846,0.1793,0.1874,0.196,0.2073,0.1971,0.1967,0.3352,0.1881,0.1838,0.2034,0.207,0.2052,0.19,0.1927,0.1849
9/30/2020,9.4861,0.1974,0.1924,0.2004,0.1998,0.2077,0.197,0.2153,0.2007,0.1912,0.2136,0.2126,0.187,0.1939,0.1836,0.1879,0.1918,0.1937,0.1983,0.1985,0.1893,0.1953,0.1875,0.1896,0.183,0.1836,0.1913,0.2157,0.1826,0.198,0.187,0.1863,0.1821,0.1891,0.1873,0.1799,0.1919,0.1915,0.1959,0.2012,0.3604,0.1881,0.1896,0.19,0.2026,0.1982,0.1952,0.1956,0.1955
9/29/2020,9.8676,0.1945,0.2055,0.2175,0.2221,0.2406,0.2182,0.2201,0.2061,0.2042,0.1992,0.2136,0.1911,0.1973,0.1943,0.2089,0.1973,0.2038,0.204,0.1984,0.2078,0.2048,0.1958,0.2165,0.2025,0.2029,0.1947,0.2016,0.1861,0.2122,0.2044,0.1958,0.187,0.1825,0.1816,0.1915,0.1911,0.2031,0.2079,0.1967,0.3348,0.2134,0.221,0.1904,0.2108,0.1971,0.201,0.2057,0.1902
9/28/2020,10.6955,0.2192,0.237,0.2025,0.2723,0.2675,0.244,0.2494,0.2424,0.2168,0.2559,0.2626,0.2368,0.2217,0.2203,0.2055,0.1985,0.202,0.2335,0.2246,0.2049,0.2192,0.2098,0.2341,0.2265,0.2114,0.1969,0.1987,0.202,0.2483,0.2141,0.1963,0.2114,0.2012,0.1882,0.206,0.2055,0.2063,0.2146,0.2033,0.3721,0.2101,0.2136,0.1982,0.2044,0.2233,0.2392,0.2125,0.2109
9/27/2020,10.5362,0.2083,0.2242,0.1953,0.2392,0.2788,0.2603,0.2694,0.2737,0.2133,0.2232,0.2468,0.2367,0.208,0.2151,0.1976,0.1984,0.2065,0.2022,0.2171,0.206,0.2062,0.1925,0.2202,0.2024,0.2014,0.1961,0.2349,0.1923,0.2144,0.2131,0.1948,0.2085,0.2055,0.204,0.2078,0.2034,0.2029,0.2138,0.2103,0.4114,0.2311,0.1966,0.1991,0.2176,0.2209,0.2042,0.2055,0.2052
9/26/2020,7.7672,0.1609,0.1635,0.1636,0.1573,0.1577,0.158,0.1616,0.1601,0.1638,0.1626,0.1631,0.1631,0.1621,0.1631,0.162,0.1621,0.1629,0.1612,0.1612,0.1622,0.164,0.1641,0.1631,0.1643,0.1622,0.1616,0.1616,0.1637,0.1627,0.1625,0.1644,0.1631,0.1631,0.163,0.1643,0.1632,0.1631,0.163,0.1614,0.137,0.1626,0.161,0.1637,0.1631,0.1626,0.1622,0.1628,0.1617
9/25/2020,6.1117,0.1423,0.124,0.1329,0.093,0.1034,0.13,0.11,0.1255,0.1302,0.1089,0.1247,0.1431,0.1457,0.14,0.124,0.1427,0.1319,0.1266,0.1349,0.1204,0.1297,0.1442,0.1378,0.1383,0.1493,0.1315,0.1247,0.1436,0.1215,0.1416,0.1423,0.138,0.1387,0.1482,0.1431,0.1359,0.1444,0.1261,0.1215,-0.0863,0.1295,0.1274,0.131,0.1368,0.1399,0.1346,0.123,0.1412
9/24/2020,6.5892,0.1438,0.1456,0.1355,0.129,0.1229,0.109,0.1221,0.1303,0.1387,0.1232,0.1389,0.1464,0.1383,0.1366,0.1382,0.1468,0.1417,0.1458,0.138,0.1414,0.1465,0.1416,0.1393,0.1317,0.1534,0.1423,0.1198,0.148,0.1339,0.1406,0.1489,0.148,0.1504,0.1557,0.1502,0.1425,0.1449,0.1401,0.1425,0.0313,0.1394,0.1377,0.1359,0.1492,0.1472,0.1344,0.1409,0.1407
9/23/2020,8.2445,0.1697,0.1705,0.172,0.1728,0.1767,0.1754,0.173,0.1713,0.1747,0.1746,0.174,0.1735,0.1709,0.1703,0.1715,0.1698,0.1703,0.1704,0.1716,0.1709,0.1707,0.17,0.1707,0.1715,0.1715,0.1714,0.1718,0.1693,0.1717,0.1703,0.1683,0.1699,0.1687,0.1694,0.1705,0.1705,0.1725,0.1715,0.1706,0.1887,0.171,0.1697,0.1711,0.1696,0.1728,0.1726,0.1726,0.1717
9/22/2020,8.1172,0.1694,0.1687,0.1699,0.1708,0.1692,0.1703,0.169,0.1714,0.1689,0.1687,0.171,0.1697,0.1687,0.1692,0.1688,0.1689,0.1685,0.1683,0.1686,0.1692,0.1693,0.1683,0.1699,0.168,0.1687,0.169,0.1699,0.1679,0.1701,0.1686,0.1683,0.1678,0.1682,0.1681,0.1686,0.1687,0.1682,0.1686,0.1682,0.1752,0.1693,0.1687,0.169,0.1681,0.1687,0.1687,0.1687,0.1692
9/21/2020,9.3269,0.1904,0.1888,0.1932,0.2211,0.2305,0.2082,0.2038,0.2211,0.1953,0.1959,0.1972,0.204,0.1851,0.1933,0.1846,0.1948,0.1913,0.1871,0.1867,0.186,0.1911,0.1798,0.1835,0.1965,0.1798,0.186,0.202,0.1839,0.2073,0.186,0.1768,0.1802,0.1874,0.1813,0.1826,0.1848,0.194,0.1834,0.191,0.3029,0.1818,0.1964,0.1884,0.185,0.1839,0.1856,0.1968,0.1903
9/20/2020,6.7483,0.1455,0.1431,0.1428,0.1358,0.1331,0.1355,0.1187,0.1335,0.1287,0.1325,0.1464,0.1455,0.1414,0.1521,0.1498,0.1473,0.1405,0.1359,0.1416,0.1416,0.1479,0.1545,0.1325,0.1478,0.1434,0.1415,0.1317,0.1498,0.1473,0.1466,0.1509,0.1538,0.153,0.1572,0.1543,0.1451,0.1503,0.1506,0.1406,0.0205,0.1513,0.1315,0.139,0.1511,0.1468,0.1322,0.1418,0.144
9/19/2020,6.4939,0.1368,0.1254,0.1481,0.1337,0.1078,0.1075,0.1167,0.1272,0.1393,0.1152,0.1146,0.1471,0.1496,0.1472,0.1487,0.135,0.1426,0.1465,0.1423,0.137,0.1432,0.1504,0.1305,0.1502,0.1373,0.1415,0.1257,0.1506,0.1215,0.1423,0.1524,0.1552,0.1549,0.1462,0.1427,0.1457,0.1451,0.1323,0.1364,-0.0028,0.1331,0.137,0.1472,0.14,0.1355,0.1396,0.1445,0.1474
9/18/2020,5.8886,0.1352,0.1114,0.1377,0.0896,0.1173,0.1166,0.1257,0.127,0.1059,0.1092,0.1344,0.1342,0.1401,0.1282,0.1209,0.1187,0.1274,0.1365,0.1261,0.1149,0.1424,0.1411,0.1388,0.1259,0.1401,0.1291,0.1,0.1394,0.1314,0.1314,0.1339,0.1339,0.1396,0.1468,0.1394,0.1325,0.1331,0.1386,0.1128,-0.1354,0.1356,0.1209,0.1453,0.1358,0.1183,0.124,0.1337,0.1232
9/17/2020,6.9078,0.1435,0.1394,0.1477,0.1395,0.1336,0.1278,0.1347,0.1312,0.1278,0.1432,0.1327,0.1528,0.1458,0.1528,0.1437,0.1417,0.1503,0.1471,0.1414,0.1442,0.1533,0.1427,0.1417,0.1395,0.1533,0.1442,0.1473,0.1541,0.1417,0.1463,0.1544,0.1587,0.1515,0.156,0.1512,0.1475,0.1424,0.1425,0.1526,0.0878,0.1474,0.138,0.1525,0.1557,0.1437,0.1432,0.1473,0.1504
9/16/2020,6.844,0.1498,0.1437,0.1434,0.1401,0.1246,0.1249,0.1335,0.1315,0.1378,0.1501,0.146,0.144,0.1511,0.1499,0.1514,0.1497,0.1424,0.1413,0.14,0.1405,0.1487,0.1425,0.1368,0.1356,0.1483,0.1504,0.1324,0.1503,0.1343,0.1444,0.1556,0.1479,0.1545,0.1507,0.1524,0.1467,0.1533,0.1524,0.1509,0.0786,0.1515,0.1341,0.1424,0.1407,0.1445,0.1463,0.1394,0.1427
9/15/2020,7.5124,0.1606,0.1586,0.16,0.1508,0.152,0.1491,0.1516,0.1504,0.1545,0.151,0.1583,0.158,0.1583,0.1577,0.1584,0.1551,0.157,0.1589,0.1599,0.1584,0.1598,0.1591,0.1572,0.1544,0.1601,0.1569,0.1585,0.161,0.1543,0.1562,0.1613,0.1601,0.1599,0.1599,0.1621,0.1598,0.1554,0.1607,0.1571,0.1128,0.1607,0.1599,0.1612,0.1565,0.1597,0.1533,0.156,0.1599
9/14/2020,7.7669,0.1619,0.1605,0.1627,0.1609,0.157,0.1605,0.161,0.1616,0.1595,0.1622,0.1578,0.1621,0.1627,0.1627,0.1622,0.1632,0.1616,0.162,0.1618,0.1623,0.1618,0.164,0.1618,0.1617,0.1642,0.1637,0.1603,0.1636,0.16,0.1625,0.1647,0.1643,0.163,0.1632,0.1633,0.1629,0.1641,0.1621,0.1628,0.1451,0.1637,0.16,0.1636,0.1641,0.1631,0.1608,0.1638,0.1625
9/13/2020,7.035,0.1526,0.1405,0.1443,0.1419,0.1225,0.1419,0.1351,0.1484,0.1462,0.1485,0.1361,0.1528,0.1518,0.1467,0.152,0.15,0.1497,0.1516,0.1462,0.1453,0.1517,0.1524,0.1439,0.157,0.1476,0.1509,0.1394,0.1551,0.1534,0.1485,0.1602,0.1548,0.1594,0.1574,0.1585,0.1518,0.1448,0.1527,0.1506,0.0767,0.146,0.1419,0.1437,0.1465,0.1511,0.1452,0.1451,0.1446
9/12/2020,7.4167,0.157,0.1531,0.1506,0.1455,0.1518,0.152,0.1479,0.1493,0.1562,0.1563,0.1576,0.1569,0.1558,0.1544,0.1565,0.1572,0.1582,0.1587,0.1568,0.1535,0.1594,0.1558,0.1551,0.1595,0.158,0.1591,0.1545,0.1608,0.1572,0.1549,0.1583,0.1619,0.1615,0.1589,0.1578,0.1586,0.1551,0.1529,0.1548,0.1001,0.1513,0.1515,0.1524,0.1551,0.1537,0.1597,0.1553,0.1582
9/11/2020,6.9076,0.1366,0.1518,0.1401,0.1356,0.1267,0.1388,0.1382,0.1447,0.1443,0.1407,0.1361,0.1359,0.1514,0.1436,0.151,0.1446,0.1478,0.1509,0.1441,0.1421,0.1543,0.1526,0.1509,0.1455,0.1562,0.1449,0.1307,0.151,0.1391,0.1436,0.1501,0.1549,0.1528,0.1516,0.1521,0.1516,0.1482,0.1538,0.1437,0.0381,0.1429,0.1425,0.1494,0.1538,0.1481,0.1542,0.1529,0.1531
9/10/2020,6.9391,0.1397,0.1516,0.1501,0.1386,0.1339,0.1344,0.1256,0.1291,0.147,0.1517,0.1488,0.1446,0.1545,0.1497,0.1525,0.1463,0.1453,0.1503,0.1438,0.1451,0.1493,0.148,0.1523,0.1434,0.1535,0.1538,0.1317,0.1556,0.1317,0.1476,0.1588,0.159,0.158,0.1575,0.1545,0.1515,0.1404,0.1505,0.1407,0.0214,0.153,0.1494,0.1533,0.1472,0.1451,0.1465,0.1519,0.1509
9/9/2020,8.8176,0.1856,0.1849,0.1766,0.1944,0.1856,0.1994,0.1869,0.1881,0.188,0.1943,0.1986,0.1811,0.1833,0.1764,0.1819,0.1829,0.1824,0.1805,0.1862,0.1812,0.1816,0.1826,0.1788,0.1751,0.1742,0.1798,0.1898,0.1748,0.185,0.1787,0.1767,0.1747,0.1735,0.173,0.1775,0.1799,0.1842,0.1811,0.1791,0.2365,0.1806,0.1846,0.183,0.1857,0.1791,0.1888,0.1856,0.1753
9/8/2020,7.1301,0.1461,0.1434,0.1502,0.1374,0.1426,0.1405,0.1452,0.1486,0.1501,0.1464,0.1361,0.1474,0.1545,0.1522,0.1481,0.1457,0.1497,0.1509,0.1505,0.1502,0.1534,0.1548,0.1514,0.145,0.1542,0.1554,0.1522,0.1547,0.139,0.1514,0.1589,0.1572,0.1531,0.1578,0.1554,0.1524,0.1534,0.1556,0.1503,0.075,0.1514,0.1444,0.1575,0.1525,0.1514,0.1498,0.1495,0.1572
9/7/2020,7.5124,0.1541,0.1536,0.1602,0.1475,0.153,0.1561,0.1492,0.1551,0.1547,0.1528,0.1515,0.1544,0.1581,0.1597,0.1567,0.1553,0.1603,0.1586,0.1574,0.1592,0.1592,0.1553,0.1531,0.155,0.162,0.1579,0.1588,0.1607,0.1527,0.1593,0.1597,0.162,0.159,0.1626,0.1616,0.1597,0.1578,0.1599,0.16,0.1294,0.1599,0.1593,0.159,0.155,0.1546,0.1585,0.1557,0.1572
9/6/2020,5.6342,0.1231,0.1184,0.1099,0.0964,0.0543,0.1108,0.1151,0.1106,0.1366,0.1052,0.1246,0.1165,0.1305,0.1366,0.1172,0.1127,0.1172,0.1139,0.1331,0.1246,0.1357,0.1376,0.1345,0.1028,0.1388,0.1165,0.1059,0.1397,0.1274,0.1257,0.1449,0.1302,0.1388,0.1406,0.1352,0.1326,0.1241,0.1137,0.1069,-0.168,0.1177,0.1333,0.1432,0.1406,0.1203,0.1373,0.1321,0.1388
9/5/2020,9.2317,0.1849,0.1954,0.2007,0.2159,0.2023,0.1982,0.1869,0.2026,0.2079,0.2009,0.1855,0.1923,0.1807,0.1915,0.191,0.1899,0.1945,0.1827,0.1901,0.1966,0.1869,0.1897,0.1854,0.1981,0.1802,0.1835,0.1944,0.1798,0.1955,0.1859,0.181,0.1793,0.1816,0.177,0.1789,0.1855,0.1822,0.1946,0.1918,0.3077,0.1978,0.1844,0.1839,0.1822,0.1922,0.181,0.1954,0.1853
9/4/2020,4.7748,0.098,0.1196,0.1247,0.0528,0.0286,0.0441,0.0486,0.0789,0.0783,0.096,0.0509,0.1189,0.1257,0.1025,0.1015,0.1157,0.1283,0.0867,0.0906,0.1002,0.0941,0.0896,0.1167,0.1151,0.1383,0.1322,0.0673,0.1328,0.0767,0.107,0.1386,0.1209,0.1331,0.1376,0.1228,0.1176,0.1267,0.1154,0.1306,-0.0353,0.0793,0.0883,0.1218,0.1038,0.1051,0.0806,0.1073,0.1202
9/3/2020,6.0163,0.1298,0.1149,0.1171,0.1149,0.1115,0.0964,0.1296,0.1208,0.121,0.1191,0.1101,0.1413,0.128,0.1337,0.13,0.1365,0.128,0.1371,0.1387,0.1345,0.132,0.1464,0.1316,0.1272,0.1323,0.127,0.1272,0.1466,0.0992,0.1345,0.1516,0.1439,0.1373,0.151,0.1508,0.1405,0.1167,0.1405,0.1173,-0.1101,0.121,0.1421,0.1385,0.1365,0.1401,0.1226,0.1381,0.1409
9/2/2020,5.8573,0.1253,0.1337,0.12,0.1047,0.1163,0.0893,0.0807,0.0979,0.1283,0.12,0.129,0.114,0.1425,0.141,0.141,0.1206,0.1369,0.1193,0.1182,0.1165,0.1227,0.136,0.1172,0.1257,0.1253,0.1416,0.1011,0.1442,0.1013,0.136,0.1399,0.1485,0.1343,0.1384,0.1341,0.1375,0.1328,0.1386,0.1309,-0.0337,0.1161,0.132,0.1302,0.1255,0.123,0.115,0.1392,0.1287
9/1/2020,7.1303,0.1439,0.1479,0.1518,0.1382,0.1461,0.1352,0.1295,0.1421,0.1536,0.1499,0.1348,0.1558,0.1494,0.1504,0.1463,0.1518,0.1509,0.1562,0.1525,0.1493,0.1474,0.1528,0.1549,0.1473,0.1552,0.1502,0.1548,0.1561,0.1535,0.1485,0.1525,0.1533,0.1556,0.1548,0.1534,0.1531,0.1485,0.1496,0.1539,0.0951,0.1541,0.1476,0.1538,0.1492,0.1479,0.1514,0.1488,0.1514
8/31/2020,7.1623,0.1457,0.1551,0.1491,0.1336,0.1449,0.1487,0.1374,0.1394,0.1381,0.1381,0.1353,0.1435,0.1536,0.1556,0.1481,0.1538,0.1501,0.1534,0.1547,0.1464,0.1531,0.1544,0.1537,0.1513,0.1507,0.1567,0.1493,0.1551,0.1502,0.1544,0.153,0.1564,0.1591,0.1558,0.1533,0.1526,0.1483,0.152,0.1534,0.0921,0.1573,0.1558,0.1521,0.1521,0.1494,0.1571,0.1519,0.1571
8/30/2020,4.5524,0.1236,0.0856,0.0967,0.0667,0.0629,0.0736,0.0443,0.0956,0.0701,0.0929,0.0629,0.0767,0.1125,0.0981,0.1053,0.1084,0.1067,0.1149,0.1036,0.0925,0.1012,0.1329,0.0891,0.0953,0.1294,0.1218,0.0981,0.1181,0.0894,0.0967,0.1222,0.1101,0.1274,0.136,0.1243,0.1218,0.107,0.1187,0.1062,-0.1721,0.1205,0.0867,0.1118,0.0943,0.1081,0.0805,0.0884,0.0949
8/29/2020,4.7745,0.0893,0.0947,0.1299,0.0889,0.0773,0.0715,0.0993,0.0799,0.1157,0.0841,0.0738,0.0831,0.1238,0.1115,0.127,0.0999,0.1147,0.0935,0.0973,0.1209,0.0967,0.1276,0.0812,0.1257,0.136,0.1018,0.0673,0.1289,0.0841,0.1176,0.1434,0.1251,0.1341,0.1376,0.1373,0.1105,0.1289,0.1125,0.0904,-0.2605,0.0835,0.117,0.1251,0.1044,0.1012,0.0889,0.1183,0.1338
8/28/2020,4.8703,0.0916,0.1175,0.11,0.0897,0.0255,0.1063,0.0725,0.0421,0.1297,0.0847,0.0937,0.1235,0.1225,0.1178,0.1238,0.1147,0.1025,0.1122,0.1044,0.1131,0.1254,0.1335,0.0844,0.11,0.121,0.125,0.0931,0.126,0.0912,0.1031,0.1275,0.1379,0.1229,0.1357,0.1263,0.1235,0.1,0.0962,0.0988,-0.2136,0.13,0.0991,0.0991,0.1232,0.1131,0.095,0.1235,0.1216
8/27/2020,4.9656,0.1169,0.0835,0.0847,0.0766,0.0423,0.082,0.0863,0.0395,0.1166,0.1008,0.1178,0.0981,0.113,0.1257,0.1075,0.1209,0.1139,0.0917,0.1236,0.0969,0.1199,0.1281,0.1036,0.0957,0.1284,0.0996,0.0896,0.1254,0.1193,0.102,0.1236,0.1375,0.1372,0.1381,0.1245,0.1124,0.1005,0.1075,0.1182,-0.105,0.1303,0.1023,0.1114,0.1372,0.0993,0.113,0.1075,0.1202
8/26/2020,6.2384,0.133,0.1219,0.1279,0.1103,0.1244,0.1193,0.1174,0.1188,0.136,0.1417,0.0976,0.1388,0.1427,0.1452,0.1332,0.1316,0.1346,0.1454,0.1327,0.1288,0.1355,0.1383,0.1313,0.1367,0.1476,0.1374,0.111,0.1457,0.1189,0.1395,0.1506,0.1411,0.1496,0.1404,0.1443,0.1351,0.1374,0.1397,0.1332,-0.0207,0.1256,0.1339,0.1337,0.1432,0.1288,0.1195,0.1388,0.141
8/25/2020,7.2575,0.1529,0.1517,0.1479,0.1393,0.1295,0.1453,0.1373,0.1443,0.1557,0.1451,0.1434,0.1581,0.1581,0.157,0.1578,0.1511,0.1497,0.1567,0.1555,0.1502,0.153,0.1572,0.1494,0.1538,0.1547,0.155,0.1543,0.1575,0.1509,0.1548,0.1566,0.1601,0.1559,0.1555,0.1575,0.1554,0.1492,0.1497,0.1541,0.0963,0.1486,0.1589,0.1587,0.1588,0.155,0.157,0.1527,0.1503
8/24/2020,5.539,0.1172,0.1219,0.1214,0.0982,0.0616,0.1187,0.0968,0.0643,0.1066,0.1288,0.0965,0.1231,0.1197,0.1152,0.1349,0.1361,0.1086,0.1305,0.1315,0.1145,0.1221,0.1236,0.1138,0.1216,0.1192,0.1315,0.0918,0.1342,0.1256,0.1256,0.1401,0.1295,0.1462,0.1371,0.1332,0.13,0.1059,0.1381,0.1265,-0.0585,0.1039,0.1226,0.1231,0.1192,0.1194,0.1091,0.1361,0.1224
8/23/2020,6.1753,0.1349,0.1238,0.1194,0.1024,0.0891,0.13,0.1116,0.1225,0.1006,0.1161,0.0981,0.1311,0.1353,0.1451,0.1315,0.1411,0.1294,0.1318,0.1271,0.1252,0.1371,0.1245,0.1291,0.1402,0.142,0.1267,0.1371,0.1426,0.1225,0.1282,0.1504,0.1473,0.1481,0.1446,0.1408,0.1431,0.1296,0.1358,0.146,0.0509,0.1415,0.1205,0.1417,0.1486,0.1258,0.1163,0.138,0.1302
8/22/2020,4.8702,0.125,0.0887,0.0909,0.0418,0.0374,0.0384,0.1166,0.0399,0.1282,0.1044,0.059,0.0878,0.1031,0.1238,0.1119,0.1147,0.1166,0.1034,0.0972,0.1131,0.0984,0.0975,0.1291,0.1182,0.1072,0.0994,0.1232,0.125,0.0937,0.1125,0.1351,0.1291,0.1329,0.1244,0.1172,0.1225,0.1291,0.0941,0.1231,-0.0774,0.0869,0.1247,0.1307,0.1257,0.1063,0.0822,0.1294,0.1081
8/21/2020,3.9792,0.0718,0.0734,0.1216,0.0464,-0.0372,0.0891,0.0428,-0.0014,0.122,0.1084,0.0927,0.1035,0.0959,0.085,0.085,0.1092,0.1051,0.1003,0.1015,0.106,0.1136,0.0838,0.1023,0.0682,0.1289,0.0919,0.1047,0.1253,0.0316,0.0879,0.1204,0.1039,0.106,0.1265,0.1168,0.1003,0.0762,0.1088,0.0991,-0.2117,0.0625,0.0702,0.0947,0.1068,0.1068,0.0605,0.0871,0.085
8/20/2020,3.1513,0.0964,0.091,0.0469,0.013,0.0644,0.0154,0.0416,0.028,0.0212,0.0309,0.0391,0.1099,0.0813,0.0765,0.0765,0.0794,0.0508,0.0522,0.0697,0.0571,0.093,0.0551,0.0615,0.1162,0.0983,0.0644,0.0231,0.1065,0.0566,0.0925,0.1298,0.1308,0.1119,0.1017,0.1182,0.0813,0.0896,0.1007,0.0875,-0.2769,0.0493,0.0275,0.091,0.0925,0.1012,0.0639,0.0537,0.0891
8/19/2020,3.2784,0.0713,0.0491,0.0982,0.0416,0.0349,0.043,0.0151,0.0713,0.0387,0.0241,0.0038,0.0741,0.0935,0.0958,0.0996,0.0878,0.0812,0.0958,0.0557,0.0746,0.0661,0.0897,0.0798,0.0807,0.1114,0.0623,0.0793,0.11,0.068,0.0921,0.1029,0.1025,0.1242,0.0996,0.0911,0.0831,0.0727,0.084,0.0773,-0.3341,0.0751,0.0331,0.0911,0.1176,0.0958,0.0859,0.1072,0.0807
8/18/2020,3.5012,0.0992,0.0533,0.1095,0.0124,0.043,0.0214,0.0137,0.0232,0.0596,0.0803,0.1028,0.0533,0.0906,0.078,0.0708,0.0587,0.0956,0.0789,0.0848,0.0659,0.0866,0.1118,0.056,0.0762,0.1253,0.0749,0.0439,0.1149,0.0272,0.1032,0.0956,0.1118,0.1163,0.0987,0.1145,0.1091,0.0717,0.1064,0.0891,-0.2677,0.096,0.0628,0.0704,0.0951,0.087,0.1032,0.1131,0.1131
8/17/2020,4.5523,0.0801,0.1181,0.1008,0.0822,0.0881,0.0353,0.025,0.0429,0.0746,0.116,0.0315,0.0756,0.096,0.1198,0.0991,0.1198,0.1063,0.1212,0.0946,0.1012,0.1132,0.1318,0.0901,0.0915,0.1081,0.0922,0.1077,0.1194,0.0629,0.0987,0.1401,0.1343,0.1201,0.1405,0.1191,0.1218,0.1105,0.0922,0.1118,-0.1408,0.1229,0.097,0.1218,0.0956,0.1105,0.1212,0.0846,0.1053
8/16/2020,7.2893,0.1487,0.15,0.1569,0.1433,0.1508,0.1522,0.1365,0.1441,0.152,0.1473,0.1523,0.1563,0.1576,0.1588,0.1525,0.1525,0.1515,0.1513,0.1532,0.1537,0.1516,0.1507,0.1496,0.1536,0.1565,0.1562,0.1579,0.1591,0.1558,0.1531,0.1557,0.1564,0.1569,0.1575,0.1553,0.1562,0.1492,0.1514,0.1563,0.1088,0.1528,0.1565,0.1513,0.1496,0.1572,0.1488,0.1515,0.1523
8/15/2020,6.1753,0.1428,0.1227,0.119,0.0946,0.0975,0.1333,0.1362,0.0995,0.1172,0.1386,0.1096,0.1163,0.1353,0.1313,0.1258,0.1311,0.1389,0.1296,0.1391,0.1291,0.1426,0.1402,0.1231,0.1318,0.1402,0.1451,0.14,0.1466,0.1101,0.1336,0.155,0.1462,0.1512,0.1504,0.1395,0.1367,0.1371,0.1305,0.1339,-0.017,0.1176,0.1431,0.1327,0.1384,0.1375,0.1366,0.1353,0.1298
8/14/2020,8.4673,0.1759,0.1774,0.1733,0.1816,0.1777,0.1852,0.18,0.1858,0.1769,0.179,0.1747,0.1746,0.173,0.1728,0.1765,0.1733,0.1766,0.177,0.1735,0.1747,0.1763,0.176,0.1774,0.1756,0.1759,0.1765,0.1755,0.172,0.1812,0.1732,0.1739,0.1726,0.1725,0.1705,0.1708,0.1732,0.1781,0.1763,0.1742,0.2087,0.1746,0.1799,0.173,0.1758,0.1738,0.1733,0.175,0.172
8/13/2020,8.0854,0.1687,0.1685,0.1684,0.1688,0.1689,0.1688,0.1688,0.1702,0.1686,0.1695,0.1682,0.1682,0.1678,0.168,0.1683,0.1686,0.1685,0.1679,0.1682,0.1685,0.1679,0.1687,0.1686,0.1683,0.1684,0.1683,0.1681,0.1676,0.1686,0.1682,0.1679,0.1681,0.1675,0.1676,0.168,0.1679,0.1685,0.1683,0.1681,0.1745,0.1688,0.1679,0.1677,0.1676,0.1678,0.1689,0.1685,0.1677
8/12/2020,6.7486,0.1324,0.1343,0.135,0.1234,0.1284,0.1294,0.1274,0.12,0.1434,0.1484,0.1443,0.1475,0.1428,0.1515,0.1416,0.1433,0.1453,0.1415,0.1388,0.145,0.1505,0.1493,0.1493,0.1481,0.1425,0.1429,0.1365,0.1531,0.1491,0.1454,0.1564,0.1544,0.1476,0.1565,0.156,0.1448,0.1524,0.141,0.1405,0.0201,0.1448,0.1486,0.1408,0.1361,0.1405,0.1379,0.147,0.1528
8/11/2020,6.0483,0.1345,0.1175,0.1173,0.1239,0.082,0.1126,0.1218,0.1157,0.137,0.137,0.0991,0.136,0.1333,0.1388,0.1382,0.1391,0.1391,0.1175,0.12,0.1255,0.1378,0.1403,0.1309,0.1417,0.1391,0.1417,0.1181,0.1454,0.1017,0.1296,0.1362,0.1493,0.1423,0.1454,0.1501,0.1417,0.1181,0.1296,0.1275,-0.0528,0.1294,0.1251,0.1321,0.1384,0.1323,0.1274,0.1409,0.1231
8/10/2020,7.1941,0.1547,0.151,0.1486,0.1426,0.1475,0.1374,0.1391,0.1407,0.1474,0.1424,0.1371,0.1576,0.1505,0.156,0.1565,0.1488,0.1495,0.1552,0.1539,0.1545,0.1547,0.1535,0.1456,0.1481,0.1553,0.1522,0.1453,0.1565,0.1507,0.1544,0.1535,0.16,0.156,0.1545,0.155,0.1539,0.1474,0.1492,0.155,0.1012,0.1447,0.1468,0.1511,0.1586,0.1553,0.1551,0.1539,0.1556
8/9/2020,6.8758,0.139,0.1419,0.1364,0.1264,0.1372,0.1199,0.1243,0.1272,0.1377,0.139,0.1323,0.1522,0.1453,0.1472,0.1532,0.1395,0.1476,0.1444,0.1509,0.1398,0.1451,0.1516,0.1465,0.1503,0.1503,0.1519,0.1341,0.1518,0.134,0.1478,0.1506,0.1505,0.1509,0.1516,0.1519,0.151,0.1543,0.1525,0.1513,0.0806,0.1494,0.1551,0.1483,0.14,0.1516,0.149,0.1488,0.1436
8/8/2020,7.6399,0.1592,0.1619,0.1577,0.1532,0.1577,0.1533,0.1605,0.1582,0.16,0.161,0.1607,0.1572,0.162,0.162,0.1586,0.1617,0.1583,0.1579,0.16,0.16,0.1624,0.1583,0.1573,0.1583,0.1594,0.162,0.1548,0.1628,0.159,0.1619,0.1625,0.162,0.164,0.1634,0.1626,0.161,0.159,0.1604,0.1601,0.13,0.1603,0.1596,0.1598,0.1581,0.1578,0.1615,0.1585,0.162
8/7/2020,6.7483,0.1503,0.1473,0.1471,0.1179,0.1292,0.143,0.1378,0.1375,0.1401,0.1378,0.1312,0.1324,0.1499,0.1471,0.1411,0.1389,0.1389,0.144,0.1469,0.1419,0.1476,0.1493,0.1388,0.1348,0.1416,0.1441,0.1404,0.1498,0.1466,0.1486,0.1537,0.149,0.1553,0.1496,0.1563,0.1445,0.1465,0.1455,0.142,0.0287,0.1416,0.1406,0.1363,0.1518,0.1411,0.1341,0.145,0.1448
8/6/2020,3.5013,0.1082,0.0583,0.1154,0.0142,-0.0173,-0.0025,0.0884,-0.0164,0.0214,0.0942,0.0753,0.0875,0.0866,0.1055,0.0744,0.1077,0.0852,0.0578,0.0839,0.0951,0.0879,0.0695,0.0942,0.052,0.0951,0.1194,0.1154,0.1086,0.0956,0.0888,0.0974,0.0929,0.0956,0.1059,0.1176,0.0888,0.0929,0.1019,0.0865,-0.2826,0.0857,0.0488,0.1082,0.0632,0.0641,0.0848,0.0956,0.1046
8/5/2020,3.3424,0.0395,0.047,0.0842,0.0069,0.0172,-0.0182,0.0428,0.0493,0.0102,0.0996,0.1005,0.0796,0.1001,0.1098,0.0917,0.0726,0.0814,0.0577,0.0963,0.1019,0.094,0.0577,0.08,0.1024,0.1126,0.0693,0.0232,0.1075,0.0945,0.1052,0.114,0.1057,0.1192,0.1303,0.1289,0.1066,0.0931,0.1168,0.0583,-0.4408,0.0842,0.0842,0.1103,0.0959,0.0926,0.088,0.0595,0.0791
8/4/2020,3.2787,0.0368,0.0963,0.1081,0.034,0,0.0264,0.0859,-0.0274,0.1161,0.0633,0.0619,0.0425,0.0869,0.1124,0.1077,0.0944,0.1095,0.0505,0.0822,0.059,0.0944,0.1143,0.0345,0.1095,0.0807,0.0642,0.0189,0.1091,0.1001,0.0803,0.1001,0.127,0.1251,0.1119,0.1232,0.0987,0.1128,0.1091,0.0315,-0.5909,0.1091,0.0921,0.1147,0.1053,0.0699,0.0996,0.1053,0.0817
8/3/2020,3.1835,0.0819,0.0549,0.0997,0.0434,0.0222,0.0617,0.0135,0.013,0.0342,0.0178,0.0988,0.0496,0.1031,0.0872,0.0617,0.0906,0.0935,0.079,0.0853,0.0583,0.0988,0.0949,0.0978,0.0665,0.0963,0.0992,0.091,0.1146,0.0698,0.0886,0.1012,0.1243,0.0988,0.131,0.0935,0.0954,0.078,0.0795,0.0556,-0.4558,0.1098,0.0718,0.1122,0.0597,0.0458,0.0607,0.0992,0.0559
8/2/2020,3.3423,0.108,0.0558,0.1126,0.0493,-0.0578,-0.001,0.0227,-0.0266,0.1024,0.0633,-0.0113,0.0544,0.0814,0.1043,0.0605,0.1084,0.0949,0.0493,0.0586,0.0526,0.0866,0.0982,0.0735,0.1019,0.0847,0.094,0.0614,0.1057,0.0884,0.0982,0.1215,0.1033,0.0945,0.1019,0.1057,0.1061,0.1061,0.0991,0.0829,-0.3029,0.1089,0.101,0.1196,0.0754,0.0777,0.0996,0.0684,0.0991
8/1/2020,6.1759,0.1428,0.1406,0.1201,0.1245,0.0758,0.1083,0.1324,0.1231,0.1435,0.1289,0.1342,0.1356,0.1316,0.1437,0.1446,0.1373,0.1242,0.1238,0.1273,0.1269,0.1388,0.1338,0.1273,0.1439,0.1293,0.134,0.1273,0.1428,0.1231,0.1325,0.1484,0.1468,0.1391,0.1439,0.1413,0.1364,0.1338,0.1388,0.1251,-0.0665,0.1442,0.1325,0.144,0.1388,0.1209,0.1294,0.1437,0.1333
7/31/2020,6.2393,0.1249,0.1233,0.1425,0.1068,0.1005,0.1188,0.0994,0.0982,0.1096,0.1123,0.1225,0.1411,0.144,0.1297,0.1415,0.1455,0.1265,0.1295,0.1267,0.1262,0.1425,0.1274,0.1295,0.1334,0.1314,0.1357,0.1327,0.1484,0.1311,0.1406,0.1401,0.1457,0.1413,0.1413,0.1401,0.136,0.1327,0.1394,0.1515,0.0816,0.12,0.1292,0.1327,0.1378,0.1334,0.1325,0.1408,0.141
7/30/2020,5.602,0.1115,0.1348,0.1051,0.0923,0.0955,0.0899,0.0736,0.112,0.0823,0.1175,0.0868,0.1249,0.1194,0.1206,0.1324,0.1122,0.1122,0.1377,0.1173,0.1142,0.136,0.1331,0.1252,0.129,0.117,0.1297,0.1278,0.1333,0.0983,0.1314,0.1338,0.141,0.1345,0.1336,0.135,0.1355,0.107,0.1369,0.1343,-0.0146,0.1269,0.1158,0.1389,0.1249,0.124,0.1074,0.1175,0.1166
7/29/2020,5.5706,0.1271,0.1067,0.1365,0.095,0.1115,0.0765,0.1013,0.078,0.1096,0.1125,0.1263,0.1052,0.1356,0.1261,0.1232,0.1144,0.1191,0.1195,0.1105,0.1283,0.1346,0.1378,0.1101,0.1127,0.1397,0.1263,0.0901,0.1421,0.1232,0.1193,0.1295,0.1317,0.1375,0.1477,0.1288,0.1297,0.1091,0.1164,0.1299,-0.0393,0.1171,0.112,0.1178,0.1261,0.1203,0.1023,0.1208,0.1344
7/28/2020,6.1436,0.1214,0.1277,0.1425,0.1151,0.1171,0.123,0.1026,0.1173,0.1366,0.1429,0.1082,0.1453,0.1442,0.1286,0.1238,0.1336,0.1279,0.1266,0.1236,0.1388,0.131,0.1234,0.1225,0.1188,0.1488,0.1368,0.1069,0.1418,0.1043,0.1297,0.1375,0.1359,0.1518,0.1451,0.1505,0.1379,0.1251,0.1284,0.1385,0.0087,0.1195,0.1435,0.1444,0.1347,0.1299,0.1299,0.1271,0.1444
7/27/2020,7.194,0.1543,0.153,0.1467,0.1407,0.1371,0.1338,0.146,0.1428,0.1415,0.1414,0.15,0.1548,0.1564,0.1498,0.1522,0.1518,0.1508,0.154,0.1502,0.1537,0.1518,0.1572,0.1467,0.156,0.1528,0.1494,0.1422,0.1584,0.1409,0.1494,0.1572,0.1595,0.1607,0.1586,0.1538,0.154,0.1493,0.1477,0.1576,0.1158,0.1508,0.147,0.157,0.1512,0.1491,0.1568,0.1485,0.1536
7/26/2020,5.38,0.1279,0.1064,0.1323,0.0865,0.1004,0.0729,0.0692,0.0909,0.0988,0.1179,0.0812,0.1143,0.1232,0.1185,0.1316,0.1185,0.1103,0.1122,0.1067,0.1135,0.1101,0.1308,0.1148,0.1051,0.1127,0.1337,0.0975,0.1344,0.1247,0.1255,0.1305,0.1253,0.1263,0.1357,0.1266,0.1253,0.1085,0.1232,0.1364,-0.0028,0.0993,0.1185,0.1101,0.1229,0.1334,0.1085,0.1137,0.1161
7/25/2020,6.335,0.1437,0.1339,0.141,0.0999,0.1317,0.1082,0.0982,0.132,0.1364,0.1257,0.1219,0.1377,0.1405,0.1405,0.1399,0.1385,0.146,0.14,0.1354,0.1292,0.1297,0.1274,0.1269,0.1279,0.1409,0.1412,0.1259,0.1468,0.1434,0.1325,0.143,0.1467,0.1487,0.1447,0.1505,0.1417,0.1475,0.1455,0.132,-0.0278,0.1349,0.1299,0.147,0.1485,0.1447,0.1287,0.1269,0.139
7/24/2020,5.9843,0.1352,0.1328,0.1294,0.0842,0.0862,0.0949,0.0899,0.0927,0.1449,0.1028,0.1401,0.1247,0.1445,0.1427,0.1288,0.132,0.1401,0.1249,0.138,0.1215,0.1239,0.1288,0.1417,0.1249,0.1423,0.1241,0.1326,0.138,0.1387,0.1354,0.1503,0.1354,0.1441,0.1376,0.1372,0.1407,0.1225,0.1294,0.1329,-0.0227,0.1332,0.1199,0.1395,0.1177,0.1272,0.1185,0.128,0.1322
7/23/2020,5.6025,0.1101,0.1331,0.1242,0.088,0.1101,0.1118,0.1022,0.1086,0.1072,0.0967,0.1077,0.1386,0.1329,0.1333,0.1125,0.1324,0.1271,0.1221,0.1187,0.1333,0.1199,0.1324,0.117,0.1031,0.1238,0.1161,0.1393,0.1353,0.1343,0.1331,0.1278,0.1434,0.1321,0.146,0.1345,0.1295,0.1377,0.1238,0.1017,-0.1971,0.1079,0.1321,0.1377,0.1245,0.1353,0.1238,0.1348,0.1221
7/22/2020,6.1435,0.1416,0.1273,0.1238,0.0946,0.11,0.1126,0.1023,0.108,0.1269,0.1318,0.1128,0.1357,0.1305,0.1331,0.1316,0.1308,0.1318,0.1373,0.1275,0.126,0.1414,0.1355,0.1193,0.1323,0.1461,0.1273,0.113,0.1403,0.1104,0.1372,0.1461,0.1468,0.1448,0.1373,0.1451,0.1392,0.1401,0.1372,0.1374,0.0028,0.1338,0.119,0.1435,0.1423,0.1383,0.1412,0.1273,0.1425
7/21/2020,5.3795,0.1001,0.1069,0.1179,0.0928,0.0888,0.1061,0.0781,0.1088,0.1289,0.1169,0.0883,0.1137,0.1376,0.1127,0.1263,0.1124,0.1046,0.1352,0.1098,0.1198,0.1297,0.1308,0.0975,0.1281,0.1127,0.1127,0.1378,0.1308,0.0878,0.1316,0.1381,0.1415,0.1457,0.1289,0.1289,0.1216,0.1316,0.1059,0.1158,-0.1182,0.1166,0.0993,0.1247,0.135,0.1247,0.114,0.1109,0.1093
7/20/2020,7.1621,0.1538,0.1443,0.1472,0.1386,0.1389,0.1416,0.1435,0.1482,0.1432,0.1518,0.1502,0.148,0.1521,0.1487,0.1558,0.1464,0.149,0.1501,0.1475,0.1544,0.152,0.1558,0.1476,0.1499,0.1555,0.153,0.1492,0.1579,0.1398,0.1525,0.158,0.1541,0.1583,0.1595,0.1593,0.1559,0.1573,0.1563,0.1508,0.0779,0.1466,0.158,0.1516,0.1519,0.1487,0.1472,0.1472,0.157
7/19/2020,6.239,0.1204,0.1248,0.1337,0.1057,0.1186,0.1108,0.0943,0.0945,0.1438,0.1385,0.141,0.1417,0.1455,0.1431,0.1394,0.129,0.1413,0.1395,0.1283,0.1332,0.1392,0.1263,0.1351,0.1253,0.1323,0.1394,0.1357,0.142,0.1304,0.1295,0.1459,0.1457,0.1487,0.145,0.1457,0.1366,0.1346,0.1392,0.1427,0.0326,0.1279,0.1181,0.1239,0.1411,0.1279,0.1265,0.1253,0.1293
7/18/2020,5.0295,0.0918,0.1162,0.0865,0.0909,0.0582,0.0799,0.0912,0.0502,0.0767,0.1245,0.0585,0.0992,0.126,0.1123,0.112,0.1096,0.1019,0.1087,0.1138,0.1049,0.1185,0.134,0.1162,0.1117,0.1227,0.1355,0.0823,0.1319,0.1049,0.1132,0.1417,0.1171,0.1325,0.1239,0.1352,0.1245,0.0951,0.1346,0.1241,-0.072,0.1286,0.0844,0.1156,0.1102,0.1266,0.1242,0.0989,0.1004
7/17/2020,6.2073,0.1324,0.1417,0.119,0.0937,0.1274,0.133,0.1278,0.1272,0.1175,0.1391,0.1231,0.1314,0.1421,0.1387,0.1296,0.1262,0.1235,0.1383,0.1364,0.1383,0.1326,0.1396,0.1331,0.1364,0.1333,0.1342,0.1156,0.148,0.1376,0.1333,0.1396,0.1505,0.1496,0.145,0.1459,0.1414,0.1441,0.1387,0.1225,-0.0805,0.138,0.1423,0.1491,0.1496,0.1283,0.1181,0.1236,0.1314
7/16/2020,6.4941,0.134,0.1441,0.1463,0.1334,0.104,0.1186,0.1096,0.1036,0.1405,0.1319,0.1097,0.1292,0.1493,0.1429,0.134,0.1406,0.1364,0.1301,0.1415,0.1308,0.1408,0.1374,0.1483,0.1347,0.1393,0.1343,0.1298,0.1462,0.1462,0.1435,0.1528,0.1493,0.1447,0.1469,0.1426,0.1405,0.1496,0.1426,0.147,0.0562,0.1313,0.1329,0.1396,0.1466,0.1359,0.1417,0.1465,0.1364
7/15/2020,5.1888,0.1082,0.0902,0.1082,0.059,0.0385,0.0545,0.0851,0.1023,0.0815,0.0936,0.0716,0.1248,0.1147,0.113,0.1189,0.1014,0.1028,0.0995,0.1155,0.1161,0.1073,0.1397,0.1242,0.0916,0.138,0.1186,0.1357,0.1321,0.1189,0.127,0.1267,0.1383,0.1383,0.1461,0.1282,0.1192,0.1301,0.1273,0.1334,-0.0199,0.1222,0.0947,0.1057,0.1276,0.104,0.1228,0.1071,0.1045
7/14/2020,8.1174,0.1691,0.1684,0.1699,0.1709,0.1701,0.1703,0.1688,0.1698,0.1698,0.1703,0.1687,0.1683,0.1685,0.1685,0.1692,0.1688,0.1687,0.169,0.1689,0.169,0.1683,0.1683,0.1695,0.1682,0.1687,0.1688,0.1691,0.168,0.169,0.1688,0.1677,0.1676,0.1685,0.1678,0.1683,0.1682,0.1694,0.1682,0.1693,0.1813,0.1691,0.1684,0.169,0.1692,0.1687,0.168,0.1685,0.1685
7/13/2020,6.4618,0.1382,0.1459,0.1318,0.1088,0.1271,0.1325,0.1011,0.1298,0.127,0.1327,0.1311,0.1484,0.1368,0.141,0.1371,0.1333,0.1299,0.1299,0.1414,0.141,0.1356,0.1459,0.1413,0.1276,0.1525,0.1408,0.1159,0.1482,0.1221,0.1379,0.155,0.1508,0.1436,0.1447,0.1504,0.1434,0.1385,0.1456,0.1456,0.0486,0.1308,0.1367,0.1419,0.1307,0.1288,0.1336,0.1477,0.1328
7/12/2020,7.2577,0.1526,0.1469,0.1558,0.1484,0.1477,0.1466,0.1465,0.1419,0.1474,0.1466,0.1481,0.151,0.1524,0.1512,0.1519,0.1512,0.1525,0.1509,0.149,0.1558,0.1558,0.1583,0.1468,0.1555,0.1569,0.158,0.1583,0.1587,0.1498,0.1535,0.1599,0.155,0.1562,0.1587,0.1548,0.1558,0.1581,0.1534,0.1528,0.0891,0.1475,0.1472,0.1572,0.1581,0.1491,0.1509,0.1546,0.1533
7/11/2020,7.6715,0.1605,0.1579,0.1618,0.156,0.1552,0.1559,0.1563,0.1571,0.1616,0.1577,0.159,0.1622,0.1625,0.1617,0.1597,0.1625,0.1598,0.1596,0.162,0.1613,0.163,0.1619,0.16,0.1623,0.1626,0.1606,0.1605,0.1629,0.1595,0.1622,0.164,0.1623,0.1623,0.163,0.1615,0.1612,0.1595,0.1598,0.1594,0.1261,0.1617,0.1626,0.1593,0.16,0.1621,0.1618,0.1598,0.1593
7/10/2020,5.8575,0.1298,0.1125,0.1125,0.1065,0.0807,0.09,0.1279,0.0867,0.1401,0.1007,0.0882,0.1144,0.1369,0.1358,0.1221,0.1152,0.117,0.12,0.132,0.1335,0.1208,0.1347,0.1148,0.1122,0.1253,0.1354,0.1354,0.1442,0.0972,0.1281,0.1472,0.1461,0.1405,0.135,0.1461,0.1324,0.1397,0.1232,0.1487,0.0657,0.1189,0.1255,0.1161,0.121,0.1167,0.1116,0.1375,0.135
7/9/2020,7.3214,0.1553,0.15,0.1509,0.1489,0.1364,0.1541,0.1431,0.1404,0.1542,0.1477,0.1503,0.1577,0.1568,0.1566,0.1524,0.1555,0.1517,0.1532,0.1515,0.1571,0.157,0.1552,0.1518,0.1491,0.1533,0.1539,0.1534,0.1589,0.1482,0.1533,0.1612,0.1561,0.1592,0.1594,0.1593,0.157,0.1562,0.154,0.1563,0.1085,0.1579,0.1559,0.1572,0.1504,0.1578,0.1515,0.1516,0.154
7/8/2020,5.8576,0.121,0.1101,0.1358,0.0827,0.1005,0.0927,0.1163,0.1202,0.1352,0.1176,0.0878,0.1266,0.1425,0.1433,0.1277,0.1257,0.1255,0.1157,0.1174,0.1197,0.1292,0.126,0.1155,0.1418,0.1371,0.1294,0.1133,0.1392,0.1275,0.1339,0.1326,0.1397,0.1425,0.138,0.1328,0.1345,0.1296,0.1405,0.1324,-0.0255,0.1262,0.1253,0.1234,0.1431,0.1227,0.1227,0.1215,0.1187
7/7/2020,6.4299,0.1287,0.1417,0.1412,0.1025,0.1153,0.1224,0.1251,0.1037,0.115,0.1274,0.1194,0.1299,0.1459,0.1368,0.1478,0.1351,0.1475,0.1315,0.1315,0.1368,0.1348,0.1505,0.1351,0.1475,0.1459,0.1474,0.1463,0.147,0.1155,0.1444,0.1492,0.1428,0.1549,0.1502,0.1489,0.1419,0.1433,0.1361,0.1391,0.012,0.1288,0.1442,0.1505,0.1299,0.1362,0.14,0.1381,0.1442
7/6/2020,5.1887,0.1312,0.1231,0.1014,0.0655,0.0247,0.0798,0.0781,0.0745,0.0941,0.1287,0.0958,0.0969,0.1088,0.131,0.1065,0.1135,0.1155,0.0998,0.1023,0.1034,0.1194,0.0986,0.1169,0.1211,0.1321,0.1158,0.1214,0.1332,0.0714,0.1245,0.1321,0.1386,0.1248,0.1315,0.1293,0.1163,0.1267,0.1118,0.1402,0.0183,0.1296,0.109,0.1051,0.1144,0.1307,0.0967,0.102,0.1026
7/5/2020,6.6527,0.1459,0.1436,0.1479,0.1276,0.1148,0.1377,0.1327,0.1373,0.125,0.1378,0.1474,0.1451,0.1438,0.1385,0.1483,0.1509,0.147,0.14,0.1378,0.1439,0.1462,0.1489,0.1448,0.1523,0.1475,0.137,0.1485,0.1493,0.1459,0.1403,0.145,0.1504,0.1488,0.1539,0.1479,0.1426,0.1466,0.151,0.1259,-0.0617,0.1346,0.1475,0.1462,0.1407,0.1481,0.1479,0.135,0.1486
7/4/2020,7.5444,0.1608,0.1554,0.1581,0.1552,0.1534,0.1543,0.1549,0.1483,0.1529,0.1528,0.1509,0.1564,0.1578,0.1588,0.1596,0.156,0.1612,0.1558,0.1593,0.1566,0.1607,0.1602,0.1546,0.1581,0.1591,0.1611,0.1573,0.1621,0.1545,0.1604,0.1607,0.161,0.163,0.162,0.1626,0.1591,0.156,0.1573,0.1601,0.1298,0.1608,0.1549,0.1583,0.1556,0.1592,0.159,0.1608,0.1576
7/3/2020,6.3667,0.1252,0.1427,0.1289,0.1136,0.1012,0.1017,0.1199,0.1213,0.144,0.1307,0.108,0.1291,0.1464,0.1415,0.1466,0.1461,0.1466,0.1445,0.1337,0.1355,0.1379,0.1348,0.1397,0.1412,0.1413,0.1435,0.1422,0.1462,0.1257,0.1374,0.142,0.1498,0.1526,0.1472,0.1533,0.1449,0.1485,0.1459,0.1279,-0.0508,0.1464,0.15,0.1317,0.1322,0.1384,0.1373,0.1306,0.1417
7/2/2020,6.0163,0.1202,0.1179,0.1159,0.0893,0.1137,0.101,0.1262,0.1139,0.1141,0.13,0.0919,0.1399,0.1284,0.1329,0.1375,0.1222,0.1288,0.1282,0.1189,0.129,0.1282,0.1345,0.124,0.1318,0.1484,0.1337,0.1228,0.1383,0.1228,0.1377,0.1518,0.1395,0.1429,0.1492,0.1407,0.1337,0.128,0.1385,0.1365,-0.0022,0.1252,0.1369,0.1433,0.1197,0.1286,0.1163,0.1331,0.1325
7/1/2020,7.9263,0.1657,0.1648,0.1652,0.1647,0.1648,0.1644,0.1647,0.1647,0.1643,0.1648,0.1638,0.1649,0.1655,0.1654,0.165,0.1656,0.1652,0.165,0.1656,0.1649,0.1658,0.1659,0.165,0.1653,0.1653,0.1655,0.1659,0.1657,0.1647,0.1656,0.1655,0.1658,0.1657,0.1661,0.1656,0.1654,0.165,0.1657,0.1652,0.1587,0.1655,0.1657,0.1658,0.1649,0.1649,0.1658,0.1656,0.1657
6/30/2020,6.9711,0.1485,0.1461,0.1445,0.137,0.1354,0.1301,0.1334,0.1398,0.1538,0.1486,0.1516,0.1511,0.1499,0.148,0.1469,0.1477,0.1508,0.1433,0.1443,0.1523,0.1492,0.1542,0.1386,0.1509,0.1463,0.1559,0.1537,0.1544,0.132,0.1505,0.1505,0.1527,0.1567,0.1564,0.1555,0.1501,0.1447,0.1476,0.1447,0.0435,0.1525,0.1497,0.1439,0.1436,0.1524,0.1392,0.1535,0.1451
6/29/2020,6.4617,0.1385,0.1387,0.1278,0.127,0.0996,0.1085,0.0999,0.1115,0.1124,0.133,0.127,0.1388,0.1365,0.1394,0.1368,0.1477,0.1308,0.1385,0.1445,0.1414,0.1399,0.1319,0.1241,0.1281,0.1419,0.1373,0.1244,0.1459,0.1336,0.1436,0.1536,0.1531,0.1441,0.1516,0.143,0.1434,0.1285,0.1422,0.1583,0.1199,0.1258,0.1499,0.1388,0.1387,0.1411,0.1308,0.1368,0.1331
6/28/2020,8.7862,0.1865,0.1807,0.1821,0.1876,0.2,0.1819,0.1858,0.1989,0.1901,0.1906,0.1891,0.185,0.1799,0.1796,0.1848,0.1806,0.1787,0.1851,0.1842,0.1843,0.1781,0.1821,0.1872,0.1753,0.1829,0.1785,0.181,0.1752,0.1871,0.1814,0.1735,0.1727,0.1765,0.1792,0.1777,0.18,0.1788,0.1751,0.1767,0.2229,0.1781,0.184,0.1816,0.1858,0.1805,0.177,0.1837,0.1781
6/27/2020,6.3032,0.1397,0.1292,0.1441,0.1214,0.1222,0.0996,0.1239,0.1342,0.1397,0.1356,0.1241,0.127,0.1383,0.1407,0.1312,0.1392,0.1305,0.1361,0.1397,0.1387,0.138,0.1466,0.1331,0.1443,0.1353,0.1375,0.1244,0.1446,0.1122,0.1439,0.1477,0.1388,0.1427,0.1399,0.1468,0.1395,0.1353,0.1414,0.1332,-0.021,0.1302,0.1273,0.1392,0.1436,0.13,0.1363,0.1266,0.1307
6/26/2020,5.9527,0.1327,0.1267,0.1169,0.1216,0.0713,0.1087,0.121,0.1261,0.1012,0.1077,0.1353,0.1376,0.1337,0.1231,0.1398,0.1186,0.1251,0.121,0.1235,0.1294,0.1372,0.1421,0.1259,0.1276,0.1341,0.1411,0.1458,0.1401,0.1091,0.1374,0.1333,0.1396,0.1439,0.1489,0.1486,0.1308,0.1157,0.1358,0.1269,-0.0562,0.1151,0.1327,0.1245,0.1413,0.1175,0.12,0.1353,0.1376
6/25/2020,6.1761,0.1196,0.1304,0.1183,0.1174,0.1152,0.1313,0.1271,0.1041,0.1147,0.1437,0.1251,0.1424,0.1322,0.1362,0.1329,0.1284,0.1291,0.1273,0.1274,0.1358,0.1315,0.1269,0.1302,0.1304,0.1495,0.1347,0.1105,0.1415,0.1263,0.1419,0.1546,0.1437,0.1506,0.1377,0.1481,0.1346,0.136,0.1267,0.1365,-0.0024,0.1211,0.1417,0.1355,0.1282,0.1218,0.1169,0.1411,0.1417
6/24/2020,9.8999,0.1944,0.1944,0.2155,0.2339,0.2639,0.2073,0.2201,0.2299,0.2134,0.1978,0.2415,0.2172,0.1948,0.1881,0.2007,0.1897,0.1946,0.2041,0.21,0.1967,0.2052,0.1954,0.218,0.203,0.1969,0.2073,0.2107,0.1881,0.2087,0.2068,0.1946,0.1946,0.1891,0.1957,0.1857,0.1921,0.2106,0.1961,0.1917,0.3069,0.1974,0.1982,0.1978,0.2026,0.2069,0.2071,0.1893,0.1954
6/23/2020,5.3797,0.1074,0.1237,0.135,0.0781,0.0666,0.0687,0.0781,0.1059,0.1323,0.1116,0.1012,0.1323,0.1203,0.1205,0.1085,0.1292,0.1229,0.1103,0.1088,0.1292,0.1174,0.131,0.1025,0.1339,0.1276,0.1344,0.1368,0.1394,0.0941,0.1185,0.124,0.1232,0.1344,0.1423,0.1405,0.1326,0.1297,0.1329,0.1048,-0.18,0.1127,0.1378,0.1122,0.1289,0.108,0.1263,0.1224,0.1208
6/22/2020,6.2392,0.1204,0.1202,0.1374,0.095,0.0788,0.1167,0.1299,0.108,0.1038,0.1366,0.1397,0.1468,0.1373,0.1346,0.1387,0.1297,0.132,0.1258,0.142,0.1408,0.1279,0.1263,0.1186,0.1256,0.1397,0.1443,0.1297,0.1438,0.1098,0.1418,0.1521,0.1478,0.151,0.1496,0.1394,0.1373,0.1263,0.1422,0.145,0.0455,0.1186,0.1327,0.1367,0.1383,0.1373,0.1441,0.1339,0.1397
6/21/2020,6.6848,0.138,0.1404,0.149,0.1222,0.1316,0.118,0.1408,0.1139,0.1438,0.1406,0.1385,0.1467,0.1446,0.1458,0.1426,0.146,0.1364,0.1392,0.141,0.1429,0.1489,0.1465,0.1408,0.1536,0.1442,0.1477,0.1406,0.1526,0.15,0.1389,0.1468,0.1506,0.15,0.146,0.1459,0.1465,0.1356,0.1452,0.139,0.0116,0.1479,0.1363,0.1448,0.1431,0.1354,0.145,0.1464,0.1429
6/20/2020,6.5573,0.1267,0.1384,0.1284,0.1072,0.1307,0.1211,0.1059,0.1235,0.1284,0.1421,0.1258,0.1475,0.1387,0.1387,0.1416,0.1385,0.1486,0.1466,0.1408,0.1316,0.1434,0.1364,0.1432,0.1469,0.1459,0.1455,0.1283,0.1511,0.1419,0.1372,0.1468,0.1499,0.1535,0.1491,0.1541,0.1479,0.1346,0.1332,0.1474,0.0585,0.132,0.1367,0.1515,0.1378,0.1315,0.1452,0.1419,0.1351
6/19/2020,8.5947,0.1774,0.1761,0.179,0.1875,0.1905,0.187,0.1774,0.1861,0.1883,0.1849,0.1899,0.1757,0.1756,0.1753,0.177,0.1799,0.1778,0.1747,0.179,0.1761,0.18,0.1765,0.1736,0.1786,0.1781,0.1761,0.1752,0.1734,0.1745,0.1766,0.1718,0.1729,0.1753,0.1727,0.1718,0.1756,0.1808,0.1758,0.1778,0.229,0.1807,0.1777,0.1811,0.1727,0.1767,0.1761,0.1751,0.1733
6/18/2020,8.7855,0.1823,0.1798,0.178,0.1903,0.1983,0.1898,0.1818,0.1924,0.1931,0.1902,0.1768,0.1807,0.1807,0.1788,0.1788,0.1856,0.1848,0.1859,0.1798,0.1821,0.177,0.1765,0.1881,0.1836,0.1746,0.1789,0.1756,0.1771,0.1882,0.1779,0.1749,0.1784,0.1738,0.1759,0.1789,0.179,0.1799,0.1786,0.1841,0.2644,0.1794,0.1788,0.1796,0.1752,0.1765,0.177,0.184,0.1796
6/17/2020,9.9317,0.2134,0.2053,0.2059,0.219,0.2086,0.2196,0.2378,0.2265,0.1949,0.1958,0.2217,0.1937,0.203,0.2047,0.2107,0.2126,0.2123,0.1937,0.2001,0.2074,0.2003,0.1904,0.2086,0.2012,0.1841,0.1879,0.1954,0.1889,0.2157,0.2018,0.1982,0.1842,0.1864,0.1837,0.1837,0.2005,0.1889,0.2034,0.2149,0.437,0.2043,0.1889,0.2057,0.2028,0.1989,0.1939,0.2043,0.191
6/16/2020,9.6135,0.2018,0.193,0.2022,0.2062,0.2223,0.2244,0.2064,0.202,0.1909,0.2222,0.2186,0.1944,0.1846,0.1973,0.186,0.1941,0.1986,0.2039,0.193,0.1947,0.2005,0.1994,0.186,0.1962,0.1812,0.1993,0.1993,0.1896,0.1936,0.197,0.1778,0.1897,0.1859,0.1894,0.1813,0.1905,0.2062,0.1912,0.1943,0.3214,0.2041,0.2072,0.2004,0.2051,0.2043,0.1918,0.1933,0.2009
6/15/2020,10.25,0.1995,0.2245,0.2058,0.2486,0.2706,0.2479,0.2339,0.209,0.2375,0.2225,0.2387,0.2159,0.2108,0.1923,0.2004,0.2191,0.1932,0.211,0.2108,0.2018,0.2135,0.2042,0.1973,0.1946,0.2029,0.209,0.2216,0.1973,0.229,0.2033,0.1946,0.1869,0.1896,0.2024,0.1982,0.2013,0.2058,0.1979,0.1936,0.3177,0.2112,0.2243,0.2013,0.2087,0.2231,0.2261,0.2083,0.1925
6/14/2020,6.7805,0.1473,0.1387,0.1341,0.1234,0.1285,0.1237,0.1401,0.1235,0.1484,0.1339,0.1304,0.1482,0.1454,0.1431,0.1436,0.1514,0.1435,0.1511,0.1373,0.1422,0.1465,0.1478,0.1332,0.135,0.1498,0.1459,0.148,0.1545,0.1302,0.1498,0.1585,0.1479,0.1561,0.1506,0.1523,0.1497,0.1467,0.1393,0.1429,0.0336,0.1507,0.1478,0.1396,0.1547,0.1472,0.149,0.1472,0.1482
6/13/2020,7.5442,0.1599,0.1548,0.1566,0.1549,0.1478,0.1576,0.1525,0.1481,0.1535,0.1604,0.1514,0.1565,0.1612,0.1601,0.1588,0.1566,0.1612,0.1594,0.1601,0.1566,0.16,0.1559,0.1567,0.1588,0.1584,0.1585,0.1521,0.1619,0.157,0.1595,0.1599,0.1631,0.1612,0.1611,0.1604,0.1596,0.1588,0.1601,0.1596,0.1273,0.1588,0.1608,0.1574,0.1581,0.1578,0.1554,0.159,0.159
6/12/2020,10.4092,0.2281,0.2156,0.1936,0.264,0.277,0.2197,0.2628,0.2604,0.2459,0.2399,0.2086,0.1949,0.1989,0.2042,0.1968,0.2064,0.2141,0.2211,0.2055,0.2083,0.2038,0.1999,0.2064,0.2057,0.1989,0.2187,0.1951,0.1975,0.2286,0.2074,0.19,0.2016,0.1961,0.1867,0.1992,0.1973,0.2175,0.2156,0.2016,0.3625,0.2047,0.2168,0.198,0.2221,0.205,0.2259,0.2245,0.2163
6/11/2020,11.7147,0.2265,0.2651,0.2354,0.3171,0.3513,0.2562,0.254,0.2655,0.232,0.2164,0.3008,0.2673,0.2276,0.2124,0.251,0.2105,0.2525,0.2339,0.2506,0.2365,0.2202,0.235,0.2502,0.2287,0.2309,0.2339,0.2254,0.2109,0.2153,0.2294,0.1927,0.2012,0.2153,0.2224,0.2231,0.2287,0.2365,0.2339,0.2353,0.5512,0.2265,0.212,0.2413,0.2183,0.2272,0.2302,0.2447,0.2317
6/10/2020,12.3192,0.2565,0.2669,0.2228,0.3278,0.3019,0.3269,0.2794,0.3127,0.3178,0.3122,0.323,0.225,0.2548,0.2185,0.2535,0.2651,0.2457,0.2574,0.2669,0.2444,0.247,0.244,0.2677,0.2306,0.2418,0.2388,0.2695,0.215,0.2695,0.231,0.209,0.2302,0.1995,0.2176,0.2293,0.231,0.2634,0.2578,0.2003,0.355,0.2448,0.2794,0.2487,0.2142,0.2453,0.2643,0.2695,0.2258
6/9/2020,10.4414,0.2038,0.2279,0.2082,0.2338,0.2726,0.2248,0.2707,0.226,0.2387,0.2204,0.2477,0.2077,0.1989,0.1977,0.2016,0.2111,0.1969,0.2116,0.2091,0.2079,0.216,0.1923,0.2245,0.1928,0.2072,0.2126,0.2072,0.2001,0.2372,0.2035,0.2038,0.1911,0.1855,0.1979,0.1967,0.2018,0.2182,0.2206,0.2108,0.414,0.2199,0.204,0.2043,0.2172,0.2279,0.2038,0.2089,0.2045
6/8/2020,9.4543,0.1895,0.2001,0.2043,0.2234,0.2416,0.2171,0.2152,0.2099,0.1875,0.2154,0.2181,0.2075,0.1843,0.1891,0.1926,0.1876,0.1972,0.1846,0.1955,0.1958,0.1853,0.1857,0.1976,0.1856,0.1939,0.1819,0.2064,0.1856,0.2049,0.1875,0.1812,0.1825,0.1774,0.183,0.1857,0.1924,0.1973,0.1905,0.1794,0.238,0.1944,0.1933,0.1931,0.1989,0.2023,0.2007,0.1937,0.1998
6/7/2020,7.5446,0.1583,0.1552,0.1584,0.1484,0.1521,0.155,0.1479,0.151,0.1611,0.1596,0.1581,0.1613,0.1578,0.1599,0.1564,0.1576,0.1609,0.1555,0.1591,0.1583,0.1614,0.1615,0.1547,0.1603,0.1626,0.1574,0.1554,0.161,0.155,0.1581,0.1623,0.1596,0.1627,0.1613,0.1602,0.1599,0.1601,0.1591,0.1585,0.1208,0.155,0.1553,0.1571,0.1597,0.1594,0.1557,0.1608,0.1578
6/6/2020,7.7672,0.1631,0.1624,0.1622,0.1604,0.1555,0.1577,0.158,0.1603,0.1638,0.162,0.1575,0.1621,0.1628,0.1617,0.1634,0.1631,0.1623,0.1638,0.1617,0.1617,0.1627,0.1627,0.1615,0.1619,0.1635,0.1642,0.1639,0.1638,0.1609,0.1631,0.1635,0.1645,0.163,0.1648,0.1637,0.1634,0.1625,0.1628,0.1621,0.1411,0.1635,0.1643,0.1609,0.163,0.1625,0.1632,0.1613,0.1634
6/5/2020,7.5759,0.1581,0.1551,0.1616,0.1504,0.1504,0.1535,0.1546,0.1581,0.1534,0.1581,0.1504,0.1562,0.1608,0.161,0.1592,0.1617,0.1609,0.1587,0.1583,0.1567,0.1593,0.1579,0.1548,0.1618,0.1604,0.1622,0.1538,0.1609,0.1568,0.1605,0.164,0.1598,0.1612,0.1615,0.1628,0.1608,0.1589,0.1573,0.16,0.1291,0.1597,0.1586,0.1584,0.1606,0.1586,0.1611,0.1578,0.1601
6/4/2020,7.544,0.154,0.1593,0.1581,0.1499,0.1533,0.1493,0.1592,0.154,0.1561,0.1556,0.158,0.161,0.1583,0.1601,0.1596,0.1613,0.1588,0.1565,0.1597,0.1579,0.1577,0.1575,0.1576,0.1601,0.1597,0.162,0.1603,0.1619,0.1596,0.1596,0.1628,0.1607,0.1603,0.1594,0.1617,0.1598,0.1574,0.16,0.154,0.0956,0.1613,0.1597,0.1586,0.1607,0.1579,0.1577,0.1593,0.1611
6/3/2020,7.4488,0.1581,0.1543,0.152,0.1462,0.147,0.1482,0.1448,0.1484,0.152,0.148,0.1538,0.1536,0.1596,0.1584,0.155,0.1589,0.1574,0.1569,0.1577,0.1548,0.1562,0.1533,0.1553,0.156,0.1585,0.1564,0.1491,0.1601,0.1588,0.1564,0.1609,0.1617,0.1586,0.1597,0.158,0.1587,0.1563,0.1551,0.1638,0.1503,0.1556,0.1605,0.1534,0.1559,0.1534,0.1524,0.1545,0.1548
6/2/2020,7.385,0.1518,0.1578,0.1595,0.1526,0.1427,0.1495,0.1491,0.1491,0.1549,0.1479,0.1548,0.1569,0.1557,0.1574,0.1555,0.1541,0.1565,0.1539,0.1546,0.1556,0.1586,0.1592,0.1555,0.1596,0.1563,0.1551,0.1522,0.1582,0.1465,0.155,0.1589,0.1589,0.1582,0.1598,0.1576,0.1557,0.1582,0.1576,0.1528,0.0892,0.1587,0.1566,0.1563,0.1569,0.152,0.1555,0.1576,0.1584
6/1/2020,7.9899,0.1665,0.1665,0.1665,0.1664,0.1662,0.1664,0.1665,0.1664,0.1665,0.1664,0.1665,0.1664,0.1665,0.1665,0.1665,0.1665,0.1665,0.1665,0.1665,0.1665,0.1665,0.1665,0.1665,0.1665,0.1666,0.1665,0.1665,0.1665,0.1664,0.1665,0.1666,0.1665,0.1666,0.1666,0.1666,0.1665,0.1665,0.1665,0.1664,0.1652,0.1664,0.1665,0.1664,0.1666,0.1665,0.1664,0.1664,0.1665
5/31/2020,7.8304,0.1635,0.1632,0.1635,0.1621,0.1612,0.161,0.1632,0.1635,0.1616,0.1618,0.1642,0.1634,0.1639,0.1637,0.1646,0.1628,0.1635,0.1628,0.1633,0.1632,0.1639,0.1627,0.1621,0.1636,0.1633,0.1633,0.1611,0.1644,0.1628,0.1641,0.1643,0.1645,0.1648,0.1651,0.1641,0.1642,0.163,0.1647,0.1639,0.1514,0.1622,0.1646,0.1636,0.1641,0.1634,0.1623,0.1642,0.1647
5/30/2020,8.3084,0.1731,0.1742,0.1715,0.1736,0.1818,0.176,0.1773,0.1763,0.1741,0.1721,0.1732,0.1709,0.171,0.1719,0.1734,0.1717,0.1732,0.1707,0.1726,0.1711,0.173,0.1703,0.1721,0.1714,0.1728,0.1711,0.1745,0.1705,0.1751,0.171,0.1695,0.1691,0.1692,0.1695,0.17,0.171,0.1729,0.1702,0.1732,0.2031,0.174,0.1715,0.172,0.174,0.1709,0.1742,0.1707,0.1719
5/29/2020,7.3532,0.1573,0.158,0.1495,0.1408,0.1489,0.1481,0.1458,0.1503,0.1477,0.149,0.1513,0.1533,0.1537,0.1586,0.158,0.1553,0.158,0.1559,0.1566,0.1561,0.1572,0.1543,0.1546,0.1521,0.1569,0.1582,0.1453,0.1576,0.1521,0.1542,0.1568,0.1604,0.1586,0.1614,0.1572,0.1566,0.1551,0.1543,0.1556,0.1045,0.1555,0.1491,0.1523,0.1579,0.1531,0.1552,0.1585,0.1564
5/28/2020,7.258,0.1518,0.149,0.1509,0.1366,0.1427,0.1383,0.1414,0.1514,0.1397,0.1553,0.156,0.1526,0.154,0.1508,0.1569,0.1549,0.1516,0.1497,0.1544,0.1513,0.1544,0.1534,0.1558,0.1509,0.1515,0.1503,0.1463,0.158,0.1433,0.1538,0.1595,0.161,0.1604,0.161,0.1598,0.1563,0.1558,0.154,0.1538,0.0945,0.1574,0.1589,0.1504,0.1595,0.1497,0.1503,0.1538,0.1549
5/27/2020,9.0088,0.181,0.1933,0.1926,0.1889,0.2109,0.1873,0.1843,0.1855,0.2023,0.1907,0.1938,0.1907,0.1785,0.1833,0.1814,0.1825,0.189,0.1843,0.1815,0.1848,0.1829,0.1895,0.18,0.1777,0.1853,0.1868,0.1823,0.177,0.1871,0.1831,0.1801,0.1814,0.1801,0.1769,0.1772,0.183,0.1904,0.1882,0.1892,0.293,0.1849,0.1835,0.1822,0.1853,0.1798,0.192,0.1817,0.1816
5/26/2020,7.7991,0.1625,0.1638,0.1643,0.1588,0.157,0.1623,0.1605,0.1622,0.1625,0.1614,0.161,0.1637,0.1637,0.1624,0.1625,0.1642,0.1631,0.1618,0.1626,0.1635,0.1625,0.1639,0.1632,0.1636,0.164,0.1627,0.164,0.1642,0.1607,0.1639,0.1653,0.1643,0.1642,0.1652,0.1646,0.1634,0.1619,0.164,0.1622,0.1417,0.1623,0.163,0.1623,0.164,0.1636,0.1643,0.1633,0.163
5/25/2020,11.2686,0.2288,0.2543,0.2177,0.2546,0.2771,0.2883,0.3036,0.2637,0.2559,0.2314,0.286,0.2278,0.2281,0.2213,0.2075,0.2098,0.2379,0.2382,0.219,0.2199,0.2157,0.2026,0.2445,0.2203,0.2252,0.2173,0.2219,0.2108,0.2428,0.216,0.2101,0.2154,0.2023,0.217,0.2114,0.2193,0.2216,0.2412,0.2125,0.4232,0.2033,0.2402,0.2432,0.2284,0.2392,0.2226,0.2049,0.2248
5/24/2020,6.4303,0.1339,0.1255,0.147,0.129,0.0899,0.1167,0.1119,0.1328,0.1389,0.1339,0.1332,0.1285,0.1477,0.1394,0.1357,0.14,0.1412,0.1273,0.1368,0.1285,0.1353,0.1408,0.1282,0.1317,0.1491,0.1348,0.1205,0.1494,0.1464,0.1384,0.1533,0.1507,0.1419,0.1439,0.1466,0.1406,0.1279,0.1337,0.1443,0.0416,0.1437,0.1426,0.1323,0.1463,0.1411,0.1362,0.1329,0.1383
5/23/2020,8.7218,0.1768,0.184,0.1805,0.1904,0.2036,0.1886,0.1922,0.1935,0.1776,0.1883,0.1807,0.18,0.1807,0.1818,0.1802,0.1839,0.1799,0.1824,0.1795,0.1844,0.1785,0.1818,0.181,0.1822,0.1805,0.1763,0.1864,0.1768,0.1787,0.1789,0.1723,0.174,0.1722,0.177,0.1762,0.1787,0.1786,0.179,0.1743,0.2094,0.1816,0.1845,0.1776,0.1763,0.1824,0.1771,0.1813,0.1792
5/22/2020,8.5313,0.1798,0.1779,0.1792,0.1844,0.183,0.1788,0.1853,0.1851,0.1729,0.1795,0.1794,0.1768,0.1771,0.1777,0.1747,0.1765,0.1787,0.177,0.1795,0.1744,0.1758,0.1765,0.1798,0.1754,0.1726,0.1774,0.1822,0.1724,0.1791,0.1773,0.1701,0.1753,0.1747,0.1717,0.1746,0.1742,0.1737,0.1751,0.1763,0.2204,0.1798,0.1767,0.1719,0.1757,0.176,0.1734,0.1729,0.1726
5/21/2020,5.7616,0.1112,0.1145,0.1389,0.0888,0.0928,0.0856,0.0722,0.0791,0.1219,0.1203,0.1259,0.1047,0.1268,0.1353,0.1232,0.1266,0.1347,0.1145,0.1176,0.1197,0.1161,0.1356,0.1311,0.1215,0.1282,0.1364,0.1257,0.1436,0.1364,0.1322,0.1494,0.1474,0.1344,0.1429,0.1309,0.136,0.1378,0.1273,0.1252,-0.0658,0.1223,0.1302,0.1347,0.1425,0.1215,0.1387,0.1194,0.1257
5/20/2020,10.6,0.2103,0.2228,0.239,0.2291,0.2863,0.2746,0.2174,0.2457,0.2535,0.2473,0.2116,0.2023,0.2181,0.2194,0.2028,0.2116,0.2041,0.2228,0.2103,0.2286,0.2163,0.2244,0.2278,0.1973,0.1898,0.2132,0.215,0.2025,0.2288,0.2062,0.1898,0.2049,0.1885,0.1979,0.1979,0.2109,0.2197,0.1976,0.2074,0.3948,0.2127,0.2187,0.2161,0.208,0.2046,0.2338,0.2236,0.1942
5/19/2020,8.1492,0.1694,0.1692,0.1708,0.171,0.1703,0.1713,0.1701,0.1719,0.1715,0.1703,0.1704,0.1689,0.1694,0.169,0.169,0.1695,0.17,0.1692,0.1699,0.17,0.1691,0.1698,0.1693,0.1703,0.1684,0.1691,0.1706,0.1684,0.1705,0.1696,0.1682,0.1683,0.1689,0.1681,0.1682,0.1691,0.1699,0.1696,0.1688,0.1786,0.1699,0.17,0.1688,0.1688,0.1693,0.1691,0.1702,0.1692
5/18/2020,11.6504,0.2192,0.2192,0.2382,0.2711,0.3079,0.2995,0.2386,0.3207,0.2276,0.2302,0.2138,0.2488,0.2251,0.2254,0.2273,0.247,0.2517,0.2375,0.2295,0.2192,0.2207,0.2404,0.2422,0.2349,0.2247,0.2419,0.2678,0.205,0.2824,0.2353,0.2174,0.2035,0.2134,0.2225,0.2152,0.2134,0.2134,0.2357,0.2249,0.4932,0.247,0.2477,0.2327,0.2499,0.2521,0.2156,0.2357,0.2243
5/17/2020,12.4467,0.2774,0.2663,0.2747,0.2921,0.3214,0.2903,0.3356,0.3401,0.2516,0.2543,0.2334,0.2458,0.2378,0.2578,0.2214,0.2703,0.2423,0.2645,0.2427,0.2525,0.2254,0.2454,0.2809,0.2187,0.2503,0.2596,0.3116,0.2151,0.2952,0.2445,0.2387,0.2262,0.2107,0.2374,0.2298,0.224,0.2694,0.2489,0.2127,0.4247,0.2498,0.2796,0.2249,0.22,0.2454,0.2841,0.2329,0.2685
5/16/2020,15.9479,0.3479,0.3685,0.3709,0.4711,0.4631,0.4782,0.4536,0.4369,0.2771,0.3137,0.3423,0.2899,0.2716,0.3058,0.2994,0.3232,0.2716,0.3121,0.3479,0.3439,0.3161,0.2509,0.3288,0.3439,0.2517,0.2644,0.3558,0.2811,0.3868,0.2779,0.2438,0.2795,0.274,0.2605,0.2811,0.2899,0.3471,0.328,0.2626,0.7042,0.3304,0.3701,0.3646,0.2422,0.3185,0.2573,0.3558,0.2922
5/15/2020,15.1524,0.3054,0.3362,0.3362,0.3648,0.3548,0.4592,0.4234,0.4377,0.2611,0.2718,0.2589,0.3305,0.2747,0.2811,0.3119,0.319,0.3376,0.2904,0.2668,0.3083,0.2525,0.3376,0.2546,0.3111,0.2296,0.3154,0.3641,0.2618,0.3855,0.2768,0.2289,0.2375,0.2711,0.2246,0.2768,0.2689,0.2883,0.2439,0.2936,0.878,0.3133,0.3569,0.3219,0.2847,0.3047,0.2518,0.2847,0.304
5/14/2020,14.2289,0.2782,0.2757,0.3031,0.3803,0.4252,0.366,0.399,0.4189,0.2856,0.2495,0.3803,0.2738,0.2638,0.2856,0.3093,0.252,0.2657,0.2962,0.2881,0.3106,0.2564,0.29,0.2937,0.2869,0.2283,0.2495,0.3442,0.2383,0.2981,0.2769,0.2215,0.2682,0.2265,0.2645,0.2395,0.257,0.2707,0.2881,0.2539,0.6556,0.333,0.2333,0.2956,0.2751,0.3031,0.2863,0.2557,0.2321
5/13/2020,14.1337,0.2433,0.2697,0.3041,0.382,0.4181,0.3378,0.2875,0.3666,0.2464,0.2556,0.2581,0.3292,0.2777,0.2397,0.2433,0.2421,0.2679,0.3126,0.2936,0.3034,0.29,0.255,0.3274,0.2593,0.2789,0.2538,0.2875,0.2317,0.312,0.2642,0.2249,0.2366,0.2262,0.2642,0.2219,0.2617,0.2826,0.2409,0.3183,1.0161,0.3329,0.2881,0.2378,0.2476,0.2673,0.3353,0.2531,0.2397
5/12/2020,16.1069,0.3548,0.3037,0.3758,0.4277,0.4002,0.375,0.3296,0.3548,0.4407,0.2996,0.4666,0.3102,0.2575,0.3377,0.3369,0.3215,0.3012,0.2672,0.3118,0.3393,0.3102,0.3604,0.392,0.3296,0.3345,0.2769,0.3726,0.2769,0.3977,0.3045,0.2437,0.2631,0.2315,0.2583,0.2623,0.3012,0.3094,0.3483,0.2628,0.7053,0.3637,0.3539,0.3231,0.2818,0.3434,0.2996,0.3458,0.3426
5/11/2020,12.5104,0.2722,0.2848,0.2294,0.302,0.3114,0.3268,0.2993,0.2506,0.2767,0.2506,0.2506,0.2551,0.2339,0.2433,0.2208,0.2321,0.2745,0.2609,0.233,0.2316,0.2325,0.2767,0.2564,0.2185,0.2379,0.2149,0.2469,0.2285,0.2316,0.2321,0.2294,0.2375,0.2235,0.2334,0.2221,0.242,0.2596,0.2699,0.2583,0.6799,0.274,0.2415,0.2366,0.2718,0.2582,0.2515,0.2366,0.269
5/10/2020,11.3957,0.2288,0.2278,0.205,0.295,0.3161,0.2651,0.2893,0.2723,0.2339,0.2808,0.2685,0.2166,0.2132,0.2264,0.2373,0.2339,0.2407,0.2142,0.2485,0.2244,0.2084,0.2359,0.2142,0.2485,0.2217,0.2373,0.2115,0.2054,0.2679,0.2298,0.2074,0.2115,0.2149,0.2044,0.2162,0.2159,0.2427,0.2285,0.2086,0.4015,0.2359,0.2611,0.2115,0.2207,0.2485,0.2217,0.2196,0.2067
5/9/2020,10.3136,0.2176,0.2055,0.2185,0.2511,0.2826,0.255,0.2608,0.2298,0.2444,0.234,0.218,0.2143,0.2146,0.1923,0.2127,0.2116,0.2058,0.2243,0.2183,0.2092,0.2074,0.2217,0.2162,0.1963,0.2118,0.2169,0.2354,0.2,0.2238,0.2118,0.203,0.1843,0.1907,0.1866,0.1944,0.1988,0.2164,0.2055,0.1714,0.1934,0.2247,0.2319,0.2238,0.193,0.1991,0.2109,0.2134,0.2106
5/8/2020,9.1994,0.1875,0.1957,0.1805,0.2079,0.2049,0.192,0.1949,0.1993,0.1986,0.1857,0.1974,0.1957,0.1865,0.1861,0.1837,0.1908,0.1869,0.1848,0.1873,0.1886,0.1886,0.1827,0.1935,0.1905,0.1875,0.1808,0.1807,0.1835,0.1917,0.1899,0.1778,0.1861,0.1831,0.1831,0.1803,0.1856,0.1884,0.1802,0.1961,0.3314,0.195,0.1922,0.1853,0.1803,0.1937,0.183,0.1844,0.1892
5/7/2020,9.8045,0.1997,0.1959,0.199,0.217,0.2089,0.2037,0.2049,0.2047,0.2157,0.2053,0.213,0.1869,0.1914,0.1988,0.2035,0.1936,0.21,0.2013,0.1991,0.2111,0.1889,0.1945,0.2166,0.2141,0.1955,0.2004,0.2138,0.1926,0.206,0.1972,0.1871,0.1955,0.1797,0.1907,0.1939,0.1963,0.204,0.2042,0.2055,0.3844,0.204,0.2141,0.2031,0.1903,0.1952,0.1874,0.1959,0.1901
5/6/2020,9.0403,0.1832,0.1926,0.1917,0.2041,0.2009,0.1897,0.1934,0.2047,0.1846,0.2008,0.1838,0.1915,0.1805,0.1858,0.1861,0.1818,0.1804,0.1862,0.1914,0.1839,0.1895,0.1836,0.1926,0.1788,0.1772,0.1876,0.1907,0.1813,0.1803,0.1865,0.1736,0.1792,0.1746,0.1793,0.1769,0.185,0.1813,0.1823,0.1865,0.2775,0.1912,0.1904,0.1788,0.1917,0.1874,0.1835,0.1858,0.1901
5/5/2020,10.6956,0.2095,0.2044,0.2403,0.2359,0.2529,0.2357,0.2613,0.2607,0.2117,0.2572,0.2408,0.2217,0.2082,0.2173,0.2195,0.2068,0.2114,0.2176,0.2311,0.2117,0.2176,0.2022,0.2246,0.212,0.2058,0.1966,0.227,0.2033,0.2559,0.2133,0.1998,0.1969,0.2041,0.1863,0.2098,0.2093,0.2184,0.206,0.2041,0.3767,0.2171,0.2454,0.2109,0.2074,0.2179,0.2381,0.209,0.2244
5/4/2020,9.4543,0.1872,0.1936,0.2045,0.2058,0.1987,0.1973,0.2045,0.2279,0.2019,0.1905,0.1891,0.1901,0.1864,0.1892,0.1905,0.2017,0.1894,0.1882,0.1963,0.1962,0.1969,0.1971,0.1898,0.1863,0.1937,0.1822,0.1915,0.1828,0.1853,0.1939,0.1869,0.1831,0.18,0.1864,0.1889,0.1891,0.1982,0.1981,0.2027,0.3684,0.195,0.188,0.2014,0.1911,0.1987,0.1937,0.192,0.1841
5/3/2020,9.677,0.1953,0.1997,0.2106,0.2168,0.2316,0.2265,0.2061,0.2042,0.2114,0.2124,0.2103,0.2074,0.1861,0.1851,0.2,0.2074,0.1915,0.2081,0.1922,0.2052,0.2002,0.1952,0.2096,0.2109,0.1908,0.1912,0.1938,0.1883,0.2042,0.1905,0.1799,0.1801,0.1885,0.1826,0.1917,0.1957,0.189,0.2026,0.1888,0.2909,0.2113,0.198,0.2071,0.2054,0.2021,0.1992,0.1883,0.1932
5/2/2020,8.4678,0.1727,0.1737,0.1728,0.1859,0.178,0.1861,0.1823,0.1767,0.1833,0.1785,0.1808,0.1773,0.1746,0.1718,0.1731,0.1752,0.1771,0.1764,0.1739,0.1768,0.1763,0.1733,0.1776,0.1741,0.173,0.1746,0.1717,0.1714,0.1734,0.1736,0.1709,0.1738,0.1709,0.1717,0.173,0.1746,0.1773,0.1771,0.1767,0.2229,0.1741,0.1738,0.1775,0.1732,0.1768,0.1729,0.1728,0.1718
5/1/2020,10.2183,0.1977,0.2144,0.2237,0.2226,0.2742,0.2279,0.2481,0.2596,0.2401,0.2042,0.2024,0.1971,0.2026,0.1939,0.2177,0.1991,0.2079,0.2208,0.2033,0.2132,0.1984,0.1999,0.2044,0.1922,0.1922,0.1935,0.2334,0.1931,0.1988,0.2026,0.1851,0.201,0.1871,0.1829,0.1953,0.2059,0.2042,0.1939,0.203,0.3705,0.2137,0.2181,0.2077,0.2077,0.2195,0.2183,0.2113,0.2141
4/30/2020,12.8604,0.2925,0.276,0.2391,0.3183,0.4048,0.2853,0.2678,0.3392,0.2347,0.241,0.2731,0.2386,0.2391,0.2702,0.2537,0.2337,0.2269,0.2255,0.2439,0.277,0.2658,0.2619,0.2517,0.2148,0.2673,0.223,0.2775,0.2294,0.2337,0.2639,0.2041,0.242,0.2041,0.2153,0.2226,0.2435,0.2571,0.2755,0.2952,0.8868,0.2459,0.2158,0.2857,0.2391,0.2352,0.224,0.225,0.2741
4/29/2020,14.8659,0.2985,0.2786,0.2738,0.4166,0.3967,0.3081,0.2964,0.3754,0.3816,0.317,0.2669,0.3026,0.2628,0.2559,0.3246,0.3074,0.3033,0.2985,0.2937,0.3005,0.317,0.2642,0.2587,0.328,0.2971,0.2525,0.3136,0.2449,0.2594,0.2951,0.2415,0.2525,0.2532,0.2628,0.2394,0.269,0.2662,0.3102,0.3205,1.0289,0.3308,0.2717,0.3205,0.2861,0.2532,0.2868,0.2614,0.3218
4/28/2020,15.5662,0.2938,0.3074,0.3513,0.3679,0.5525,0.3157,0.4557,0.458,0.4322,0.411,0.3694,0.3641,0.3134,0.3082,0.262,0.3172,0.2696,0.3467,0.3286,0.3483,0.265,0.2385,0.265,0.2726,0.2779,0.2786,0.3732,0.2643,0.3059,0.3218,0.2287,0.2749,0.2658,0.2227,0.2749,0.2976,0.3392,0.2461,0.2565,0.67,0.3324,0.3354,0.2635,0.2953,0.3445,0.2991,0.2575,0.3263
4/27/2020,11.8417,0.2477,0.232,0.2512,0.3234,0.2635,0.3065,0.3169,0.2646,0.3053,0.2397,0.2708,0.2727,0.2105,0.2208,0.2358,0.2339,0.2385,0.2416,0.2504,0.2577,0.2228,0.24,0.2742,0.2662,0.2212,0.2377,0.2777,0.2143,0.2735,0.2224,0.2132,0.202,0.1966,0.2258,0.2266,0.2224,0.2558,0.212,0.2011,0.3596,0.245,0.2243,0.2066,0.2289,0.232,0.2566,0.2566,0.2431
4/26/2020,11.5238,0.2308,0.2301,0.2333,0.2917,0.3094,0.302,0.2259,0.2847,0.2449,0.2146,0.2326,0.2132,0.2065,0.2167,0.2146,0.2385,0.2188,0.2202,0.2491,0.2438,0.2273,0.2097,0.2132,0.2033,0.2382,0.2442,0.2502,0.2089,0.2516,0.2322,0.2174,0.1931,0.2209,0.2051,0.2121,0.228,0.2396,0.2097,0.2537,0.6546,0.2111,0.228,0.2044,0.216,0.2153,0.2357,0.2361,0.2428
4/25/2020,12.5419,0.2766,0.2462,0.258,0.2893,0.332,0.2838,0.2639,0.2875,0.2698,0.2412,0.2911,0.2516,0.2552,0.2266,0.2516,0.2216,0.2234,0.2707,0.2466,0.2334,0.2225,0.2289,0.2412,0.2561,0.208,0.2534,0.3179,0.2253,0.2561,0.2475,0.2166,0.2035,0.2384,0.2375,0.2371,0.2266,0.2648,0.2534,0.2689,0.7398,0.2471,0.2816,0.2439,0.2611,0.2498,0.2225,0.2371,0.2352
4/24/2020,12.9877,0.2564,0.2819,0.2619,0.3462,0.3567,0.3273,0.3642,0.3572,0.251,0.2445,0.3607,0.2225,0.2475,0.248,0.2824,0.2375,0.2325,0.2804,0.2764,0.2405,0.2774,0.2425,0.2455,0.2894,0.2669,0.2235,0.3098,0.23,0.3158,0.2559,0.24,0.2465,0.24,0.2325,0.222,0.238,0.223,0.2794,0.2131,0.4269,0.223,0.2958,0.2475,0.2809,0.2914,0.2704,0.231,0.2539
4/23/2020,15.5341,0.2661,0.3573,0.3219,0.3776,0.5283,0.3204,0.4507,0.3821,0.4364,0.3723,0.4078,0.3,0.2872,0.2586,0.3369,0.2804,0.3076,0.2857,0.3128,0.2804,0.2895,0.2789,0.2571,0.346,0.3166,0.297,0.2797,0.2556,0.2767,0.2691,0.2224,0.2608,0.2752,0.2578,0.2563,0.2676,0.346,0.3287,0.2954,0.8878,0.3076,0.3723,0.3045,0.2737,0.3083,0.2548,0.3249,0.2533
4/22/2020,17.4442,0.331,0.3225,0.28,0.3858,0.4906,0.4755,0.4604,0.3404,0.4424,0.3697,0.4481,0.3886,0.2979,0.2961,0.2791,0.3329,0.3763,0.2876,0.3725,0.3508,0.3518,0.3886,0.3461,0.4132,0.2838,0.3489,0.3338,0.2894,0.4793,0.3376,0.3055,0.3093,0.2696,0.2951,0.2432,0.3206,0.3669,0.3291,0.3266,1.0626,0.3329,0.3489,0.2592,0.382,0.3773,0.3074,0.3518,0.3555
4/21/2020,16.9029,0.3839,0.286,0.2877,0.4872,0.5913,0.464,0.3697,0.4667,0.3679,0.3073,0.4979,0.3376,0.2797,0.2877,0.2797,0.3171,0.3688,0.351,0.351,0.3385,0.3616,0.3064,0.286,0.3875,0.261,0.3358,0.3118,0.2673,0.2931,0.3545,0.2334,0.2415,0.2593,0.3082,0.278,0.2984,0.326,0.2966,0.3321,1.0936,0.318,0.4195,0.2691,0.2699,0.3705,0.351,0.3198,0.3323
4/20/2020,15.7571,0.2869,0.2954,0.3047,0.4102,0.4762,0.3303,0.432,0.4351,0.3094,0.3404,0.38,0.2528,0.2908,0.3272,0.2706,0.3327,0.2838,0.2877,0.3319,0.2885,0.2621,0.2551,0.3629,0.3746,0.259,0.2729,0.4033,0.2729,0.3621,0.2776,0.2241,0.2683,0.252,0.2838,0.2916,0.2954,0.3598,0.3482,0.3096,0.9677,0.3761,0.3218,0.2435,0.2535,0.304,0.2822,0.2962,0.3102
4/19/2020,12.7967,0.2496,0.2535,0.2851,0.3561,0.3317,0.2592,0.3585,0.3029,0.254,0.265,0.2425,0.2372,0.2626,0.2434,0.2583,0.2343,0.2616,0.2655,0.2708,0.2779,0.265,0.2559,0.2947,0.2477,0.2578,0.2166,0.2703,0.2237,0.2511,0.2396,0.2266,0.2017,0.2252,0.206,0.2094,0.2463,0.2367,0.2636,0.2634,0.7088,0.2976,0.2794,0.2429,0.2185,0.2482,0.2597,0.2329,0.2377
4/18/2020,11.8096,0.2375,0.2432,0.2676,0.2604,0.3232,0.2992,0.3252,0.3164,0.2939,0.252,0.2631,0.2566,0.2238,0.2375,0.2299,0.2387,0.2432,0.26,0.2242,0.2516,0.252,0.2539,0.2661,0.2417,0.236,0.2295,0.2059,0.2215,0.2749,0.2181,0.2215,0.2131,0.2135,0.2215,0.2044,0.2166,0.2151,0.228,0.1942,0.3209,0.2288,0.2783,0.225,0.2547,0.2375,0.2638,0.2177,0.2082
4/17/2020,12.1278,0.2397,0.2472,0.2203,0.2686,0.3665,0.3396,0.3095,0.3359,0.2984,0.2649,0.2736,0.2707,0.2459,0.2278,0.2269,0.2587,0.26,0.2294,0.2567,0.2562,0.2331,0.2195,0.2315,0.2236,0.2154,0.2385,0.3025,0.2207,0.2207,0.2282,0.1976,0.2009,0.2162,0.2166,0.2273,0.2261,0.2455,0.2463,0.2156,0.4406,0.2748,0.2732,0.2459,0.2162,0.2191,0.2228,0.2608,0.2521
4/16/2020,13.1149,0.2644,0.2475,0.2679,0.3068,0.4296,0.2925,0.3452,0.2797,0.2874,0.2332,0.2623,0.2807,0.2685,0.2546,0.2654,0.2807,0.2756,0.2889,0.2843,0.2715,0.2664,0.2736,0.2567,0.2976,0.2367,0.2388,0.3242,0.228,0.2997,0.2444,0.2424,0.2291,0.2194,0.2383,0.2321,0.2444,0.2746,0.2245,0.2485,0.6254,0.249,0.2633,0.2347,0.2188,0.2557,0.2731,0.2347,0.2541
4/15/2020,11.842,0.2646,0.2462,0.2443,0.2977,0.2792,0.3253,0.2412,0.252,0.2723,0.2389,0.3176,0.2677,0.2243,0.2185,0.2485,0.2404,0.222,0.2347,0.2439,0.2435,0.2277,0.2193,0.2393,0.2324,0.2377,0.2128,0.2689,0.2074,0.2324,0.2266,0.1936,0.2032,0.1997,0.2039,0.1974,0.2201,0.2128,0.2569,0.2432,0.5953,0.2662,0.2685,0.2158,0.2228,0.217,0.2151,0.2447,0.2385
4/14/2020,12.669,0.2783,0.2787,0.2572,0.2689,0.3726,0.2736,0.3441,0.3469,0.2638,0.2572,0.3128,0.2918,0.2227,0.246,0.2657,0.2722,0.2372,0.254,0.2516,0.275,0.2493,0.232,0.2792,0.2601,0.2446,0.2657,0.2895,0.2143,0.3123,0.2367,0.2264,0.2115,0.2101,0.2143,0.2381,0.2488,0.2601,0.2745,0.1963,0.3327,0.2535,0.2853,0.2759,0.2334,0.2661,0.289,0.2474,0.2516
4/13/2020,10.2183,0.2093,0.2042,0.2215,0.2354,0.2164,0.2323,0.2179,0.2106,0.2157,0.2137,0.2017,0.221,0.2068,0.2013,0.1937,0.1962,0.1993,0.2223,0.213,0.2115,0.1986,0.2035,0.2197,0.2237,0.1891,0.207,0.207,0.1984,0.2086,0.2037,0.1844,0.1959,0.192,0.1902,0.1955,0.2028,0.2037,0.2015,0.227,0.5045,0.2055,0.2172,0.1911,0.19,0.2101,0.1977,0.2059,0.2002
4/12/2020,12.3508,0.282,0.2641,0.2872,0.2633,0.2841,0.3268,0.2976,0.3398,0.3011,0.2554,0.2441,0.2332,0.2424,0.2363,0.2559,0.2293,0.2224,0.2445,0.2532,0.2271,0.2598,0.2589,0.2415,0.2785,0.2124,0.2254,0.2741,0.2232,0.2711,0.225,0.198,0.2002,0.2119,0.2293,0.2258,0.2271,0.2158,0.2228,0.2513,0.6411,0.2432,0.2837,0.2141,0.2341,0.2337,0.2572,0.2372,0.2646
4/11/2020,11.4597,0.2573,0.2179,0.221,0.2618,0.3317,0.2871,0.259,0.2449,0.2137,0.2397,0.258,0.2556,0.2065,0.2071,0.2317,0.2168,0.2445,0.2141,0.2317,0.2189,0.2431,0.2286,0.2199,0.257,0.2051,0.2196,0.2618,0.2085,0.276,0.2186,0.1933,0.1919,0.2165,0.2096,0.1957,0.2199,0.212,0.2061,0.2363,0.5568,0.2597,0.2507,0.2438,0.2096,0.2193,0.2269,0.2435,0.2109
4/10/2020,11.746,0.2573,0.2333,0.2551,0.288,0.2746,0.2648,0.2626,0.2461,0.2483,0.2895,0.2854,0.2611,0.2333,0.2251,0.2367,0.2401,0.2442,0.2251,0.2554,0.245,0.2094,0.2457,0.2588,0.2603,0.2011,0.2315,0.2483,0.215,0.2787,0.2356,0.2004,0.1944,0.2056,0.2086,0.1974,0.2311,0.233,0.2199,0.2292,0.517,0.2116,0.2588,0.2423,0.254,0.2348,0.2255,0.2105,0.2165
4/9/2020,13.9425,0.2944,0.3182,0.2386,0.3449,0.3467,0.336,0.276,0.3348,0.2439,0.2724,0.3414,0.2891,0.2457,0.2671,0.3045,0.3022,0.2873,0.2915,0.3117,0.2653,0.2677,0.2683,0.2831,0.2386,0.2689,0.2885,0.2522,0.2303,0.2986,0.2635,0.26,0.2404,0.2552,0.2124,0.2154,0.2505,0.254,0.2701,0.282,0.8131,0.3289,0.3218,0.2362,0.2724,0.3099,0.2825,0.2867,0.2796
4/8/2020,13.5604,0.2929,0.2512,0.3135,0.3162,0.2979,0.2968,0.3257,0.2701,0.3402,0.3079,0.324,0.2695,0.2757,0.2306,0.2662,0.2395,0.2556,0.2701,0.2445,0.2579,0.2662,0.2601,0.3162,0.3085,0.2234,0.279,0.2306,0.2434,0.2456,0.2834,0.2128,0.2267,0.2289,0.2512,0.2484,0.2634,0.3035,0.2462,0.297,0.8971,0.2807,0.2189,0.2879,0.2356,0.3012,0.2556,0.2556,0.2473
4/7/2020,16.2663,0.3651,0.3394,0.2981,0.3857,0.5064,0.3601,0.4593,0.3634,0.3279,0.3155,0.2824,0.3171,0.2601,0.3444,0.2758,0.308,0.3568,0.2931,0.2915,0.3022,0.332,0.346,0.3064,0.3022,0.337,0.3113,0.332,0.2733,0.4089,0.3179,0.227,0.2634,0.2311,0.2336,0.2783,0.2807,0.3675,0.27,0.3595,1.2469,0.2626,0.408,0.3312,0.2807,0.294,0.3163,0.3031,0.2931
4/6/2020,11.3956,0.241,0.2359,0.2115,0.3001,0.3219,0.2488,0.2784,0.2696,0.2234,0.2522,0.2407,0.2468,0.2203,0.2264,0.2271,0.2383,0.219,0.2342,0.2227,0.2461,0.2237,0.2251,0.2451,0.2451,0.2298,0.2359,0.2366,0.2084,0.2186,0.2336,0.222,0.1925,0.1966,0.1996,0.221,0.222,0.2522,0.2027,0.2197,0.4638,0.2244,0.221,0.2292,0.2224,0.2162,0.2529,0.2298,0.2013
4/5/2020,10.3454,0.2178,0.2171,0.2162,0.2499,0.2288,0.2122,0.2387,0.2112,0.1941,0.2211,0.2159,0.2021,0.2018,0.1972,0.218,0.2129,0.2201,0.2138,0.2108,0.2072,0.196,0.2166,0.2171,0.2152,0.2115,0.2138,0.1955,0.1908,0.2312,0.207,0.1875,0.1864,0.1918,0.1871,0.2,0.1993,0.2042,0.2044,0.2317,0.5313,0.2276,0.1997,0.1915,0.2157,0.2014,0.196,0.1941,0.1941
4/4/2020,12.6057,0.2546,0.2929,0.2763,0.2869,0.3624,0.262,0.3196,0.3527,0.2431,0.2726,0.3154,0.2689,0.2275,0.2597,0.2519,0.233,0.2551,0.2565,0.2781,0.2348,0.2445,0.2136,0.2777,0.2233,0.2362,0.2661,0.3127,0.2187,0.2906,0.2293,0.2367,0.239,0.2298,0.2072,0.2192,0.2477,0.2671,0.2229,0.2259,0.4985,0.2841,0.2615,0.2358,0.2638,0.2818,0.2196,0.2325,0.2159
4/3/2020,15.152,0.3641,0.314,0.2503,0.452,0.3405,0.4334,0.2961,0.3448,0.4177,0.3061,0.3848,0.2682,0.3061,0.304,0.3283,0.2861,0.2997,0.3212,0.3269,0.3226,0.2875,0.3147,0.3426,0.3247,0.2747,0.3033,0.3254,0.2468,0.344,0.2611,0.2718,0.2747,0.2739,0.2718,0.2532,0.2747,0.3147,0.3383,0.2509,0.6388,0.3026,0.2739,0.2804,0.3104,0.2947,0.3183,0.2604,0.2568
4/2/2020,13.8152,0.2963,0.3062,0.2969,0.3842,0.344,0.3341,0.3196,0.3993,0.2475,0.3062,0.3446,0.301,0.2847,0.2731,0.2644,0.2411,0.2917,0.2824,0.2993,0.2475,0.2702,0.2975,0.2777,0.3109,0.2271,0.2446,0.2772,0.2295,0.3609,0.2585,0.2219,0.2411,0.2178,0.233,0.2388,0.2667,0.2405,0.283,0.2383,0.5678,0.2911,0.2719,0.3086,0.2562,0.2865,0.2993,0.2789,0.2556
4/1/2020,14.1336,0.29,0.3071,0.2838,0.3844,0.3813,0.3059,0.4194,0.3862,0.309,0.3421,0.2697,0.2893,0.263,0.2556,0.2924,0.2636,0.2673,0.2814,0.2581,0.2654,0.266,0.3084,0.309,0.247,0.2844,0.2636,0.2703,0.239,0.2525,0.2562,0.217,0.2403,0.2611,0.2372,0.2495,0.2691,0.2936,0.2679,0.2772,0.786,0.2906,0.2439,0.2317,0.2838,0.3059,0.2857,0.2967,0.285
3/31/2020,17.0621,0.3225,0.3588,0.3923,0.4947,0.4965,0.4304,0.4422,0.3778,0.386,0.4422,0.4639,0.4159,0.279,0.3198,0.3787,0.3597,0.3651,0.3524,0.3533,0.3407,0.3398,0.3379,0.2727,0.2736,0.2872,0.3624,0.3089,0.2654,0.4132,0.3552,0.3035,0.2555,0.2972,0.25,0.2482,0.3171,0.2727,0.2736,0.2846,0.8272,0.3751,0.3851,0.2935,0.318,0.3606,0.3896,0.357,0.2654
3/30/2020,16.2025,0.3627,0.3799,0.2831,0.4816,0.5489,0.352,0.3438,0.343,0.4045,0.2963,0.3873,0.3857,0.2618,0.311,0.3283,0.2963,0.3561,0.3545,0.3225,0.3578,0.3356,0.2922,0.3332,0.2471,0.2561,0.3217,0.4382,0.2799,0.3307,0.2872,0.2405,0.2315,0.2659,0.2594,0.2881,0.3037,0.302,0.3135,0.2826,0.8161,0.2782,0.352,0.2741,0.3635,0.3168,0.3438,0.3373,0.3545
3/29/2020,12.2556,0.2365,0.2726,0.2845,0.265,0.2965,0.3424,0.2731,0.3262,0.2309,0.2586,0.3062,0.2739,0.2148,0.2279,0.236,0.2548,0.2241,0.2382,0.2348,0.2641,0.2228,0.2118,0.2777,0.2582,0.2216,0.2492,0.2441,0.2131,0.3062,0.2475,0.2088,0.2084,0.2271,0.2058,0.2109,0.236,0.2203,0.2645,0.2308,0.526,0.2437,0.2582,0.2484,0.2343,0.2509,0.2782,0.2684,0.2216
3/28/2020,13.9106,0.2961,0.2547,0.2642,0.3629,0.4575,0.3263,0.3062,0.3682,0.3097,0.3032,0.3493,0.2967,0.2346,0.2606,0.2707,0.2417,0.305,0.2831,0.2565,0.2867,0.2571,0.2299,0.253,0.3032,0.2559,0.2849,0.344,0.2482,0.2937,0.2701,0.2063,0.221,0.2293,0.2406,0.25,0.2494,0.2955,0.2441,0.2677,0.7329,0.292,0.2624,0.2737,0.3002,0.2589,0.2973,0.2583,0.2571
3/27/2020,15.1524,0.3362,0.3276,0.2918,0.3433,0.3834,0.412,0.299,0.3176,0.2618,0.2976,0.3154,0.3326,0.3111,0.2461,0.3305,0.3119,0.2554,0.3347,0.3154,0.2668,0.2561,0.3312,0.3355,0.2911,0.3083,0.2754,0.3462,0.2518,0.3777,0.2832,0.2267,0.2296,0.2482,0.2339,0.2582,0.2604,0.3376,0.2489,0.323,1.0424,0.3133,0.2639,0.3183,0.2489,0.3111,0.3283,0.314,0.299
3/26/2020,14.9614,0.3142,0.2662,0.3108,0.3964,0.4437,0.3372,0.3323,0.3525,0.3484,0.4027,0.292,0.2954,0.2579,0.2467,0.2906,0.2565,0.3275,0.3205,0.324,0.2948,0.2732,0.2495,0.3616,0.3247,0.2892,0.2398,0.3762,0.2405,0.3504,0.3087,0.2746,0.2474,0.276,0.246,0.2495,0.2808,0.2599,0.2822,0.2564,0.6693,0.3198,0.2934,0.34,0.2641,0.3407,0.3581,0.2934,0.2857
3/25/2020,13.624,0.3196,0.2859,0.2673,0.3607,0.4141,0.3708,0.3984,0.3922,0.3022,0.2865,0.3691,0.3067,0.2741,0.269,0.2381,0.2747,0.2482,0.2808,0.2994,0.2915,0.2538,0.2763,0.2409,0.2465,0.2201,0.2837,0.2752,0.2432,0.2538,0.2775,0.2499,0.2195,0.255,0.2195,0.2381,0.2544,0.278,0.2398,0.2232,0.4836,0.305,0.2218,0.2741,0.2274,0.2702,0.3073,0.2763,0.2606
3/24/2020,11.9691,0.2381,0.2214,0.2107,0.3076,0.3476,0.3191,0.273,0.3342,0.3048,0.256,0.273,0.2298,0.2318,0.2135,0.2199,0.2595,0.2187,0.2572,0.2298,0.252,0.2445,0.2123,0.2623,0.2397,0.2103,0.2361,0.2754,0.2103,0.2337,0.2488,0.2032,0.2044,0.2163,0.2151,0.2222,0.2369,0.2611,0.2302,0.2297,0.5196,0.2226,0.2333,0.2322,0.2218,0.2576,0.2445,0.2195,0.2278
3/23/2020,13.2425,0.3014,0.2925,0.2773,0.2993,0.4094,0.2851,0.3811,0.2741,0.2977,0.2553,0.238,0.2809,0.2469,0.2401,0.249,0.2694,0.2532,0.2956,0.2406,0.2416,0.2657,0.2574,0.2374,0.2663,0.2689,0.2448,0.3402,0.2233,0.2699,0.238,0.2275,0.228,0.206,0.2317,0.2112,0.2411,0.2867,0.2437,0.2646,0.7151,0.2799,0.2899,0.271,0.2883,0.271,0.2453,0.2736,0.2275
3/22/2020,13.8151,0.2818,0.2748,0.2469,0.2952,0.3091,0.2742,0.2806,0.3318,0.344,0.2766,0.3597,0.3027,0.2818,0.237,0.2411,0.2801,0.2882,0.2975,0.2737,0.2708,0.2655,0.244,0.3301,0.2847,0.2824,0.2568,0.2806,0.2301,0.3109,0.2789,0.2324,0.2545,0.2423,0.2487,0.2364,0.2411,0.294,0.2609,0.279,0.7958,0.2737,0.2789,0.2737,0.2917,0.2649,0.3004,0.2987,0.2364
3/21/2020,13.3377,0.2804,0.2852,0.2435,0.3636,0.3962,0.2692,0.2601,0.3129,0.314,0.2718,0.3551,0.2942,0.2505,0.2793,0.2627,0.2339,0.2435,0.2542,0.2804,0.2435,0.2563,0.2248,0.274,0.2921,0.2409,0.2665,0.2862,0.2409,0.3151,0.2377,0.2371,0.2281,0.2457,0.211,0.2099,0.2611,0.2467,0.2718,0.254,0.6558,0.2777,0.3033,0.2569,0.2654,0.2499,0.2937,0.2563,0.2846
3/20/2020,14.9932,0.3478,0.31,0.2848,0.345,0.5212,0.4331,0.3723,0.3065,0.3037,0.3828,0.366,0.2988,0.2492,0.2583,0.3044,0.3016,0.2786,0.2723,0.3184,0.3198,0.2995,0.2555,0.2821,0.2653,0.2597,0.2758,0.3051,0.2667,0.3387,0.3002,0.2688,0.2191,0.2401,0.2345,0.2478,0.2828,0.3142,0.2632,0.2908,0.8621,0.3429,0.3317,0.3009,0.2897,0.3212,0.2471,0.2506,0.2625
3/19/2020,15.8525,0.3645,0.3104,0.2633,0.3967,0.4266,0.4062,0.3355,0.3174,0.3606,0.3787,0.37,0.3206,0.3151,0.2837,0.3261,0.3543,0.3536,0.2617,0.3009,0.3002,0.3386,0.3433,0.2907,0.264,0.3143,0.2923,0.2617,0.2585,0.3583,0.2962,0.2915,0.29,0.2389,0.2523,0.2483,0.3057,0.3324,0.2507,0.3418,1.1482,0.3669,0.341,0.3433,0.2444,0.2703,0.2578,0.268,0.297
3/18/2020,17.2212,0.3419,0.3105,0.3041,0.435,0.5337,0.3575,0.3705,0.4101,0.4525,0.447,0.4645,0.3603,0.3363,0.3041,0.3797,0.2829,0.3004,0.3373,0.3686,0.3031,0.3124,0.3207,0.3695,0.3216,0.3142,0.3548,0.3299,0.2939,0.3446,0.305,0.2653,0.2736,0.2681,0.2552,0.3013,0.3317,0.3861,0.3732,0.3111,0.9757,0.3391,0.4359,0.328,0.3741,0.2995,0.4212,0.3566,0.2589
3/17/2020,18.8766,0.4538,0.431,0.4408,0.6028,0.6909,0.3994,0.4277,0.531,0.5582,0.469,0.344,0.3146,0.3429,0.3918,0.3146,0.3614,0.3124,0.3363,0.4136,0.3657,0.382,0.3635,0.3211,0.2896,0.3233,0.357,0.4647,0.2841,0.469,0.344,0.3418,0.2569,0.3309,0.2852,0.2689,0.3363,0.3179,0.3309,0.3602,1.2511,0.3211,0.332,0.4136,0.332,0.4016,0.3168,0.2994,0.2798
3/16/2020,17.8257,0.4064,0.375,0.2748,0.5361,0.5125,0.4369,0.4909,0.3681,0.3986,0.4054,0.3445,0.3917,0.2895,0.32,0.3455,0.3278,0.3907,0.3445,0.3396,0.4064,0.32,0.3396,0.428,0.262,0.3229,0.3386,0.4162,0.2816,0.5008,0.3661,0.2472,0.2777,0.2482,0.2394,0.2639,0.3376,0.3219,0.3288,0.3554,1.2239,0.3386,0.4172,0.263,0.3317,0.3583,0.3396,0.3376,0.315
3/15/2020,15.2796,0.3232,0.2904,0.2679,0.4091,0.4091,0.4666,0.4193,0.4222,0.3749,0.3698,0.3443,0.3042,0.3108,0.246,0.3348,0.3181,0.3377,0.3275,0.2853,0.281,0.3232,0.2868,0.3574,0.3254,0.2882,0.2962,0.2773,0.254,0.2613,0.3144,0.2598,0.2766,0.2424,0.2817,0.262,0.2598,0.2911,0.281,0.29,0.8579,0.2533,0.2591,0.2577,0.2926,0.2642,0.2577,0.2992,0.2671
3/14/2020,15.5658,0.2703,0.3104,0.2605,0.4201,0.492,0.3271,0.492,0.4413,0.3021,0.2968,0.2968,0.2514,0.2552,0.2506,0.2726,0.343,0.2983,0.2756,0.324,0.296,0.2907,0.3044,0.349,0.2423,0.287,0.3233,0.2945,0.2665,0.3989,0.2764,0.2264,0.2242,0.2802,0.2295,0.2733,0.2718,0.2764,0.2832,0.3438,1.1592,0.3172,0.2976,0.2945,0.3142,0.3467,0.2817,0.3483,0.2885
3/13/2020,17.1258,0.2935,0.4058,0.3902,0.3784,0.6093,0.4633,0.4012,0.4213,0.4833,0.2899,0.3756,0.2807,0.288,0.2853,0.2835,0.3474,0.3282,0.3574,0.3446,0.3693,0.3501,0.3309,0.2908,0.3099,0.3209,0.3081,0.4669,0.2597,0.3081,0.3218,0.2798,0.268,0.2461,0.2917,0.2734,0.2999,0.3948,0.3072,0.3132,0.9875,0.3693,0.4076,0.2798,0.372,0.3656,0.2899,0.3455,0.3711
3/12/2020,16.4256,0.3891,0.3689,0.2813,0.4068,0.427,0.3377,0.4944,0.3394,0.4034,0.3428,0.4245,0.3967,0.2779,0.3166,0.2855,0.2669,0.2897,0.3529,0.3023,0.2981,0.2669,0.3638,0.3428,0.3217,0.3259,0.3276,0.363,0.2534,0.331,0.304,0.2956,0.3048,0.2644,0.2973,0.2703,0.3065,0.2585,0.3284,0.3154,1.0003,0.3192,0.3748,0.2636,0.2872,0.3546,0.3722,0.3343,0.2762
3/11/2020,18.7811,0.3402,0.3704,0.2885,0.5472,0.5828,0.3931,0.365,0.3801,0.5483,0.392,0.5063,0.3165,0.3521,0.3133,0.3985,0.3402,0.3424,0.2982,0.4082,0.3618,0.4103,0.3284,0.3446,0.3284,0.364,0.3079,0.5052,0.3219,0.3758,0.3726,0.2982,0.2712,0.2443,0.2518,0.295,0.3036,0.3144,0.42,0.4174,1.5719,0.323,0.3704,0.3467,0.337,0.3101,0.4416,0.3726,0.3877
3/10/2020,21.3596,0.3697,0.3911,0.4486,0.5648,0.8467,0.5982,0.5995,0.5194,0.4486,0.4486,0.677,0.5167,0.4298,0.3617,0.3858,0.3457,0.3898,0.4125,0.4085,0.4619,0.331,0.4539,0.323,0.5247,0.4125,0.4005,0.4218,0.3216,0.4298,0.4298,0.3256,0.3617,0.3283,0.3323,0.2829,0.339,0.4285,0.3978,0.3229,1.0418,0.5153,0.4392,0.3564,0.4566,0.3804,0.506,0.4766,0.3951
3/9/2020,18.3673,0.3357,0.3554,0.3968,0.5306,0.6011,0.5575,0.4715,0.3979,0.4331,0.3916,0.4466,0.4248,0.345,0.3367,0.317,0.3719,0.3574,0.3916,0.3491,0.3989,0.2973,0.3284,0.3056,0.3574,0.2589,0.2849,0.4684,0.3014,0.3491,0.3035,0.2652,0.2911,0.2755,0.2558,0.2776,0.2994,0.4207,0.3958,0.369,1.3006,0.3626,0.3636,0.401,0.2776,0.3377,0.29,0.3999,0.3191
3/8/2020,14.5155,0.3361,0.3406,0.2566,0.3784,0.3993,0.439,0.4097,0.3393,0.2644,0.3869,0.3967,0.3015,0.2996,0.2729,0.2944,0.2651,0.2507,0.3074,0.2852,0.2768,0.31,0.2605,0.3491,0.2931,0.28,0.2911,0.2637,0.2579,0.267,0.2664,0.2644,0.2194,0.2247,0.2501,0.2462,0.2494,0.2631,0.2839,0.2511,0.6399,0.2605,0.2611,0.2585,0.3126,0.3217,0.2703,0.2918,0.3074
3/7/2020,16.1071,0.3758,0.2802,0.3053,0.3734,0.5436,0.3466,0.3629,0.4561,0.4034,0.3831,0.315,0.2883,0.2721,0.2939,0.2802,0.3029,0.3507,0.2964,0.3499,0.3012,0.3231,0.2802,0.3223,0.2477,0.2721,0.268,0.2899,0.2599,0.4423,0.281,0.2331,0.2267,0.234,0.2583,0.2915,0.3012,0.3596,0.2607,0.3388,1.1312,0.3677,0.3645,0.3061,0.2518,0.2996,0.3434,0.3361,0.3353
3/6/2020,17.699,0.4237,0.4091,0.3849,0.511,0.6603,0.3791,0.5071,0.5265,0.412,0.317,0.4373,0.3364,0.2937,0.349,0.3626,0.3083,0.3626,0.3238,0.3509,0.3238,0.3791,0.3946,0.3626,0.3539,0.3461,0.3577,0.4237,0.2889,0.3131,0.3587,0.2898,0.318,0.2578,0.2763,0.2656,0.2937,0.3044,0.3044,0.2933,0.8761,0.4208,0.2695,0.3345,0.3121,0.2966,0.2831,0.3839,0.3616
3/5/2020,16.6164,0.3847,0.3192,0.3218,0.3571,0.4829,0.3847,0.4312,0.4898,0.4519,0.3183,0.4613,0.3295,0.2795,0.345,0.3071,0.3614,0.2683,0.3269,0.2968,0.37,0.32,0.2658,0.3278,0.3967,0.2546,0.2795,0.3648,0.2709,0.3571,0.3433,0.2701,0.2468,0.2942,0.289,0.2589,0.32,0.3278,0.2614,0.2893,0.854,0.3192,0.3855,0.3209,0.3735,0.3528,0.4019,0.2856,0.2976
3/4/2020,19.354,0.4369,0.329,0.3392,0.53,0.6356,0.5062,0.5538,0.4562,0.4698,0.5345,0.4641,0.4619,0.3801,0.396,0.4006,0.438,0.3075,0.3461,0.3722,0.4278,0.3574,0.3937,0.3801,0.446,0.3779,0.3563,0.2916,0.2916,0.4346,0.3881,0.2802,0.2882,0.3438,0.3449,0.3154,0.3324,0.2927,0.3983,0.307,0.9528,0.3926,0.4221,0.3869,0.3926,0.3495,0.2972,0.3472,0.4074
3/3/2020,23.4284,0.5478,0.378,0.5123,0.6388,0.7668,0.6511,0.6264,0.5724,0.557,0.611,0.4058,0.4043,0.4259,0.3364,0.4629,0.3703,0.486,0.3888,0.4999,0.4783,0.3657,0.3271,0.574,0.483,0.3102,0.4752,0.6218,0.3271,0.6264,0.4799,0.3518,0.4166,0.395,0.2793,0.4104,0.3966,0.4629,0.5277,0.3459,1.1708,0.5323,0.5184,0.52,0.3858,0.4953,0.5647,0.4305,0.5138
3/2/2020,21.4233,0.3962,0.5022,0.4177,0.5882,0.7063,0.4418,0.7371,0.4835,0.3116,0.4096,0.462,0.3761,0.3506,0.3881,0.3519,0.372,0.4835,0.3425,0.4405,0.3747,0.4392,0.3908,0.3358,0.5103,0.3143,0.3063,0.5197,0.3385,0.5761,0.4083,0.3559,0.2834,0.2714,0.3425,0.3439,0.3626,0.4969,0.4284,0.4303,1.644,0.513,0.3519,0.3063,0.4204,0.4392,0.4835,0.4902,0.3841
3/1/2020,16.0435,0.346,0.3718,0.26,0.4884,0.4852,0.3637,0.3509,0.4088,0.2954,0.3074,0.4249,0.2568,0.2865,0.3299,0.3356,0.3243,0.2793,0.2897,0.2954,0.3565,0.2905,0.3452,0.3879,0.3669,0.2905,0.3131,0.3404,0.2592,0.2696,0.2954,0.2519,0.2366,0.2728,0.2648,0.2415,0.3066,0.2913,0.2962,0.3303,1.0833,0.305,0.3235,0.268,0.3332,0.309,0.2978,0.3195,0.297
2/29/2020,15.5978,0.3247,0.3475,0.2601,0.346,0.4926,0.4706,0.4447,0.349,0.3103,0.39,0.4166,0.3764,0.3224,0.2928,0.286,0.2624,0.3437,0.3315,0.3498,0.2776,0.3209,0.3201,0.3156,0.2791,0.2662,0.3125,0.3794,0.267,0.3308,0.2814,0.2252,0.2692,0.229,0.251,0.2358,0.2761,0.3391,0.2852,0.2751,0.774,0.2518,0.3627,0.2806,0.3224,0.2973,0.2981,0.2624,0.2951
2/28/2020,16.2981,0.3169,0.3625,0.3293,0.365,0.5285,0.4488,0.3052,0.3791,0.3965,0.3924,0.326,0.3998,0.3318,0.2671,0.3177,0.3102,0.2696,0.2953,0.3218,0.3135,0.3467,0.3509,0.3368,0.3185,0.2837,0.2903,0.3144,0.2737,0.3094,0.3359,0.2206,0.2604,0.2969,0.2737,0.2505,0.2754,0.2837,0.2546,0.3495,1.1912,0.3733,0.2455,0.3003,0.2729,0.3368,0.3484,0.365,0.2621
2/27/2020,21.0732,0.5066,0.4804,0.3327,0.453,0.4464,0.4386,0.6033,0.6098,0.483,0.5366,0.5837,0.4739,0.3301,0.4177,0.3405,0.4203,0.4164,0.3654,0.4647,0.4033,0.4007,0.4137,0.4216,0.3235,0.4242,0.3262,0.4177,0.3092,0.419,0.3628,0.3445,0.3392,0.2791,0.3497,0.3144,0.3497,0.3915,0.3536,0.4553,1.7841,0.5039,0.3667,0.3928,0.2922,0.4203,0.4582,0.3523,0.4007
2/26/2020,21.2959,0.4991,0.3435,0.4219,0.6812,0.5057,0.6972,0.5895,0.6626,0.644,0.3541,0.6759,0.531,0.3129,0.418,0.3767,0.4565,0.3688,0.4233,0.4246,0.394,0.414,0.4073,0.4313,0.4924,0.3129,0.4366,0.4791,0.3408,0.3714,0.386,0.297,0.3555,0.2611,0.3422,0.3089,0.3448,0.4352,0.3129,0.3457,1.1697,0.4791,0.4153,0.4472,0.3063,0.3834,0.4898,0.3355,0.414
2/25/2020,18.5584,0.3008,0.4412,0.344,0.514,0.6439,0.5362,0.5858,0.3683,0.3092,0.456,0.4243,0.3103,0.3293,0.3367,0.3166,0.3641,0.3916,0.3356,0.3388,0.3894,0.3831,0.3863,0.3989,0.325,0.363,0.3905,0.4729,0.2923,0.3071,0.306,0.2332,0.268,0.2691,0.3071,0.2627,0.305,0.287,0.2955,0.3875,1.4039,0.3863,0.3409,0.3504,0.3335,0.3008,0.4549,0.3652,0.3462
2/24/2020,18.3038,0.3995,0.4129,0.2821,0.5376,0.6314,0.45,0.4006,0.383,0.4181,0.3336,0.3573,0.3398,0.3305,0.2975,0.3779,0.3738,0.4026,0.3861,0.3944,0.3346,0.3181,0.2986,0.3398,0.3944,0.3624,0.2728,0.5077,0.2862,0.449,0.3274,0.2749,0.2944,0.281,0.3047,0.2821,0.3326,0.3109,0.3181,0.355,1.222,0.3212,0.4603,0.4181,0.4181,0.3027,0.3099,0.3717,0.3264
2/23/2020,18.7491,0.3279,0.3634,0.3118,0.4805,0.4644,0.559,0.4709,0.5687,0.5332,0.5139,0.5536,0.4461,0.3419,0.3913,0.372,0.3247,0.4171,0.2989,0.3666,0.3451,0.3827,0.2903,0.3709,0.3387,0.3376,0.2946,0.502,0.3182,0.3752,0.3548,0.3193,0.2484,0.2441,0.2537,0.3258,0.3118,0.3096,0.3849,0.3164,1.0058,0.301,0.3354,0.3795,0.401,0.3741,0.4461,0.4042,0.372
2/22/2020,21.8052,0.3834,0.4511,0.509,0.4897,0.5643,0.5284,0.6623,0.7437,0.5422,0.4966,0.4911,0.3351,0.4372,0.4303,0.382,0.4193,0.4773,0.4814,0.3737,0.4179,0.3668,0.4414,0.4069,0.4897,0.3434,0.3144,0.567,0.3227,0.6195,0.3724,0.3875,0.313,0.3793,0.324,0.353,0.3682,0.4511,0.3793,0.4042,1.4974,0.3296,0.324,0.4152,0.4552,0.4455,0.4372,0.3517,0.3296
2/21/2020,21.3594,0.5287,0.4579,0.3176,0.4592,0.7986,0.5461,0.3911,0.4152,0.3831,0.5073,0.5995,0.4325,0.4031,0.3978,0.4432,0.351,0.4392,0.3844,0.3657,0.4766,0.3604,0.3337,0.3417,0.3443,0.3898,0.3831,0.5287,0.355,0.4138,0.4045,0.3216,0.3791,0.2615,0.3724,0.2776,0.3644,0.3403,0.3256,0.4952,2.0077,0.3777,0.335,0.4686,0.3484,0.494,0.4713,0.4486,0.3176
2/20/2020,20.5634,0.428,0.4669,0.3149,0.5612,0.6654,0.4167,0.6994,0.4632,0.5197,0.5511,0.6265,0.5172,0.3225,0.3463,0.3853,0.4619,0.3715,0.4104,0.3802,0.4581,0.3853,0.472,0.3526,0.4707,0.2973,0.4292,0.5561,0.3149,0.4644,0.3715,0.2684,0.3262,0.3463,0.3174,0.3589,0.3689,0.3865,0.4066,0.2766,0.7829,0.4091,0.4142,0.3953,0.3539,0.4644,0.3187,0.4632,0.4255
2/19/2020,25.1477,0.5062,0.6142,0.5782,0.5491,0.7274,0.772,0.453,0.5696,0.3724,0.4376,0.5165,0.441,0.369,0.3999,0.5439,0.5782,0.4307,0.5799,0.5199,0.4582,0.4822,0.3896,0.6039,0.4959,0.3879,0.3913,0.3776,0.3553,0.7445,0.4599,0.4102,0.3913,0.3279,0.3982,0.3056,0.4547,0.5525,0.4016,0.591,2.5442,0.453,0.5096,0.4325,0.3982,0.4873,0.4685,0.4719,0.4445
2/18/2020,26.2298,0.4237,0.4693,0.4182,0.8266,1.0417,0.8886,0.5714,0.7938,0.657,0.5823,0.7281,0.6552,0.4419,0.4419,0.586,0.524,0.431,0.4346,0.493,0.4328,0.5641,0.5787,0.5495,0.6552,0.5203,0.4638,0.6735,0.3581,0.4966,0.4328,0.287,0.4529,0.369,0.4547,0.3344,0.4711,0.5149,0.4583,0.3177,1.0128,0.3708,0.5422,0.5987,0.555,0.5823,0.6352,0.5732,0.5659
2/17/2020,21.4231,0.3358,0.3801,0.4137,0.6929,0.5707,0.5653,0.4861,0.4861,0.3197,0.4902,0.4056,0.4016,0.4217,0.3841,0.3452,0.4794,0.4539,0.4016,0.4351,0.4244,0.3935,0.3814,0.4687,0.4969,0.4244,0.3412,0.4982,0.3532,0.4902,0.4137,0.27,0.3116,0.3559,0.3157,0.3774,0.3492,0.4593,0.4727,0.4411,1.7044,0.3506,0.4982,0.4915,0.3385,0.3532,0.3251,0.4002,0.4539
2/16/2020,15.5977,0.3414,0.2913,0.3125,0.3862,0.3452,0.3125,0.4083,0.3422,0.3186,0.3589,0.3027,0.3179,0.2601,0.2525,0.2936,0.3285,0.3224,0.3315,0.3027,0.2768,0.3217,0.3217,0.2654,0.3042,0.292,0.2654,0.3779,0.273,0.3855,0.3072,0.2639,0.2221,0.2449,0.2806,0.2662,0.2882,0.3331,0.3399,0.3018,0.9236,0.3566,0.3475,0.3133,0.2753,0.3331,0.327,0.3262,0.3346
2/15/2020,14.7066,0.3115,0.3303,0.2592,0.394,0.4718,0.335,0.3498,0.3223,0.4007,0.3316,0.3068,0.2653,0.2767,0.2686,0.3109,0.2934,0.3202,0.2894,0.2988,0.2927,0.2585,0.2706,0.3337,0.2612,0.2746,0.2599,0.2451,0.2451,0.3169,0.3001,0.2371,0.2498,0.272,0.2512,0.2693,0.2559,0.3182,0.2378,0.2926,0.8723,0.2881,0.2579,0.2599,0.3176,0.2552,0.3263,0.2626,0.2881
2/14/2020,13.0513,0.2813,0.2541,0.2717,0.3116,0.3369,0.3233,0.303,0.2611,0.2672,0.2753,0.343,0.2884,0.245,0.2682,0.2288,0.251,0.2758,0.2854,0.2732,0.2384,0.2323,0.2631,0.3046,0.2541,0.2707,0.2743,0.2485,0.2293,0.2369,0.2409,0.2445,0.2293,0.2227,0.2111,0.2429,0.2445,0.2717,0.2844,0.2685,0.7372,0.2268,0.2207,0.246,0.2525,0.2823,0.2601,0.2293,0.2394
2/13/2020,21.1048,0.3803,0.3737,0.493,0.6266,0.6502,0.7158,0.4995,0.5415,0.6332,0.3842,0.5388,0.3213,0.3554,0.341,0.4576,0.4104,0.4668,0.3567,0.417,0.4799,0.3541,0.4497,0.3973,0.4943,0.4183,0.4248,0.5349,0.3082,0.4628,0.3777,0.3003,0.3829,0.2676,0.2951,0.2754,0.337,0.3318,0.4641,0.3455,1.1686,0.4759,0.2899,0.4851,0.3632,0.4117,0.4524,0.4143,0.379
2/12/2020,20.7862,0.4326,0.3533,0.3239,0.5068,0.618,0.5298,0.4748,0.6321,0.5477,0.4083,0.4134,0.3278,0.4096,0.3214,0.3828,0.4492,0.3367,0.4377,0.3636,0.4275,0.4377,0.4697,0.3393,0.3112,0.3904,0.3994,0.5157,0.3035,0.4595,0.4147,0.3482,0.347,0.2677,0.3099,0.3048,0.3879,0.4134,0.4019,0.4517,1.7638,0.3265,0.2945,0.439,0.3482,0.3649,0.4774,0.4595,0.3418
2/11/2020,20.6909,0.4319,0.3685,0.4789,0.4548,0.6667,0.673,0.4649,0.4471,0.5131,0.4294,0.357,0.3723,0.4179,0.4268,0.4509,0.3481,0.3545,0.39,0.4205,0.3938,0.3266,0.4497,0.503,0.4916,0.2796,0.4446,0.5639,0.3075,0.4116,0.3367,0.3253,0.3672,0.2618,0.3126,0.2974,0.3913,0.371,0.4091,0.3848,1.389,0.3075,0.5042,0.3291,0.4497,0.371,0.4421,0.4027,0.4002
2/10/2020,14.9289,0.3489,0.3046,0.2658,0.3773,0.4452,0.3253,0.4577,0.335,0.2609,0.2789,0.3039,0.2484,0.2588,0.2644,0.2678,0.2526,0.2845,0.2956,0.3066,0.2997,0.2734,0.3163,0.3267,0.2602,0.2581,0.3191,0.3669,0.238,0.2741,0.272,0.2415,0.263,0.2207,0.2484,0.2373,0.2678,0.3364,0.2394,0.3522,1.2062,0.2762,0.254,0.2588,0.2921,0.3309,0.299,0.2789,0.2394
2/9/2020,16.712,0.3435,0.3679,0.3313,0.3653,0.401,0.4707,0.5326,0.4446,0.3095,0.2799,0.4359,0.4097,0.3461,0.3139,0.347,0.3496,0.3662,0.3601,0.3348,0.3566,0.3322,0.252,0.3122,0.3244,0.3453,0.3557,0.408,0.2581,0.3714,0.3052,0.2669,0.2581,0.2703,0.2965,0.2564,0.2799,0.3313,0.3496,0.2869,0.8401,0.3575,0.3061,0.3026,0.3305,0.286,0.2878,0.3583,0.3165
2/8/2020,22.3143,0.5632,0.5345,0.5575,0.4887,0.7192,0.7521,0.7321,0.4458,0.556,0.6262,0.4644,0.5031,0.4043,0.4,0.4358,0.4057,0.3928,0.4386,0.4902,0.4945,0.41,0.4329,0.5675,0.5059,0.3155,0.3341,0.6018,0.3728,0.5002,0.4029,0.357,0.3427,0.2969,0.3141,0.2969,0.3971,0.5131,0.38,0.2878,0.8457,0.5317,0.3084,0.3842,0.4945,0.3556,0.4844,0.4315,0.4444
2/7/2020,20.1499,0.4838,0.3453,0.3526,0.5324,0.6174,0.4959,0.4923,0.666,0.4218,0.5397,0.4911,0.4279,0.3416,0.3234,0.3076,0.3173,0.3465,0.417,0.4267,0.4449,0.3854,0.4352,0.4656,0.389,0.4133,0.3441,0.327,0.3331,0.4813,0.3538,0.3137,0.2736,0.3198,0.2784,0.2736,0.3477,0.3841,0.327,0.3784,1.3533,0.3732,0.3319,0.4498,0.4364,0.434,0.3817,0.4388,0.3355
2/6/2020,22.1558,0.3634,0.4073,0.4484,0.5956,0.4682,0.6126,0.7216,0.7598,0.5248,0.4399,0.379,0.505,0.3479,0.3747,0.4937,0.4356,0.4413,0.4413,0.4979,0.3663,0.4031,0.3917,0.5305,0.5064,0.2912,0.3521,0.4469,0.3139,0.4993,0.3691,0.2941,0.3323,0.3464,0.3011,0.3847,0.3875,0.3493,0.3394,0.4119,1.5408,0.5432,0.58,0.3988,0.4611,0.4045,0.5135,0.413,0.4257
2/5/2020,24.5424,0.3718,0.5935,0.5951,0.6315,0.6911,0.5819,0.4677,0.5935,0.6084,0.6993,0.7572,0.5521,0.4098,0.3701,0.4793,0.3602,0.5554,0.519,0.4975,0.4975,0.4876,0.567,0.615,0.5041,0.3288,0.4214,0.4892,0.3553,0.5025,0.4859,0.2957,0.3966,0.342,0.4247,0.3867,0.4313,0.4595,0.3983,0.4528,1.7697,0.5058,0.3768,0.5736,0.5604,0.4462,0.4198,0.3701,0.3437
2/4/2020,18.0173,0.4021,0.4061,0.3329,0.39,0.6545,0.365,0.4401,0.384,0.344,0.4131,0.5012,0.371,0.2809,0.354,0.359,0.4031,0.2959,0.362,0.374,0.36,0.2869,0.365,0.371,0.2979,0.2879,0.2959,0.4612,0.2749,0.375,0.35,0.3069,0.3279,0.2538,0.3249,0.2829,0.3019,0.359,0.335,0.3765,1.3422,0.2839,0.376,0.2819,0.2769,0.3961,0.3991,0.3069,0.3269
2/3/2020,13.3699,0.2655,0.3031,0.28,0.3095,0.4373,0.3691,0.2628,0.2805,0.2628,0.2569,0.2988,0.3014,0.2311,0.2805,0.2316,0.2354,0.2934,0.2579,0.2977,0.2703,0.2832,0.2939,0.2413,0.2413,0.2198,0.2784,0.2918,0.2392,0.2354,0.273,0.2021,0.2209,0.2456,0.2225,0.2107,0.2424,0.2445,0.2445,0.2806,0.805,0.2741,0.2875,0.2392,0.2961,0.2553,0.28,0.2397,0.2563
2/2/2020,14.2927,0.3083,0.3359,0.29,0.3737,0.3894,0.2887,0.3844,0.3542,0.3353,0.3649,0.2812,0.3108,0.2762,0.2491,0.2585,0.2522,0.3127,0.2862,0.3101,0.2548,0.2862,0.234,0.2592,0.2692,0.2762,0.2667,0.268,0.2327,0.2755,0.2592,0.251,0.2252,0.2246,0.2604,0.2585,0.2629,0.246,0.2598,0.2981,0.903,0.2894,0.229,0.2982,0.2692,0.2825,0.3385,0.2774,0.2755
2/1/2020,15.7252,0.3358,0.2841,0.271,0.4656,0.4788,0.4649,0.3691,0.4687,0.3158,0.3513,0.3304,0.3034,0.2949,0.2655,0.2964,0.3212,0.2694,0.315,0.274,0.2887,0.2679,0.2872,0.2717,0.2424,0.2833,0.3312,0.2887,0.2486,0.3606,0.2818,0.2872,0.2262,0.2555,0.2686,0.2586,0.2934,0.2717,0.3204,0.3115,0.9782,0.3729,0.3026,0.2447,0.3413,0.3528,0.3652,0.3312,0.3158
1/31/2020,14.5473,0.3094,0.3382,0.2878,0.3559,0.46,0.331,0.2754,0.312,0.3906,0.3068,0.4102,0.3068,0.2387,0.2655,0.2498,0.2655,0.2878,0.3146,0.3127,0.2609,0.3022,0.2393,0.3487,0.3199,0.2878,0.2871,0.3271,0.257,0.2668,0.2596,0.2145,0.2171,0.238,0.219,0.223,0.274,0.2963,0.2695,0.2974,0.8989,0.2891,0.2852,0.3114,0.295,0.259,0.2485,0.2596,0.2767
1/30/2020,19.2585,0.4076,0.3772,0.4031,0.5911,0.5889,0.4988,0.4312,0.5506,0.3975,0.3389,0.3491,0.3265,0.3265,0.34,0.4099,0.3333,0.3592,0.3513,0.411,0.3524,0.3243,0.4414,0.3412,0.3333,0.2849,0.34,0.3333,0.2905,0.3479,0.3873,0.2826,0.2534,0.2995,0.2928,0.3355,0.3457,0.3198,0.4357,0.4492,1.7497,0.3727,0.3367,0.3592,0.4211,0.4076,0.4053,0.3074,0.3164
1/29/2020,22.6966,0.3621,0.3798,0.4371,0.7001,0.5017,0.4665,0.5488,0.7251,0.4826,0.6634,0.7237,0.4092,0.3783,0.4386,0.465,0.4856,0.515,0.4121,0.515,0.465,0.49,0.4033,0.4209,0.5047,0.4606,0.4224,0.6046,0.3533,0.4665,0.3607,0.3989,0.4003,0.2931,0.3577,0.4003,0.4092,0.3563,0.321,0.3886,1.41,0.3739,0.512,0.4092,0.5267,0.3533,0.3665,0.3709,0.487
1/28/2020,22.5051,0.4075,0.4162,0.567,0.5511,0.6076,0.4539,0.4249,0.4843,0.3204,0.3494,0.7324,0.3726,0.3944,0.3959,0.4959,0.4669,0.4176,0.3755,0.4568,0.4075,0.4263,0.3523,0.3857,0.348,0.3799,0.3886,0.5844,0.3726,0.4698,0.4031,0.3248,0.3146,0.3262,0.3509,0.3451,0.4104,0.4785,0.3813,0.5792,2.4782,0.5075,0.4655,0.3465,0.3813,0.4365,0.3944,0.4495,0.3262
1/27/2020,25.4024,0.5217,0.4869,0.5356,0.6748,0.8767,0.5443,0.64,0.7201,0.4207,0.4312,0.7166,0.5704,0.3685,0.4486,0.4468,0.4747,0.4277,0.5112,0.5878,0.4956,0.4608,0.3772,0.5321,0.5547,0.4068,0.3476,0.4207,0.3772,0.687,0.4677,0.379,0.3738,0.4016,0.3581,0.3355,0.3964,0.4173,0.5112,0.5259,2.1794,0.5269,0.6035,0.4695,0.5252,0.5443,0.4816,0.3929,0.4486
1/26/2020,22.8551,0.5247,0.3999,0.4578,0.5499,0.6064,0.7817,0.5811,0.4697,0.5811,0.4771,0.541,0.5529,0.385,0.4846,0.3434,0.391,0.342,0.5083,0.4504,0.4177,0.4534,0.4667,0.4133,0.4608,0.4445,0.3746,0.4712,0.3182,0.4519,0.44,0.2617,0.333,0.2929,0.3954,0.3583,0.4311,0.4088,0.4801,0.4657,1.842,0.5024,0.3063,0.385,0.3776,0.5158,0.4861,0.4682,0.4044
1/25/2020,21.8051,0.342,0.5146,0.3613,0.4883,0.5049,0.4607,0.6347,0.5325,0.5449,0.4276,0.4331,0.5353,0.3931,0.411,0.4152,0.4869,0.44,0.3848,0.4731,0.48,0.3696,0.4262,0.5546,0.4552,0.3793,0.371,0.469,0.3061,0.5366,0.3958,0.3572,0.273,0.3309,0.371,0.3033,0.411,0.353,0.3448,0.4445,1.7235,0.3296,0.5408,0.3392,0.4676,0.4718,0.3268,0.4414,0.4483
1/24/2020,23.5242,0.4942,0.5004,0.5781,0.5594,0.6262,0.7783,0.4306,0.7302,0.5594,0.5672,0.5843,0.4244,0.4026,0.4166,0.3949,0.4911,0.4554,0.4694,0.4275,0.4275,0.5082,0.3902,0.4321,0.3747,0.3421,0.4834,0.5486,0.3374,0.5517,0.3964,0.2909,0.2815,0.3731,0.3002,0.3064,0.3778,0.4663,0.5206,0.5445,2.2836,0.3421,0.4197,0.3188,0.3669,0.4585,0.3514,0.3964,0.443
1/23/2020,25.7525,0.4862,0.5217,0.5608,0.891,0.8963,0.5519,0.5696,0.843,0.5341,0.5395,0.5856,0.401,0.4738,0.3886,0.4401,0.4454,0.4649,0.5306,0.5093,0.5785,0.4187,0.417,0.5182,0.5111,0.3424,0.4205,0.6194,0.3655,0.4116,0.504,0.4134,0.3797,0.3726,0.3069,0.4312,0.3921,0.3708,0.4028,0.5584,2.3615,0.5963,0.3371,0.5785,0.4294,0.5625,0.5395,0.5128,0.4667
1/22/2020,28.4259,0.567,0.6426,0.422,0.8101,0.6998,0.6058,1.047,0.9469,0.7774,0.4955,0.6467,0.614,0.5568,0.471,0.424,0.6589,0.4261,0.6508,0.4996,0.663,0.5446,0.4302,0.7345,0.471,0.3689,0.424,0.8407,0.3995,0.7713,0.4751,0.4853,0.4914,0.373,0.4853,0.4343,0.4914,0.6324,0.6426,0.4664,1.8462,0.6303,0.4894,0.4343,0.3852,0.5854,0.5078,0.567,0.3934
1/21/2020,3.374,0.0732,0.0672,0.0885,-0.011,-0.0609,0.0473,-0.0235,0.0219,0.0718,0.1024,0.0186,0.0705,0.1033,0.1084,0.1084,0.063,0.0987,0.0672,0.0977,0.0617,0.0644,0.0779,0.0376,0.0788,0.0871,0.0977,0.0913,0.1102,0.0931,0.0732,0.0973,0.1125,0.1241,0.0973,0.1135,0.0862,0.088,0.1065,0.0986,-0.2149,0.1047,0.0746,0.0954,0.0871,0.0848,0.0866,0.0612,0.0848
1/20/2020,3.3104,0.0846,0.0963,0.0527,0.0246,-0.073,0.0349,0.0325,0.0429,0.0302,0.048,0.0452,0.0401,0.0916,0.0926,0.094,0.1005,0.0644,0.0724,0.0565,0.0921,0.0733,0.0541,0.0874,0.0494,0.0804,0.1001,0.0129,0.1146,0.1048,0.0771,0.1315,0.131,0.1029,0.1071,0.102,0.0912,0.0841,0.0677,0.1047,-0.1807,0.0766,0.1024,0.1188,0.0799,0.0959,0.0447,0.0926,0.0808
1/19/2020,21.8687,0.3983,0.4732,0.4593,0.6132,0.5106,0.5883,0.5425,0.7284,0.3608,0.3983,0.6063,0.537,0.4163,0.3525,0.4482,0.34,0.4621,0.3802,0.4981,0.4108,0.3262,0.4981,0.4635,0.4718,0.3206,0.3483,0.5494,0.3608,0.6035,0.3858,0.254,0.3608,0.3095,0.3414,0.3012,0.3955,0.4884,0.4621,0.3612,1.2564,0.4205,0.4593,0.4052,0.3456,0.4108,0.5023,0.4773,0.4648
1/18/2020,20.2455,0.463,0.4655,0.4422,0.6626,0.4679,0.6565,0.6687,0.4826,0.512,0.5891,0.4128,0.3222,0.4055,0.3479,0.3969,0.4422,0.4128,0.4201,0.4263,0.3626,0.3418,0.3369,0.3699,0.4312,0.4018,0.4275,0.3222,0.305,0.3503,0.3981,0.2842,0.2646,0.3075,0.3161,0.294,0.3761,0.4716,0.2989,0.333,1.0987,0.4287,0.452,0.4006,0.3797,0.4238,0.4446,0.3308,0.2965
1/17/2020,17.2847,0.3607,0.3477,0.3709,0.4675,0.4136,0.4591,0.5269,0.4786,0.3412,0.487,0.4963,0.3914,0.3254,0.2929,0.3217,0.3162,0.3069,0.3579,0.3839,0.2994,0.3319,0.37,0.3951,0.3774,0.2948,0.3032,0.3394,0.2948,0.2864,0.3654,0.2437,0.3106,0.305,0.3041,0.3059,0.3078,0.3914,0.2651,0.2851,0.8301,0.3858,0.2725,0.2744,0.3784,0.3087,0.3189,0.3245,0.3691
1/16/2020,16.6801,0.4002,0.3568,0.3715,0.526,0.5981,0.3724,0.342,0.5009,0.3134,0.441,0.2847,0.4054,0.3212,0.2873,0.2812,0.3194,0.2995,0.3255,0.2925,0.3368,0.3489,0.3654,0.3108,0.2726,0.3142,0.2995,0.342,0.2604,0.4297,0.3472,0.2977,0.27,0.2335,0.2743,0.2734,0.2821,0.3472,0.3272,0.2796,0.7994,0.3394,0.3489,0.3394,0.329,0.2925,0.2873,0.3333,0.3594
1/15/2020,17.253,0.3601,0.3601,0.2712,0.3786,0.4979,0.5192,0.435,0.4961,0.3527,0.3702,0.323,0.2712,0.336,0.3027,0.3378,0.385,0.386,0.3795,0.3045,0.3702,0.2934,0.2981,0.3887,0.3628,0.3416,0.286,0.3684,0.2971,0.3545,0.3101,0.3129,0.261,0.2361,0.299,0.3055,0.2851,0.3952,0.361,0.3068,0.9518,0.3878,0.3924,0.3536,0.336,0.3869,0.336,0.3249,0.2833
1/14/2020,20.6913,0.4421,0.3507,0.3697,0.5994,0.4421,0.5994,0.6578,0.5004,0.4687,0.5246,0.4941,0.4916,0.3507,0.3748,0.3558,0.4522,0.3888,0.4725,0.437,0.3748,0.4294,0.371,0.4979,0.3456,0.4281,0.4256,0.5677,0.305,0.5969,0.3989,0.3583,0.2796,0.3685,0.3596,0.3621,0.3342,0.4598,0.3799,0.2741,0.7687,0.4586,0.489,0.4141,0.3634,0.3469,0.4471,0.3583,0.3558
1/13/2020,22.76,0.4264,0.484,0.4309,0.5844,0.8294,0.4752,0.518,0.5209,0.5888,0.5593,0.4471,0.5061,0.4102,0.4781,0.3895,0.3984,0.3881,0.5061,0.3881,0.425,0.4501,0.4028,0.4087,0.4796,0.4574,0.4264,0.6228,0.3276,0.4663,0.3969,0.301,0.363,0.3851,0.3054,0.394,0.3541,0.3453,0.4943,0.472,1.8776,0.3541,0.5061,0.4102,0.4279,0.4087,0.4191,0.3526,0.3969
1/12/2020,21.4868,0.4081,0.4674,0.3919,0.632,0.7817,0.5254,0.69,0.4593,0.6549,0.5767,0.6401,0.346,0.404,0.4593,0.3366,0.3474,0.3568,0.4431,0.4189,0.4337,0.4013,0.4903,0.4256,0.3204,0.3595,0.3784,0.3528,0.311,0.5659,0.4458,0.3299,0.3568,0.3339,0.346,0.3312,0.3487,0.4971,0.3838,0.3107,0.9735,0.3973,0.5605,0.4715,0.427,0.3353,0.5092,0.4445,0.3056
1/11/2020,20.6273,0.5,0.3876,0.3056,0.6768,0.7905,0.5998,0.4167,0.6692,0.4975,0.5392,0.5253,0.4861,0.4154,0.3624,0.4015,0.3333,0.4078,0.394,0.4483,0.4104,0.3611,0.3018,0.4773,0.4912,0.2778,0.3106,0.5215,0.3359,0.5733,0.3826,0.298,0.3586,0.3207,0.2803,0.3611,0.3649,0.3485,0.4078,0.2671,0.7292,0.5013,0.3182,0.3321,0.3523,0.4596,0.471,0.452,0.4041
1/10/2020,17.6352,0.4201,0.4268,0.2736,0.3998,0.502,0.4201,0.581,0.3671,0.3218,0.4037,0.2929,0.2833,0.2967,0.3478,0.3372,0.3334,0.3044,0.3969,0.3199,0.3651,0.2929,0.2871,0.3411,0.2861,0.2746,0.3642,0.4374,0.2765,0.3796,0.3141,0.317,0.2399,0.3141,0.2582,0.2717,0.3305,0.3228,0.3237,0.3712,1.3129,0.4075,0.3825,0.3247,0.3998,0.3131,0.3729,0.3912,0.3343
1/9/2020,17.3488,0.3649,0.3751,0.3705,0.4228,0.5079,0.3994,0.4032,0.5051,0.3069,0.2845,0.3013,0.2704,0.3349,0.3508,0.3153,0.3864,0.291,0.2779,0.3219,0.3275,0.3649,0.306,0.3452,0.3181,0.2517,0.2938,0.4434,0.263,0.3293,0.3228,0.2312,0.2592,0.291,0.2536,0.263,0.3153,0.2929,0.3219,0.4178,1.5739,0.3106,0.3359,0.3649,0.3293,0.4004,0.3434,0.3649,0.3237
1/8/2020,16.9031,0.3136,0.3412,0.4115,0.5112,0.4792,0.4818,0.5272,0.3964,0.4106,0.3332,0.367,0.3056,0.2815,0.2637,0.375,0.3073,0.3011,0.3456,0.3545,0.3269,0.2922,0.3234,0.2726,0.3483,0.2904,0.2628,0.3162,0.2664,0.3875,0.2922,0.2486,0.2869,0.2512,0.2477,0.2539,0.3234,0.2664,0.3714,0.3372,1.1223,0.334,0.4044,0.2904,0.3714,0.3421,0.3127,0.2931,0.3599
1/7/2020,18.7815,0.42,0.3295,0.3543,0.5041,0.4265,0.5958,0.5623,0.5095,0.3004,0.5171,0.4319,0.3974,0.364,0.3122,0.4179,0.3715,0.3381,0.3219,0.3413,0.3359,0.3144,0.4146,0.3327,0.3952,0.3446,0.309,0.3004,0.295,0.364,0.3683,0.2971,0.2454,0.2788,0.3241,0.3079,0.351,0.4308,0.2874,0.4052,1.5032,0.3467,0.2723,0.2853,0.4168,0.3974,0.3068,0.4006,0.3349
1/6/2020,19.8316,0.324,0.3938,0.4589,0.6174,0.4305,0.5713,0.4743,0.5417,0.5323,0.55,0.3607,0.466,0.3181,0.3619,0.3832,0.4459,0.3465,0.3228,0.4258,0.3382,0.3394,0.3134,0.3986,0.421,0.3926,0.3832,0.3548,0.2873,0.3844,0.343,0.3572,0.2578,0.3311,0.2933,0.3382,0.3193,0.4329,0.3974,0.3935,1.4377,0.3737,0.4092,0.2897,0.343,0.4613,0.4329,0.3702,0.3122
1/5/2020,18.8129,0.45,0.4251,0.3462,0.4413,0.5851,0.5613,0.5451,0.4781,0.2986,0.4716,0.3072,0.3883,0.3105,0.3213,0.3937,0.3429,0.3083,0.3678,0.3224,0.3981,0.3581,0.3635,0.304,0.3137,0.3786,0.3699,0.4424,0.3148,0.4251,0.3278,0.2694,0.317,0.2943,0.2683,0.2813,0.3472,0.4175,0.3386,0.3471,1.1778,0.411,0.4294,0.3548,0.3916,0.3116,0.3948,0.4045,0.3959
1/4/2020,17.9854,0.4193,0.4213,0.3234,0.5102,0.5171,0.584,0.4433,0.4972,0.4243,0.4483,0.2975,0.3264,0.2925,0.3784,0.3514,0.3804,0.3484,0.3214,0.3484,0.3574,0.3184,0.3524,0.4383,0.3963,0.3604,0.3594,0.4632,0.2965,0.4712,0.3514,0.3204,0.3025,0.2485,0.2955,0.2975,0.3354,0.2815,0.3204,0.2545,0.659,0.3634,0.3644,0.2825,0.4083,0.4063,0.3734,0.3344,0.3394
1/3/2020,19.195,0.4477,0.348,0.3939,0.5462,0.554,0.404,0.591,0.535,0.3771,0.3245,0.4029,0.432,0.3626,0.3962,0.4029,0.4096,0.3458,0.3469,0.357,0.3973,0.404,0.3704,0.404,0.4309,0.3357,0.32,0.385,0.3256,0.3659,0.3693,0.3044,0.254,0.2697,0.3379,0.3055,0.3223,0.2965,0.3648,0.3766,1.3427,0.4566,0.4644,0.3223,0.2865,0.3603,0.3379,0.3525,0.3547
1/2/2020,19.0998,0.4364,0.4464,0.4042,0.5973,0.6406,0.5485,0.5729,0.4863,0.3476,0.4841,0.5119,0.3098,0.3054,0.3065,0.4197,0.3931,0.3443,0.422,0.3887,0.4086,0.3298,0.3087,0.2999,0.3265,0.3409,0.4109,0.3487,0.3032,0.3687,0.4009,0.3232,0.3476,0.3221,0.3221,0.3409,0.3354,0.2921,0.422,0.3701,1.3063,0.291,0.2976,0.2754,0.3365,0.3443,0.3154,0.3443,0.301
1/1/2020,17.1257,0.2853,0.3245,0.3428,0.5034,0.4048,0.3729,0.4149,0.5198,0.4222,0.4368,0.3309,0.278,0.3464,0.278,0.3747,0.32,0.2771,0.33,0.3884,0.382,0.351,0.3756,0.3556,0.4067,0.3337,0.2871,0.3209,0.2771,0.4249,0.3419,0.2853,0.2369,0.2534,0.3045,0.3026,0.3255,0.2844,0.3629,0.3371,1.1215,0.2707,0.3985,0.2999,0.2853,0.3574,0.2917,0.2798,0.3209
